     1485	2023-12-31 05:26:43	13	4	1	0
     1485	2023-12-31 05:26:46	13	4	1	0
     2697	2023-12-31 05:50:38	13	0	1	0
     2697	2023-12-31 05:50:40	13	0	1	0
     2835	2023-12-31 05:55:05	13	4	1	0
     2835	2023-12-31 05:55:07	13	4	1	0
     2619	2023-12-31 05:56:40	13	0	1	0
     2619	2023-12-31 05:56:42	13	0	1	0
     2810	2023-12-31 05:58:10	13	0	1	0
     2810	2023-12-31 05:58:11	13	0	1	0
     2643	2023-12-31 06:08:18	13	4	1	0
     2643	2023-12-31 06:08:23	13	4	1	0
     2899	2023-12-31 06:09:46	13	5	1	0
     2899	2023-12-31 06:09:50	13	5	1	0
     1800	2023-12-31 06:10:05	13	5	1	0
     1800	2023-12-31 06:10:07	13	5	1	0
     2905	2023-12-31 11:54:03	13	4	1	0
     2905	2023-12-31 11:54:05	13	4	1	0
     2697	2023-12-31 15:00:22	13	1	1	0
     2697	2023-12-31 15:00:27	13	1	1	0
     2697	2023-12-31 15:00:39	13	5	1	0
     2697	2023-12-31 15:00:42	13	5	1	0
     2835	2023-12-31 15:00:49	13	5	1	0
     2835	2023-12-31 15:00:50	13	5	1	0
     1485	2023-12-31 15:01:03	13	5	1	0
     1485	2023-12-31 15:01:05	13	5	1	0
     2643	2023-12-31 15:01:20	13	5	1	0
     2643	2023-12-31 15:01:25	13	5	1	0
     2619	2023-12-31 15:05:41	13	1	1	0
     2619	2023-12-31 15:05:42	13	1	1	0
     2810	2023-12-31 19:23:51	13	5	1	0
     2810	2023-12-31 19:23:53	13	5	1	0
     2899	2023-12-31 21:57:53	13	0	1	0
     2899	2023-12-31 21:57:57	13	0	1	0
     1800	2023-12-31 22:01:23	13	0	1	0
     1800	2023-12-31 22:01:25	13	0	1	0
     2905	2023-12-31 23:04:07	13	5	1	0
     2905	2023-12-31 23:04:10	13	5	1	0
     1800	2024-01-01 06:04:25	13	1	1	0
     1800	2024-01-01 06:04:27	13	1	1	0
     2899	2024-01-01 06:04:33	13	1	1	0
     2899	2024-01-01 06:04:37	13	1	1	0
     2324	2024-01-01 06:05:23	13	0	1	0
     2324	2024-01-01 06:05:25	13	0	1	0
     2905	2024-01-01 13:21:12	13	0	1	0
     2905	2024-01-01 13:21:14	13	0	1	0
     2324	2024-01-01 14:01:55	13	1	1	0
     2324	2024-01-01 14:01:57	13	1	1	0
     2905	2024-01-01 22:02:17	13	0	1	0
     2905	2024-01-01 22:02:19	13	0	1	0
     1485	2024-01-02 05:29:39	13	0	1	0
     1485	2024-01-02 05:29:44	13	0	1	0
     2324	2024-01-02 05:50:49	13	0	1	0
     2324	2024-01-02 05:50:51	13	0	1	0
     2810	2024-01-02 05:51:07	13	0	1	0
     2810	2024-01-02 05:51:09	13	0	1	0
     2835	2024-01-02 05:52:40	13	0	1	0
     2835	2024-01-02 05:52:42	13	0	1	0
     2643	2024-01-02 05:53:49	13	0	1	0
     2643	2024-01-02 05:53:54	13	0	1	0
     2697	2024-01-02 06:10:37	13	0	1	0
     2697	2024-01-02 06:10:39	13	0	1	0
      894	2024-01-02 07:37:07	13	0	1	0
     2937	2024-01-02 07:41:21	13	0	1	0
     2965	2024-01-02 07:46:24	13	0	1	0
      864	2024-01-02 07:48:28	13	0	1	0
      864	2024-01-02 07:48:30	13	0	1	0
     1055	2024-01-02 07:50:02	13	0	1	0
      266	2024-01-02 07:54:42	13	0	1	0
      267	2024-01-02 07:55:53	13	0	1	0
      267	2024-01-02 07:56:00	13	0	1	0
     1361	2024-01-02 07:57:39	13	0	1	0
     1361	2024-01-02 07:57:41	13	0	1	0
      553	2024-01-02 08:00:14	13	0	1	0
     1378	2024-01-02 08:04:28	13	0	1	0
     1378	2024-01-02 08:04:30	13	0	1	0
      266	2024-01-02 12:00:09	13	1	1	0
      267	2024-01-02 12:01:27	13	1	1	0
     1378	2024-01-02 12:02:49	13	1	1	0
      267	2024-01-02 12:03:09	13	1	1	0
      267	2024-01-02 12:03:11	13	1	1	0
     1055	2024-01-02 12:04:57	13	1	1	0
      267	2024-01-02 12:05:05	13	0	1	0
      267	2024-01-02 12:05:06	13	0	1	0
      864	2024-01-02 12:05:46	13	1	1	0
     2965	2024-01-02 12:07:59	13	1	1	0
      553	2024-01-02 12:08:13	13	1	1	0
      894	2024-01-02 12:08:26	13	1	1	0
     2937	2024-01-02 12:08:32	13	1	1	0
      553	2024-01-02 12:09:16	13	0	1	0
     1361	2024-01-02 12:24:13	13	1	1	0
     1361	2024-01-02 12:24:16	13	1	1	0
     1361	2024-01-02 12:27:29	13	0	1	0
     1361	2024-01-02 12:27:31	13	0	1	0
     2965	2024-01-02 12:32:08	13	0	1	0
     2937	2024-01-02 12:32:16	13	0	1	0
     1055	2024-01-02 12:32:51	13	0	1	0
     1378	2024-01-02 12:35:39	13	0	1	0
      864	2024-01-02 12:39:11	13	0	1	0
      266	2024-01-02 12:40:37	13	0	1	0
      894	2024-01-02 12:43:18	13	0	1	0
     2905	2024-01-02 13:12:38	13	0	1	0
     2905	2024-01-02 13:12:40	13	0	1	0
     2278	2024-01-02 13:53:54	13	0	1	0
     2278	2024-01-02 13:53:56	13	0	1	0
     1485	2024-01-02 14:02:10	13	1	1	0
     1485	2024-01-02 14:02:12	13	1	1	0
     2835	2024-01-02 14:03:15	13	1	1	0
     2835	2024-01-02 14:03:17	13	1	1	0
     2324	2024-01-02 14:03:29	13	1	1	0
     2324	2024-01-02 14:03:31	13	1	1	0
     2643	2024-01-02 14:05:06	13	1	1	0
     2643	2024-01-02 14:05:10	13	1	1	0
     2810	2024-01-02 14:13:06	13	1	1	0
     2810	2024-01-02 14:13:07	13	1	1	0
     2697	2024-01-02 14:14:53	13	1	1	0
     2697	2024-01-02 14:14:55	13	1	1	0
     2937	2024-01-02 17:02:34	13	1	1	0
     2965	2024-01-02 17:02:39	13	1	1	0
      864	2024-01-02 17:02:57	13	1	1	0
      864	2024-01-02 17:02:58	13	1	1	0
      267	2024-01-02 17:03:14	13	1	1	0
      267	2024-01-02 17:03:15	13	1	1	0
     1378	2024-01-02 17:03:33	13	1	1	0
     1378	2024-01-02 17:03:35	13	1	1	0
      266	2024-01-02 17:03:43	13	1	1	0
      553	2024-01-02 17:03:47	13	1	1	0
      553	2024-01-02 17:03:49	13	1	1	0
      267	2024-01-02 17:04:08	13	1	1	0
     1361	2024-01-02 17:04:15	13	1	1	0
     1361	2024-01-02 17:04:17	13	1	1	0
      894	2024-01-02 17:04:21	13	1	1	0
      894	2024-01-02 17:04:23	13	1	1	0
     1055	2024-01-02 17:04:41	13	1	1	0
     1800	2024-01-02 21:52:55	13	0	1	0
     1800	2024-01-02 21:52:57	13	0	1	0
     2899	2024-01-02 21:53:41	13	0	1	0
     2899	2024-01-02 21:53:45	13	0	1	0
     2278	2024-01-02 22:01:01	13	1	1	0
     2278	2024-01-02 22:01:03	13	1	1	0
     2905	2024-01-02 22:01:15	13	1	1	0
     2905	2024-01-02 22:01:17	13	1	1	0
     1485	2024-01-03 05:39:13	13	0	1	0
     1485	2024-01-03 05:39:15	13	0	1	0
     2697	2024-01-03 05:44:35	13	0	1	0
     2697	2024-01-03 05:44:37	13	0	1	0
     2810	2024-01-03 05:46:15	13	0	1	0
     2810	2024-01-03 05:46:17	13	0	1	0
     2324	2024-01-03 05:52:45	13	0	1	0
     2324	2024-01-03 05:52:47	13	0	1	0
     2643	2024-01-03 05:53:05	13	0	1	0
     2643	2024-01-03 05:53:11	13	0	1	0
     2619	2024-01-03 05:53:52	13	0	1	0
     2619	2024-01-03 05:53:53	13	0	1	0
     2835	2024-01-03 05:55:50	13	0	1	0
     2835	2024-01-03 05:55:52	13	0	1	0
     1800	2024-01-03 06:00:40	13	1	1	0
     1800	2024-01-03 06:00:42	13	1	1	0
     2899	2024-01-03 06:00:48	13	1	1	0
     2899	2024-01-03 06:00:55	13	1	1	0
     1055	2024-01-03 07:24:52	13	0	1	0
     2937	2024-01-03 07:26:47	13	0	1	0
     2965	2024-01-03 07:36:10	13	0	1	0
      352	2024-01-03 07:37:39	13	0	1	0
      894	2024-01-03 07:38:32	13	0	1	0
      953	2024-01-03 07:42:00	13	0	1	0
      953	2024-01-03 07:42:02	13	0	1	0
      953	2024-01-03 07:42:04	13	0	1	0
      266	2024-01-03 07:48:22	13	0	1	0
      267	2024-01-03 07:48:53	13	0	1	0
      267	2024-01-03 07:48:54	13	0	1	0
     1378	2024-01-03 07:51:08	13	0	1	0
     1378	2024-01-03 07:51:09	13	0	1	0
      864	2024-01-03 07:55:53	13	0	1	0
      864	2024-01-03 07:55:54	13	0	1	0
     1361	2024-01-03 07:57:52	13	0	1	0
     1361	2024-01-03 07:57:54	13	0	1	0
      553	2024-01-03 07:57:59	13	0	1	0
      553	2024-01-03 07:58:00	13	0	1	0
     1195	2024-01-03 08:04:28	13	0	1	0
     1195	2024-01-03 08:04:29	13	0	1	0
     2965	2024-01-03 12:03:33	13	1	1	0
       85	2024-01-03 12:05:56	13	1	1	0
     2905	2024-01-03 12:06:07	13	0	1	0
     2905	2024-01-03 12:06:08	13	0	1	0
     1055	2024-01-03 12:08:41	13	1	1	0
     1195	2024-01-03 12:09:02	13	1	1	0
     2937	2024-01-03 12:09:14	13	1	1	0
      864	2024-01-03 12:13:03	13	1	1	0
      352	2024-01-03 12:13:44	13	1	1	0
      894	2024-01-03 12:14:25	13	1	1	0
      953	2024-01-03 12:21:11	13	1	1	0
      953	2024-01-03 12:21:42	13	0	1	0
      894	2024-01-03 12:24:56	13	0	1	0
     1361	2024-01-03 12:32:05	13	1	1	0
     1361	2024-01-03 12:32:07	13	1	1	0
     2965	2024-01-03 12:34:15	13	0	1	0
     2937	2024-01-03 12:34:33	13	0	1	0
     1055	2024-01-03 12:35:36	13	0	1	0
     1361	2024-01-03 12:36:16	13	0	1	0
     1361	2024-01-03 12:36:18	13	0	1	0
      864	2024-01-03 12:37:18	13	0	1	0
     1195	2024-01-03 12:39:42	13	0	1	0
      352	2024-01-03 12:39:56	13	0	1	0
       85	2024-01-03 12:54:24	13	0	1	0
     2278	2024-01-03 13:56:04	13	0	1	0
     2278	2024-01-03 13:56:05	13	0	1	0
     2324	2024-01-03 14:01:05	13	1	1	0
     2324	2024-01-03 14:01:07	13	1	1	0
     2619	2024-01-03 14:05:34	13	1	1	0
     2619	2024-01-03 14:05:36	13	1	1	0
     2643	2024-01-03 14:10:14	13	1	1	0
     2643	2024-01-03 14:10:18	13	1	1	0
     2697	2024-01-03 14:13:03	13	1	1	0
     2697	2024-01-03 14:13:05	13	1	1	0
     1485	2024-01-03 14:14:16	13	1	1	0
     1485	2024-01-03 14:14:18	13	1	1	0
     2810	2024-01-03 14:23:52	13	1	1	0
     2810	2024-01-03 14:23:54	13	1	1	0
      864	2024-01-03 17:02:48	13	1	1	0
      864	2024-01-03 17:02:50	13	1	1	0
      267	2024-01-03 17:04:00	13	1	1	0
      267	2024-01-03 17:04:01	13	1	1	0
      553	2024-01-03 17:04:16	13	1	1	0
      553	2024-01-03 17:04:21	13	1	1	0
     1378	2024-01-03 17:05:13	13	1	1	0
     1378	2024-01-03 17:05:15	13	1	1	0
      953	2024-01-03 17:05:32	13	1	1	0
      953	2024-01-03 17:05:34	13	1	1	0
      953	2024-01-03 17:05:36	13	1	1	0
      352	2024-01-03 17:06:17	13	1	1	0
      266	2024-01-03 17:06:24	13	1	1	0
     2937	2024-01-03 17:06:31	13	1	1	0
     2835	2024-01-03 17:07:24	13	1	1	0
     2835	2024-01-03 17:07:26	13	1	1	0
     2835	2024-01-03 17:07:27	13	1	1	0
      894	2024-01-03 17:07:51	13	1	1	0
     2965	2024-01-03 17:08:42	13	1	1	0
     1195	2024-01-03 17:09:52	13	1	1	0
     1055	2024-01-03 17:10:05	13	1	1	0
     1361	2024-01-03 17:17:00	13	1	1	0
     1361	2024-01-03 17:17:05	13	1	1	0
     1800	2024-01-03 21:13:08	13	0	1	0
     1800	2024-01-03 21:13:10	13	0	1	0
     2905	2024-01-03 22:00:15	13	0	1	0
     2905	2024-01-03 22:00:17	13	0	1	0
     1485	2024-01-04 05:31:46	13	0	1	0
     1485	2024-01-04 05:31:48	13	0	1	0
     2643	2024-01-04 05:43:48	13	0	1	0
     2643	2024-01-04 05:43:53	13	0	1	0
     2697	2024-01-04 05:48:51	13	0	1	0
     2697	2024-01-04 05:48:53	13	0	1	0
     2324	2024-01-04 05:50:27	13	0	1	0
     2324	2024-01-04 05:50:29	13	0	1	0
     2619	2024-01-04 05:53:10	13	0	1	0
     2619	2024-01-04 05:53:12	13	0	1	0
     2619	2024-01-04 05:53:13	13	0	1	0
     2619	2024-01-04 05:53:14	13	0	1	0
     2619	2024-01-04 05:53:16	13	0	1	0
     2810	2024-01-04 05:53:20	13	0	1	0
     2810	2024-01-04 05:53:24	13	0	1	0
     1800	2024-01-04 06:00:15	13	1	1	0
     1800	2024-01-04 06:00:16	13	1	1	0
      894	2024-01-04 06:39:36	13	0	1	0
     2937	2024-01-04 07:31:43	13	0	1	0
     1055	2024-01-04 07:42:02	13	0	1	0
     1378	2024-01-04 07:42:31	13	0	1	0
     1378	2024-01-04 07:42:32	13	0	1	0
     2965	2024-01-04 07:44:05	13	0	1	0
      953	2024-01-04 07:44:45	13	0	1	0
      953	2024-01-04 07:44:47	13	0	1	0
      953	2024-01-04 07:44:50	13	0	1	0
      266	2024-01-04 07:52:50	13	0	1	0
      267	2024-01-04 07:52:58	13	0	1	0
      267	2024-01-04 07:53:01	13	0	1	0
      352	2024-01-04 07:54:47	13	0	1	0
      864	2024-01-04 07:57:09	13	0	1	0
      864	2024-01-04 07:57:11	13	0	1	0
     1195	2024-01-04 07:59:15	13	0	1	0
     1195	2024-01-04 07:59:17	13	0	1	0
     1361	2024-01-04 08:04:08	13	0	1	0
     1361	2024-01-04 08:04:09	13	0	1	0
      553	2024-01-04 08:05:19	13	0	1	0
      553	2024-01-04 12:00:44	13	1	1	0
      953	2024-01-04 12:01:00	13	1	1	0
     1055	2024-01-04 12:01:25	13	1	1	0
     1378	2024-01-04 12:01:33	13	1	1	0
     2937	2024-01-04 12:03:21	13	1	1	0
     1195	2024-01-04 12:03:47	13	1	1	0
     2965	2024-01-04 12:04:17	13	1	1	0
      894	2024-01-04 12:06:36	13	1	1	0
      352	2024-01-04 12:07:01	13	1	1	0
      864	2024-01-04 12:07:54	13	1	1	0
       85	2024-01-04 12:13:12	13	1	1	0
     2905	2024-01-04 12:14:47	13	0	1	0
     2905	2024-01-04 12:14:52	13	0	1	0
     1361	2024-01-04 12:22:43	13	1	1	0
     1361	2024-01-04 12:22:44	13	1	1	0
      267	2024-01-04 12:24:06	13	1	1	0
      267	2024-01-04 12:24:07	13	1	1	0
      267	2024-01-04 12:27:08	13	0	1	0
      267	2024-01-04 12:27:09	13	0	1	0
     2937	2024-01-04 12:31:25	13	0	1	0
     2965	2024-01-04 12:32:08	13	0	1	0
      894	2024-01-04 12:34:50	13	0	1	0
     1195	2024-01-04 12:38:44	13	0	1	0
      864	2024-01-04 12:41:38	13	0	1	0
      352	2024-01-04 12:44:20	13	0	1	0
     1055	2024-01-04 12:45:01	13	0	1	0
      953	2024-01-04 12:45:52	13	0	1	0
     1378	2024-01-04 12:45:56	13	0	1	0
      553	2024-01-04 12:46:00	13	0	1	0
      553	2024-01-04 12:51:24	13	0	1	0
       85	2024-01-04 12:52:00	13	0	1	0
     2278	2024-01-04 13:54:25	13	0	1	0
     2278	2024-01-04 13:54:27	13	0	1	0
     2619	2024-01-04 14:01:33	13	1	1	0
     2619	2024-01-04 14:01:34	13	1	1	0
     2643	2024-01-04 14:02:13	13	1	1	0
     2643	2024-01-04 14:02:18	13	1	1	0
     1485	2024-01-04 14:02:30	13	1	1	0
     1485	2024-01-04 14:02:32	13	1	1	0
     2324	2024-01-04 14:02:40	13	1	1	0
     2324	2024-01-04 14:02:42	13	1	1	0
     2697	2024-01-04 14:05:02	13	1	1	0
     2697	2024-01-04 14:05:04	13	1	1	0
     2810	2024-01-04 14:06:45	13	1	1	0
     2810	2024-01-04 14:06:47	13	1	1	0
     2937	2024-01-04 17:01:11	13	1	1	0
      894	2024-01-04 17:01:21	13	1	1	0
      894	2024-01-04 17:02:15	13	1	1	0
     1055	2024-01-04 17:02:31	13	1	1	0
      352	2024-01-04 17:03:45	13	1	1	0
     2965	2024-01-04 17:04:07	13	1	1	0
     2965	2024-01-04 17:04:08	13	1	1	0
      553	2024-01-04 17:04:19	13	1	1	0
      553	2024-01-04 17:04:20	13	1	1	0
      266	2024-01-04 17:04:23	13	1	1	0
     1378	2024-01-04 17:04:27	13	1	1	0
     1378	2024-01-04 17:04:28	13	1	1	0
      953	2024-01-04 17:04:44	13	1	1	0
      953	2024-01-04 17:04:46	13	1	1	0
      953	2024-01-04 17:04:48	13	1	1	0
     1361	2024-01-04 17:05:44	13	1	1	0
     1361	2024-01-04 17:05:45	13	1	1	0
     1195	2024-01-04 17:06:45	13	1	1	0
      864	2024-01-04 17:10:05	13	1	1	0
      864	2024-01-04 17:10:06	13	1	1	0
      267	2024-01-04 17:23:42	13	1	1	0
      267	2024-01-04 17:23:44	13	1	1	0
      267	2024-01-04 17:25:26	13	1	1	0
      267	2024-01-04 17:25:28	13	1	1	0
     2623	2024-01-04 21:44:49	13	0	1	0
     2623	2024-01-04 21:44:54	13	0	1	0
     1800	2024-01-04 21:53:00	13	0	1	0
     1800	2024-01-04 21:53:01	13	0	1	0
     2899	2024-01-04 21:54:35	13	0	1	0
     2899	2024-01-04 21:54:39	13	0	1	0
     2278	2024-01-04 22:01:02	13	1	1	0
     2278	2024-01-04 22:01:04	13	1	1	0
     2905	2024-01-04 22:01:08	13	1	1	0
     2905	2024-01-04 22:01:10	13	1	1	0
     1485	2024-01-05 05:19:31	13	0	1	0
     1485	2024-01-05 05:19:33	13	0	1	0
     2324	2024-01-05 05:51:22	13	0	1	0
     2324	2024-01-05 05:51:24	13	0	1	0
     2810	2024-01-05 05:51:46	13	0	1	0
     2810	2024-01-05 05:51:48	13	0	1	0
     2643	2024-01-05 05:53:20	13	0	1	0
     2643	2024-01-05 05:53:25	13	0	1	0
     2619	2024-01-05 05:55:25	13	0	1	0
     2619	2024-01-05 05:55:26	13	0	1	0
     2835	2024-01-05 05:56:09	13	0	1	0
     2835	2024-01-05 05:56:11	13	0	1	0
     1800	2024-01-05 06:01:23	13	1	1	0
     1800	2024-01-05 06:01:25	13	1	1	0
     2899	2024-01-05 06:01:31	13	1	1	0
     2899	2024-01-05 06:01:35	13	1	1	0
     2623	2024-01-05 06:01:39	13	1	1	0
     2623	2024-01-05 06:01:43	13	1	1	0
     2937	2024-01-05 07:20:04	13	0	1	0
     2965	2024-01-05 07:31:17	13	0	1	0
      953	2024-01-05 07:33:10	13	0	1	0
      953	2024-01-05 07:33:12	13	0	1	0
      953	2024-01-05 07:33:14	13	0	1	0
      894	2024-01-05 07:35:47	13	0	1	0
     1055	2024-01-05 07:46:42	13	0	1	0
      266	2024-01-05 07:55:20	13	0	1	0
      267	2024-01-05 07:56:29	13	0	1	0
      267	2024-01-05 07:56:31	13	0	1	0
     1195	2024-01-05 07:56:39	13	0	1	0
     1195	2024-01-05 07:56:40	13	0	1	0
     1361	2024-01-05 07:57:17	13	0	1	0
     1361	2024-01-05 07:57:18	13	0	1	0
      553	2024-01-05 07:57:41	13	0	1	0
      553	2024-01-05 07:57:43	13	0	1	0
      352	2024-01-05 08:07:50	13	0	1	0
     1378	2024-01-05 08:09:38	13	0	1	0
     1378	2024-01-05 08:09:40	13	0	1	0
     1361	2024-01-05 12:03:55	13	1	1	0
     1361	2024-01-05 12:04:00	13	1	1	0
     1055	2024-01-05 12:04:08	13	1	1	0
     1361	2024-01-05 12:06:03	13	0	1	0
     1361	2024-01-05 12:06:05	13	0	1	0
     2965	2024-01-05 12:10:05	13	1	1	0
     2937	2024-01-05 12:10:09	13	1	1	0
      894	2024-01-05 12:11:25	13	1	1	0
     1195	2024-01-05 12:16:32	13	1	1	0
     2965	2024-01-05 12:29:45	13	0	1	0
     2937	2024-01-05 12:30:06	13	0	1	0
       85	2024-01-05 12:33:08	13	1	1	0
     1195	2024-01-05 12:37:52	13	0	1	0
       85	2024-01-05 12:40:16	13	0	1	0
      894	2024-01-05 12:41:39	13	0	1	0
      953	2024-01-05 12:42:49	13	1	1	0
      953	2024-01-05 12:44:16	13	0	1	0
     2278	2024-01-05 13:36:36	13	0	1	0
     2278	2024-01-05 13:36:38	13	0	1	0
     2619	2024-01-05 14:01:03	13	1	1	0
     2619	2024-01-05 14:01:05	13	1	1	0
     2643	2024-01-05 14:01:28	13	1	1	0
     2643	2024-01-05 14:01:33	13	1	1	0
     2835	2024-01-05 14:02:00	13	1	1	0
     2835	2024-01-05 14:02:01	13	1	1	0
     1485	2024-01-05 14:06:05	13	1	1	0
     1485	2024-01-05 14:06:07	13	1	1	0
     2324	2024-01-05 14:13:51	13	1	1	0
     2324	2024-01-05 14:13:53	13	1	1	0
     2810	2024-01-05 15:09:45	13	1	1	0
     2810	2024-01-05 15:09:46	13	1	1	0
     2965	2024-01-05 17:02:22	13	1	1	0
     2937	2024-01-05 17:02:29	13	1	1	0
      894	2024-01-05 17:02:42	13	1	1	0
      894	2024-01-05 17:02:45	13	1	1	0
      352	2024-01-05 17:08:02	13	1	1	0
      553	2024-01-05 17:08:33	13	1	1	0
     1378	2024-01-05 17:08:37	13	1	1	0
     1378	2024-01-05 17:08:38	13	1	1	0
     1195	2024-01-05 17:10:53	13	1	1	0
      953	2024-01-05 17:12:58	13	1	1	0
      953	2024-01-05 17:13:00	13	1	1	0
      953	2024-01-05 17:13:02	13	1	1	0
      953	2024-01-05 17:13:04	13	1	1	0
     1361	2024-01-05 17:22:54	13	1	1	0
     1361	2024-01-05 17:22:55	13	1	1	0
      266	2024-01-05 17:25:36	13	1	1	0
      267	2024-01-05 17:25:41	13	1	1	0
      267	2024-01-05 17:25:42	13	1	1	0
     1800	2024-01-05 21:38:36	13	0	1	0
     1800	2024-01-05 21:38:38	13	0	1	0
     2899	2024-01-05 21:55:47	13	0	1	0
     2899	2024-01-05 21:55:51	13	0	1	0
     2278	2024-01-06 00:58:30	13	1	1	0
     2278	2024-01-06 00:58:32	13	1	1	0
     1485	2024-01-06 05:20:54	13	0	1	0
     1485	2024-01-06 05:20:57	13	0	1	0
     2619	2024-01-06 05:48:40	13	0	1	0
     2619	2024-01-06 05:48:41	13	0	1	0
     2619	2024-01-06 05:48:43	13	0	1	0
     2324	2024-01-06 05:49:28	13	0	1	0
     2324	2024-01-06 05:49:31	13	0	1	0
     2810	2024-01-06 05:50:27	13	0	1	0
     2810	2024-01-06 05:50:31	13	0	1	0
     2643	2024-01-06 05:55:08	13	0	1	0
     2643	2024-01-06 05:55:13	13	0	1	0
     2835	2024-01-06 05:56:37	13	0	1	0
     2835	2024-01-06 05:56:39	13	0	1	0
     2835	2024-01-06 05:56:52	13	0	1	0
     1800	2024-01-06 06:00:08	13	1	1	0
     1800	2024-01-06 06:00:09	13	1	1	0
     2899	2024-01-06 06:00:22	13	1	1	0
     2899	2024-01-06 06:00:26	13	1	1	0
     2905	2024-01-06 12:41:32	13	0	1	0
     2905	2024-01-06 12:41:34	13	0	1	0
     2278	2024-01-06 13:53:05	13	0	1	0
     2278	2024-01-06 13:53:06	13	0	1	0
     2619	2024-01-06 14:01:04	13	1	1	0
     2619	2024-01-06 14:01:06	13	1	1	0
     2835	2024-01-06 14:01:16	13	1	1	0
     2835	2024-01-06 14:01:17	13	1	1	0
     2835	2024-01-06 14:01:19	13	1	1	0
     2643	2024-01-06 14:01:25	13	1	1	0
     2643	2024-01-06 14:01:30	13	1	1	0
     2324	2024-01-06 14:01:36	13	1	1	0
     2324	2024-01-06 14:01:38	13	1	1	0
     1485	2024-01-06 14:01:45	13	1	1	0
     1485	2024-01-06 14:01:47	13	1	1	0
     2810	2024-01-06 14:17:23	13	1	1	0
     2810	2024-01-06 14:17:24	13	1	1	0
     1800	2024-01-06 21:50:58	13	0	1	0
     1800	2024-01-06 21:51:00	13	0	1	0
     2899	2024-01-06 21:58:31	13	0	1	0
     2899	2024-01-06 21:58:36	13	0	1	0
     2905	2024-01-06 22:01:53	13	0	1	0
     2905	2024-01-06 22:02:00	13	1	1	0
     2905	2024-01-06 22:02:02	13	1	1	0
     2278	2024-01-06 22:16:25	13	1	1	0
     2278	2024-01-06 22:16:26	13	1	1	0
     1485	2024-01-07 05:21:06	13	0	1	0
     1485	2024-01-07 05:21:09	13	0	1	0
     2643	2024-01-07 05:46:16	13	0	1	0
     2643	2024-01-07 05:46:21	13	0	1	0
     2697	2024-01-07 05:49:11	13	0	1	0
     2697	2024-01-07 05:49:13	13	0	1	0
     2835	2024-01-07 05:53:39	13	0	1	0
     2835	2024-01-07 05:53:40	13	0	1	0
     2810	2024-01-07 05:58:36	13	0	1	0
     2810	2024-01-07 05:58:37	13	0	1	0
     2619	2024-01-07 06:00:15	13	0	1	0
     2619	2024-01-07 06:00:16	13	0	1	0
     1800	2024-01-07 06:00:51	13	1	1	0
     1800	2024-01-07 06:00:52	13	1	1	0
     2899	2024-01-07 06:01:05	13	1	1	0
     2899	2024-01-07 06:01:09	13	1	1	0
      864	2024-01-07 07:56:03	13	0	1	0
      864	2024-01-07 07:56:04	13	0	1	0
     2278	2024-01-07 11:59:13	13	0	1	0
     2278	2024-01-07 11:59:14	13	0	1	0
      864	2024-01-07 12:01:08	13	1	1	0
      864	2024-01-07 12:40:17	13	0	1	0
     2905	2024-01-07 12:47:25	13	0	1	0
     2905	2024-01-07 12:47:27	13	0	1	0
     2835	2024-01-07 14:00:08	13	1	1	0
     2835	2024-01-07 14:00:10	13	1	1	0
     2619	2024-01-07 14:00:15	13	1	1	0
     2619	2024-01-07 14:00:17	13	1	1	0
     1485	2024-01-07 14:01:53	13	1	1	0
     1485	2024-01-07 14:01:55	13	1	1	0
     2643	2024-01-07 14:02:32	13	1	1	0
     2643	2024-01-07 14:02:37	13	1	1	0
     2697	2024-01-07 14:06:45	13	1	1	0
     2697	2024-01-07 14:06:47	13	1	1	0
      864	2024-01-07 17:14:47	13	1	1	0
      864	2024-01-07 17:14:49	13	1	1	0
     1800	2024-01-07 21:25:32	13	0	1	0
     1800	2024-01-07 21:25:33	13	0	1	0
     2623	2024-01-07 21:28:59	13	0	1	0
     2623	2024-01-07 21:29:04	13	0	1	0
     2810	2024-01-07 21:37:00	13	1	1	0
     2810	2024-01-07 21:37:01	13	1	1	0
     2899	2024-01-07 21:55:54	13	0	1	0
     2899	2024-01-07 21:55:58	13	0	1	0
     2905	2024-01-07 22:00:31	13	1	1	0
     2905	2024-01-07 22:00:33	13	1	1	0
     2278	2024-01-07 22:17:54	13	1	1	0
     2278	2024-01-07 22:17:55	13	1	1	0
     1485	2024-01-08 05:38:00	13	0	1	0
     1485	2024-01-08 05:38:02	13	0	1	0
     2324	2024-01-08 05:48:58	13	0	1	0
     2324	2024-01-08 05:49:00	13	0	1	0
     2643	2024-01-08 05:51:27	13	0	1	0
     2643	2024-01-08 05:51:32	13	0	1	0
     2697	2024-01-08 05:51:48	13	0	1	0
     2697	2024-01-08 05:51:50	13	0	1	0
     2619	2024-01-08 05:53:49	13	0	1	0
     2619	2024-01-08 05:53:53	13	0	1	0
     2619	2024-01-08 05:53:55	13	0	1	0
     2835	2024-01-08 05:55:18	13	0	1	0
     2835	2024-01-08 05:55:20	13	0	1	0
     1800	2024-01-08 06:00:04	13	1	1	0
     1800	2024-01-08 06:00:06	13	1	1	0
     2899	2024-01-08 06:01:21	13	1	1	0
     2899	2024-01-08 06:01:26	13	1	1	0
     2623	2024-01-08 06:03:54	13	1	1	0
     2623	2024-01-08 06:03:58	13	1	1	0
      267	2024-01-08 06:34:24	13	0	1	0
      267	2024-01-08 06:34:29	13	0	1	0
      953	2024-01-08 07:19:28	13	0	1	0
      953	2024-01-08 07:19:31	13	0	1	0
      953	2024-01-08 07:19:32	13	0	1	0
      953	2024-01-08 07:19:34	13	0	1	0
     2937	2024-01-08 07:32:34	13	0	1	0
      352	2024-01-08 07:34:05	13	0	1	0
      894	2024-01-08 07:36:58	13	0	1	0
     1055	2024-01-08 07:41:46	13	0	1	0
     1195	2024-01-08 07:46:08	13	0	1	0
     1195	2024-01-08 07:46:10	13	0	1	0
     2965	2024-01-08 07:50:24	13	0	1	0
      864	2024-01-08 07:54:04	13	0	1	0
      864	2024-01-08 07:54:06	13	0	1	0
      553	2024-01-08 07:56:46	13	0	1	0
     1378	2024-01-08 08:00:37	13	0	1	0
     1378	2024-01-08 08:00:38	13	0	1	0
     1361	2024-01-08 08:02:50	13	0	1	0
     1361	2024-01-08 08:02:52	13	0	1	0
     2937	2024-01-08 12:01:27	13	1	1	0
     1055	2024-01-08 12:02:55	13	1	1	0
     1195	2024-01-08 12:05:02	13	1	1	0
      352	2024-01-08 12:05:17	13	1	1	0
     2965	2024-01-08 12:07:57	13	1	1	0
     2905	2024-01-08 12:08:50	13	0	1	0
     2905	2024-01-08 12:08:52	13	0	1	0
      864	2024-01-08 12:10:11	13	1	1	0
       85	2024-01-08 12:12:00	13	1	1	0
     1378	2024-01-08 12:19:31	13	1	1	0
      953	2024-01-08 12:21:34	13	1	1	0
      953	2024-01-08 12:22:13	13	0	1	0
      553	2024-01-08 12:23:16	13	1	1	0
     1361	2024-01-08 12:25:15	13	1	1	0
     1361	2024-01-08 12:25:17	13	1	1	0
     1378	2024-01-08 12:27:23	13	0	1	0
     1361	2024-01-08 12:28:34	13	0	1	0
     1361	2024-01-08 12:28:36	13	0	1	0
      864	2024-01-08 12:33:57	13	0	1	0
     2937	2024-01-08 12:36:13	13	0	1	0
     2965	2024-01-08 12:36:30	13	0	1	0
      894	2024-01-08 12:36:49	13	1	1	0
      553	2024-01-08 12:37:16	13	0	1	0
     1055	2024-01-08 12:37:23	13	0	1	0
      352	2024-01-08 12:40:02	13	0	1	0
      894	2024-01-08 12:40:43	13	0	1	0
     1195	2024-01-08 12:40:52	13	0	1	0
       85	2024-01-08 12:48:43	13	0	1	0
     2278	2024-01-08 13:56:22	13	0	1	0
     2278	2024-01-08 13:56:28	13	0	1	0
     1485	2024-01-08 14:01:05	13	1	1	0
     1485	2024-01-08 14:01:07	13	1	1	0
     2835	2024-01-08 14:02:23	13	1	1	0
     2835	2024-01-08 14:02:24	13	1	1	0
     2324	2024-01-08 14:02:31	13	1	1	0
     2324	2024-01-08 14:02:34	13	1	1	0
     2619	2024-01-08 14:03:04	13	1	1	0
     2619	2024-01-08 14:03:05	13	1	1	0
     2643	2024-01-08 14:07:36	13	1	1	0
     2643	2024-01-08 14:07:41	13	1	1	0
     2697	2024-01-08 14:27:43	13	1	1	0
     2697	2024-01-08 14:27:45	13	1	1	0
      894	2024-01-08 17:01:33	13	1	1	0
      894	2024-01-08 17:01:36	13	1	1	0
      553	2024-01-08 17:01:41	13	1	1	0
     2937	2024-01-08 17:03:08	13	1	1	0
     1055	2024-01-08 17:03:37	13	1	1	0
     2965	2024-01-08 17:03:50	13	1	1	0
     1055	2024-01-08 17:04:11	13	1	1	0
      267	2024-01-08 17:04:29	13	1	1	0
      267	2024-01-08 17:04:31	13	1	1	0
     1378	2024-01-08 17:05:42	13	1	1	0
     1378	2024-01-08 17:05:44	13	1	1	0
      352	2024-01-08 17:05:49	13	1	1	0
      953	2024-01-08 17:06:04	13	1	1	0
      953	2024-01-08 17:06:06	13	1	1	0
      953	2024-01-08 17:06:08	13	1	1	0
      267	2024-01-08 17:07:01	13	1	1	0
      267	2024-01-08 17:07:03	13	1	1	0
      864	2024-01-08 17:07:45	13	1	1	0
      864	2024-01-08 17:07:47	13	1	1	0
     1195	2024-01-08 17:13:17	13	1	1	0
     1361	2024-01-08 17:17:58	13	1	1	0
     1361	2024-01-08 17:18:00	13	1	1	0
     2899	2024-01-08 21:57:28	13	0	1	0
     2899	2024-01-08 21:57:33	13	0	1	0
     2278	2024-01-08 22:00:02	13	1	1	0
     2278	2024-01-08 22:00:04	13	1	1	0
     2905	2024-01-08 22:00:09	13	1	1	0
     2905	2024-01-08 22:00:10	13	1	1	0
     1485	2024-01-09 05:14:21	13	0	1	0
     1485	2024-01-09 05:14:23	13	0	1	0
     2324	2024-01-09 05:50:01	13	0	1	0
     2324	2024-01-09 05:50:03	13	0	1	0
     2810	2024-01-09 05:50:20	13	0	1	0
     2810	2024-01-09 05:50:21	13	0	1	0
     2835	2024-01-09 05:57:01	13	0	1	0
     2835	2024-01-09 05:57:03	13	0	1	0
     2899	2024-01-09 06:00:20	13	1	1	0
     2899	2024-01-09 06:00:25	13	1	1	0
     2697	2024-01-09 06:17:54	13	0	1	0
     2697	2024-01-09 06:17:56	13	0	1	0
      266	2024-01-09 07:02:20	13	0	1	0
      267	2024-01-09 07:02:32	13	0	1	0
      267	2024-01-09 07:02:34	13	0	1	0
     2937	2024-01-09 07:19:51	13	0	1	0
      894	2024-01-09 07:27:49	13	0	1	0
      953	2024-01-09 07:41:51	13	0	1	0
      953	2024-01-09 07:41:53	13	0	1	0
      953	2024-01-09 07:41:55	13	0	1	0
     2965	2024-01-09 07:49:55	13	0	1	0
     1195	2024-01-09 07:51:21	13	0	1	0
     1195	2024-01-09 07:51:22	13	0	1	0
      352	2024-01-09 07:53:05	13	0	1	0
     1378	2024-01-09 07:53:09	13	0	1	0
     1378	2024-01-09 07:53:11	13	0	1	0
      864	2024-01-09 07:53:16	13	0	1	0
      864	2024-01-09 07:53:18	13	0	1	0
      553	2024-01-09 07:59:40	13	0	1	0
     1361	2024-01-09 08:01:12	13	0	1	0
     1361	2024-01-09 08:01:14	13	0	1	0
     1055	2024-01-09 08:08:39	13	0	1	0
      352	2024-01-09 12:03:11	13	1	1	0
     2937	2024-01-09 12:04:12	13	1	1	0
     2965	2024-01-09 12:04:23	13	1	1	0
     1055	2024-01-09 12:05:19	13	1	1	0
      553	2024-01-09 12:08:17	13	1	1	0
     1378	2024-01-09 12:09:13	13	1	1	0
      864	2024-01-09 12:15:59	13	1	1	0
      894	2024-01-09 12:18:50	13	1	1	0
     1361	2024-01-09 12:20:42	13	1	1	0
     1361	2024-01-09 12:20:44	13	1	1	0
     1361	2024-01-09 12:22:11	13	0	1	0
     1361	2024-01-09 12:22:13	13	0	1	0
      553	2024-01-09 12:25:09	13	0	1	0
     2905	2024-01-09 12:31:38	13	0	1	0
     2905	2024-01-09 12:31:45	13	0	1	0
     2937	2024-01-09 12:31:57	13	0	1	0
     2965	2024-01-09 12:32:02	13	0	1	0
     1055	2024-01-09 12:32:08	13	0	1	0
     1195	2024-01-09 12:32:13	13	1	1	0
     1378	2024-01-09 12:32:38	13	0	1	0
      352	2024-01-09 12:33:32	13	0	1	0
      894	2024-01-09 12:34:35	13	0	1	0
     1195	2024-01-09 12:35:06	13	0	1	0
      864	2024-01-09 12:37:02	13	0	1	0
      953	2024-01-09 12:37:54	13	1	1	0
      953	2024-01-09 12:38:14	13	0	1	0
     2324	2024-01-09 14:01:15	13	1	1	0
     2324	2024-01-09 14:01:17	13	1	1	0
     1485	2024-01-09 14:02:04	13	1	1	0
     1485	2024-01-09 14:02:06	13	1	1	0
     2697	2024-01-09 14:03:20	13	1	1	0
     2697	2024-01-09 14:03:22	13	1	1	0
     2835	2024-01-09 14:16:17	13	1	1	0
     2835	2024-01-09 14:16:18	13	1	1	0
      267	2024-01-09 17:01:05	13	1	1	0
      267	2024-01-09 17:01:07	13	1	1	0
      352	2024-01-09 17:01:13	13	1	1	0
     1244	2024-01-09 17:01:20	13	1	1	0
     1055	2024-01-09 17:01:29	13	1	1	0
     2937	2024-01-09 17:01:38	13	1	1	0
      894	2024-01-09 17:01:45	13	1	1	0
      553	2024-01-09 17:01:53	13	1	1	0
     2965	2024-01-09 17:01:59	13	1	1	0
     1195	2024-01-09 17:02:06	13	1	1	0
      864	2024-01-09 17:02:25	13	1	1	0
      864	2024-01-09 17:02:27	13	1	1	0
      266	2024-01-09 17:02:50	13	1	1	0
      953	2024-01-09 17:03:03	13	1	1	0
      953	2024-01-09 17:03:05	13	1	1	0
      953	2024-01-09 17:03:07	13	1	1	0
     1392	2024-01-09 17:03:13	13	1	1	0
     1392	2024-01-09 17:03:17	13	1	1	0
     1378	2024-01-09 17:03:23	13	1	1	0
     1378	2024-01-09 17:03:25	13	1	1	0
     1361	2024-01-09 17:07:45	13	1	1	0
     1361	2024-01-09 17:07:46	13	1	1	0
     2810	2024-01-09 17:22:46	13	1	1	0
     2810	2024-01-09 17:22:47	13	1	1	0
     2899	2024-01-09 21:06:32	13	0	1	0
     2899	2024-01-09 21:06:36	13	0	1	0
     2623	2024-01-09 21:35:24	13	0	1	0
     2623	2024-01-09 21:35:29	13	0	1	0
     2905	2024-01-09 22:00:07	13	0	1	0
     2905	2024-01-09 22:00:09	13	0	1	0
     2643	2024-01-10 05:48:22	13	0	1	0
     2643	2024-01-10 05:48:28	13	0	1	0
     2810	2024-01-10 05:51:05	13	0	1	0
     2810	2024-01-10 05:51:07	13	0	1	0
     2324	2024-01-10 05:53:05	13	0	1	0
     2324	2024-01-10 05:53:07	13	0	1	0
     2835	2024-01-10 05:55:31	13	0	1	0
     2835	2024-01-10 05:55:33	13	0	1	0
     2619	2024-01-10 05:59:21	13	0	1	0
     2619	2024-01-10 05:59:22	13	0	1	0
     2899	2024-01-10 06:03:05	13	1	1	0
     2899	2024-01-10 06:03:08	13	1	1	0
     2899	2024-01-10 06:03:12	13	1	1	0
     2623	2024-01-10 06:10:10	13	1	1	0
     2623	2024-01-10 06:10:14	13	1	1	0
     2697	2024-01-10 06:31:38	13	0	1	0
     2697	2024-01-10 06:31:40	13	0	1	0
      894	2024-01-10 06:51:39	13	0	1	0
     2937	2024-01-10 07:20:07	13	0	1	0
     1055	2024-01-10 07:26:08	13	0	1	0
      953	2024-01-10 07:43:16	13	0	1	0
      953	2024-01-10 07:43:18	13	0	1	0
      953	2024-01-10 07:43:20	13	0	1	0
     2965	2024-01-10 07:46:24	13	0	1	0
     1244	2024-01-10 07:49:53	13	0	1	0
      352	2024-01-10 07:50:32	13	0	1	0
      864	2024-01-10 07:51:19	13	0	1	0
      864	2024-01-10 07:51:20	13	0	1	0
     1392	2024-01-10 07:52:54	13	0	1	0
     1392	2024-01-10 07:52:59	13	0	1	0
     1392	2024-01-10 07:53:04	13	0	1	0
     1361	2024-01-10 07:58:58	13	0	1	0
     1361	2024-01-10 07:59:00	13	0	1	0
      266	2024-01-10 08:01:41	13	0	1	0
      267	2024-01-10 08:01:59	13	0	1	0
      267	2024-01-10 08:02:01	13	0	1	0
      553	2024-01-10 08:06:46	13	0	1	0
     1378	2024-01-10 08:09:16	13	0	1	0
     1378	2024-01-10 08:09:17	13	0	1	0
     2937	2024-01-10 12:01:29	13	1	1	0
     1244	2024-01-10 12:01:58	13	1	1	0
     1378	2024-01-10 12:02:05	13	1	1	0
      553	2024-01-10 12:02:14	13	1	1	0
     1392	2024-01-10 12:02:19	13	1	1	0
     1392	2024-01-10 12:02:21	13	1	1	0
     1392	2024-01-10 12:02:25	13	1	1	0
     1392	2024-01-10 12:02:29	13	1	1	0
     1055	2024-01-10 12:03:47	13	1	1	0
     2965	2024-01-10 12:04:55	13	1	1	0
      352	2024-01-10 12:07:33	13	1	1	0
      894	2024-01-10 12:08:23	13	1	1	0
      864	2024-01-10 12:12:39	13	1	1	0
      267	2024-01-10 12:13:06	13	1	1	0
      267	2024-01-10 12:15:04	13	0	1	0
      267	2024-01-10 12:15:07	13	0	1	0
     2905	2024-01-10 12:21:24	13	0	1	0
     2905	2024-01-10 12:21:28	13	0	1	0
      352	2024-01-10 12:31:01	13	0	1	0
     1195	2024-01-10 12:33:32	13	0	1	0
     2937	2024-01-10 12:33:38	13	0	1	0
     1392	2024-01-10 12:33:46	13	0	1	0
     1392	2024-01-10 12:33:50	13	0	1	0
     2965	2024-01-10 12:34:00	13	0	1	0
     1055	2024-01-10 12:35:10	13	0	1	0
      894	2024-01-10 12:36:22	13	0	1	0
      864	2024-01-10 12:36:53	13	0	1	0
      553	2024-01-10 12:43:36	13	0	1	0
     1378	2024-01-10 12:45:18	13	0	1	0
      953	2024-01-10 12:47:49	13	1	1	0
      953	2024-01-10 12:48:06	13	0	1	0
     1244	2024-01-10 12:49:17	13	0	1	0
      266	2024-01-10 12:50:05	13	1	1	0
     1361	2024-01-10 12:50:13	13	1	1	0
      266	2024-01-10 12:51:10	13	0	1	0
     1361	2024-01-10 12:51:24	13	0	1	0
     1361	2024-01-10 12:51:27	13	0	1	0
     2278	2024-01-10 13:56:39	13	0	1	0
     2278	2024-01-10 13:56:41	13	0	1	0
     2619	2024-01-10 14:03:32	13	1	1	0
     2619	2024-01-10 14:03:34	13	1	1	0
     2835	2024-01-10 14:05:22	13	1	1	0
     2835	2024-01-10 14:05:23	13	1	1	0
     2324	2024-01-10 14:05:39	13	1	1	0
     2324	2024-01-10 14:05:41	13	1	1	0
     2697	2024-01-10 14:14:21	13	1	1	0
     2697	2024-01-10 14:14:23	13	1	1	0
     2643	2024-01-10 14:15:15	13	1	1	0
     2643	2024-01-10 14:15:19	13	1	1	0
     2810	2024-01-10 14:25:37	13	1	1	0
     2810	2024-01-10 14:25:38	13	1	1	0
      553	2024-01-10 17:01:11	13	1	1	0
      553	2024-01-10 17:01:13	13	1	1	0
     1244	2024-01-10 17:01:19	13	1	1	0
     2965	2024-01-10 17:01:24	13	1	1	0
     2937	2024-01-10 17:01:47	13	1	1	0
      894	2024-01-10 17:01:55	13	1	1	0
     1055	2024-01-10 17:02:20	13	1	1	0
     1195	2024-01-10 17:02:43	13	1	1	0
     1378	2024-01-10 17:03:35	13	1	1	0
     1378	2024-01-10 17:03:36	13	1	1	0
      352	2024-01-10 17:04:22	13	1	1	0
     1392	2024-01-10 17:04:29	13	1	1	0
     1392	2024-01-10 17:04:33	13	1	1	0
     2245	2024-01-10 17:04:42	13	1	1	0
      267	2024-01-10 17:04:58	13	1	1	0
      267	2024-01-10 17:05:00	13	1	1	0
     1378	2024-01-10 17:05:58	13	1	1	0
      953	2024-01-10 17:06:27	13	1	1	0
      953	2024-01-10 17:06:29	13	1	1	0
      953	2024-01-10 17:06:31	13	1	1	0
      864	2024-01-10 17:07:03	13	1	1	0
      864	2024-01-10 17:07:05	13	1	1	0
      266	2024-01-10 17:07:18	13	1	1	0
     1361	2024-01-10 17:07:41	13	1	1	0
     1361	2024-01-10 17:07:43	13	1	1	0
     2623	2024-01-10 21:31:18	13	0	1	0
     2623	2024-01-10 21:31:22	13	0	1	0
     2899	2024-01-10 21:53:20	13	0	1	0
     2899	2024-01-10 21:53:25	13	0	1	0
     2905	2024-01-10 22:01:02	13	0	1	0
     2905	2024-01-10 22:01:09	13	1	1	0
     2905	2024-01-10 22:01:11	13	1	1	0
     2278	2024-01-10 22:01:16	13	1	1	0
     2278	2024-01-10 22:01:18	13	1	1	0
     1200	2024-01-10 23:04:34	13	1	1	0
     2835	2024-01-11 05:37:03	13	0	1	0
     2835	2024-01-11 05:37:05	13	0	1	0
     2619	2024-01-11 05:39:07	13	0	1	0
     2619	2024-01-11 05:39:11	13	0	1	0
     1485	2024-01-11 05:39:29	13	0	1	0
     1485	2024-01-11 05:39:31	13	0	1	0
     2697	2024-01-11 05:40:26	13	0	1	0
     2697	2024-01-11 05:40:28	13	0	1	0
     2324	2024-01-11 05:53:03	13	0	1	0
     2324	2024-01-11 05:53:05	13	0	1	0
     2643	2024-01-11 05:55:08	13	0	1	0
     2643	2024-01-11 05:55:14	13	0	1	0
     2810	2024-01-11 05:57:51	13	0	1	0
     2810	2024-01-11 05:57:52	13	0	1	0
     2899	2024-01-11 06:01:50	13	1	1	0
     2899	2024-01-11 06:01:55	13	1	1	0
     2623	2024-01-11 06:02:02	13	1	1	0
     2623	2024-01-11 06:02:07	13	1	1	0
     2245	2024-01-11 07:04:12	13	0	1	0
     2245	2024-01-11 07:04:14	13	0	1	0
      352	2024-01-11 07:16:24	13	0	1	0
      953	2024-01-11 07:32:59	13	0	1	0
      953	2024-01-11 07:33:02	13	0	1	0
      953	2024-01-11 07:33:04	13	0	1	0
      894	2024-01-11 07:33:36	13	0	1	0
     2937	2024-01-11 07:40:22	13	0	1	0
     1055	2024-01-11 07:41:55	13	0	1	0
     1378	2024-01-11 07:45:34	13	0	1	0
     1378	2024-01-11 07:45:36	13	0	1	0
     2965	2024-01-11 07:49:14	13	0	1	0
     1244	2024-01-11 07:52:57	13	0	1	0
      864	2024-01-11 07:56:38	13	0	1	0
      864	2024-01-11 07:56:39	13	0	1	0
     1392	2024-01-11 08:00:22	13	0	1	0
     1392	2024-01-11 08:00:27	13	0	1	0
     1392	2024-01-11 08:00:31	13	0	1	0
      553	2024-01-11 08:01:23	13	0	1	0
      266	2024-01-11 08:03:06	13	0	1	0
      267	2024-01-11 08:03:40	13	0	1	0
      267	2024-01-11 08:03:41	13	0	1	0
     1361	2024-01-11 08:05:31	13	0	1	0
     1361	2024-01-11 08:05:33	13	0	1	0
     1195	2024-01-11 08:06:38	13	0	1	0
     1195	2024-01-11 08:06:39	13	0	1	0
     1195	2024-01-11 12:01:08	13	1	1	0
     1195	2024-01-11 12:04:03	13	0	1	0
     1361	2024-01-11 12:04:28	13	1	1	0
     1361	2024-01-11 12:04:32	13	1	1	0
      352	2024-01-11 12:05:29	13	1	1	0
     2937	2024-01-11 12:05:42	13	1	1	0
     1244	2024-01-11 12:05:59	13	1	1	0
     2937	2024-01-11 12:06:09	13	1	1	0
      553	2024-01-11 12:06:27	13	1	1	0
      553	2024-01-11 12:06:29	13	1	1	0
      553	2024-01-11 12:06:31	13	1	1	0
     2965	2024-01-11 12:10:36	13	1	1	0
      894	2024-01-11 12:11:12	13	1	1	0
     1392	2024-01-11 12:11:23	13	1	1	0
     1392	2024-01-11 12:11:28	13	1	1	0
     1392	2024-01-11 12:11:32	13	1	1	0
     1055	2024-01-11 12:14:01	13	1	1	0
     1361	2024-01-11 12:14:42	13	0	1	0
     1361	2024-01-11 12:14:44	13	0	1	0
      864	2024-01-11 12:15:52	13	1	1	0
     1392	2024-01-11 12:18:40	13	0	1	0
     1392	2024-01-11 12:18:44	13	0	1	0
     1392	2024-01-11 12:18:48	13	0	1	0
     1378	2024-01-11 12:18:54	13	1	1	0
      266	2024-01-11 12:22:46	13	1	1	0
     2245	2024-01-11 12:22:52	13	1	1	0
      266	2024-01-11 12:23:07	13	0	1	0
      267	2024-01-11 12:24:31	13	1	1	0
      267	2024-01-11 12:24:50	13	1	1	0
      267	2024-01-11 12:24:52	13	1	1	0
      267	2024-01-11 12:26:04	13	0	1	0
      267	2024-01-11 12:26:05	13	0	1	0
     2245	2024-01-11 12:27:16	13	0	1	0
     2937	2024-01-11 12:36:32	13	0	1	0
      352	2024-01-11 12:37:20	13	0	1	0
     1055	2024-01-11 12:37:50	13	0	1	0
     2965	2024-01-11 12:38:25	13	0	1	0
      894	2024-01-11 12:41:17	13	0	1	0
     1378	2024-01-11 12:44:04	13	0	1	0
      864	2024-01-11 12:47:02	13	0	1	0
      953	2024-01-11 12:47:24	13	1	1	0
      953	2024-01-11 12:48:13	13	0	1	0
     1244	2024-01-11 12:56:50	13	0	1	0
     2905	2024-01-11 13:23:15	13	0	1	0
     2905	2024-01-11 13:23:18	13	0	1	0
     2278	2024-01-11 13:53:13	13	0	1	0
     2278	2024-01-11 13:53:14	13	0	1	0
     2810	2024-01-11 14:00:07	13	1	1	0
     2810	2024-01-11 14:00:09	13	1	1	0
     2835	2024-01-11 14:00:27	13	1	1	0
     2835	2024-01-11 14:00:28	13	1	1	0
     2324	2024-01-11 14:00:37	13	1	1	0
     2324	2024-01-11 14:00:39	13	1	1	0
     2619	2024-01-11 14:00:47	13	1	1	0
     2619	2024-01-11 14:00:49	13	1	1	0
     2697	2024-01-11 14:03:00	13	1	1	0
     2697	2024-01-11 14:03:02	13	1	1	0
     2643	2024-01-11 14:03:08	13	1	1	0
     2643	2024-01-11 14:03:13	13	1	1	0
     1485	2024-01-11 14:04:29	13	1	1	0
     1485	2024-01-11 14:04:31	13	1	1	0
      894	2024-01-11 17:02:05	13	1	1	0
      864	2024-01-11 17:02:18	13	1	1	0
      864	2024-01-11 17:02:19	13	1	1	0
     2965	2024-01-11 17:02:27	13	1	1	0
     2937	2024-01-11 17:02:49	13	1	1	0
     1244	2024-01-11 17:02:57	13	1	1	0
     1055	2024-01-11 17:04:00	13	1	1	0
     1195	2024-01-11 17:04:29	13	1	1	0
      267	2024-01-11 17:04:45	13	1	1	0
      267	2024-01-11 17:04:47	13	1	1	0
     1378	2024-01-11 17:05:03	13	1	1	0
     1378	2024-01-11 17:05:04	13	1	1	0
     1392	2024-01-11 17:05:09	13	1	1	0
     1392	2024-01-11 17:05:14	13	1	1	0
     2245	2024-01-11 17:05:23	13	0	1	0
     2245	2024-01-11 17:05:28	13	0	1	0
      352	2024-01-11 17:19:11	13	1	1	0
      953	2024-01-11 17:20:13	13	1	1	0
      953	2024-01-11 17:20:15	13	1	1	0
      953	2024-01-11 17:20:17	13	1	1	0
     1361	2024-01-11 17:20:22	13	1	1	0
     1361	2024-01-11 17:20:24	13	1	1	0
     2623	2024-01-11 21:42:53	13	0	1	0
     2623	2024-01-11 21:42:57	13	0	1	0
     2899	2024-01-11 21:51:43	13	0	1	0
     2899	2024-01-11 21:51:47	13	0	1	0
     2278	2024-01-11 22:00:27	13	1	1	0
     2278	2024-01-11 22:00:29	13	1	1	0
     1485	2024-01-12 05:40:46	13	0	1	0
     1485	2024-01-12 05:40:48	13	0	1	0
     2324	2024-01-12 05:50:05	13	0	1	0
     2324	2024-01-12 05:50:07	13	0	1	0
     2810	2024-01-12 05:54:40	13	0	1	0
     2810	2024-01-12 05:54:41	13	0	1	0
     2835	2024-01-12 05:54:48	13	0	1	0
     2835	2024-01-12 05:54:50	13	0	1	0
     2643	2024-01-12 05:57:06	13	0	1	0
     2643	2024-01-12 05:57:11	13	0	1	0
     2619	2024-01-12 05:58:56	13	0	1	0
     2619	2024-01-12 05:58:57	13	0	1	0
     2899	2024-01-12 06:02:18	13	1	1	0
     2899	2024-01-12 06:02:22	13	1	1	0
     2623	2024-01-12 06:07:15	13	1	1	0
     2623	2024-01-12 06:07:20	13	1	1	0
     1055	2024-01-12 07:22:09	13	0	1	0
      894	2024-01-12 07:36:45	13	0	1	0
      953	2024-01-12 07:37:44	13	0	1	0
      953	2024-01-12 07:37:47	13	0	1	0
      953	2024-01-12 07:37:50	13	0	1	0
     1195	2024-01-12 07:45:05	13	0	1	0
     1195	2024-01-12 07:45:06	13	0	1	0
     2245	2024-01-12 07:45:58	13	0	1	0
     2245	2024-01-12 07:46:01	13	0	1	0
     2965	2024-01-12 07:49:02	13	0	1	0
     1378	2024-01-12 07:50:00	13	0	1	0
     1378	2024-01-12 07:50:01	13	0	1	0
     2937	2024-01-12 07:51:54	13	0	1	0
      266	2024-01-12 07:56:02	13	0	1	0
      267	2024-01-12 07:56:41	13	0	1	0
      267	2024-01-12 07:56:43	13	0	1	0
     1244	2024-01-12 07:56:56	13	0	1	0
      553	2024-01-12 07:57:42	13	0	1	0
     1392	2024-01-12 07:58:46	13	0	1	0
     1392	2024-01-12 07:58:50	13	0	1	0
     1392	2024-01-12 07:58:54	13	0	1	0
      267	2024-01-12 07:59:39	13	0	1	0
      267	2024-01-12 07:59:41	13	0	1	0
     1361	2024-01-12 08:04:49	13	0	1	0
     1361	2024-01-12 08:04:51	13	0	1	0
      352	2024-01-12 08:11:16	13	0	1	0
     2965	2024-01-12 12:03:05	13	1	1	0
     1195	2024-01-12 12:03:37	13	1	1	0
     1244	2024-01-12 12:04:04	13	1	1	0
     1055	2024-01-12 12:04:20	13	1	1	0
     2937	2024-01-12 12:05:30	13	1	1	0
       85	2024-01-12 12:05:45	13	1	1	0
     1378	2024-01-12 12:08:27	13	1	1	0
      352	2024-01-12 12:09:04	13	1	1	0
     1244	2024-01-12 12:15:05	13	0	1	0
     1378	2024-01-12 12:20:49	13	0	1	0
     2245	2024-01-12 12:25:02	13	1	1	0
     2245	2024-01-12 12:25:06	13	1	1	0
      894	2024-01-12 12:26:22	13	1	1	0
     2937	2024-01-12 12:30:12	13	0	1	0
     2245	2024-01-12 12:30:16	13	0	1	0
     2245	2024-01-12 12:30:19	13	0	1	0
       85	2024-01-12 12:32:32	13	0	1	0
      894	2024-01-12 12:33:04	13	0	1	0
     1195	2024-01-12 12:34:10	13	0	1	0
     1055	2024-01-12 12:34:20	13	0	1	0
      352	2024-01-12 12:35:31	13	0	1	0
     2278	2024-01-12 13:56:24	13	0	1	0
     2278	2024-01-12 13:56:26	13	0	1	0
     2324	2024-01-12 14:01:58	13	1	1	0
     2324	2024-01-12 14:02:00	13	1	1	0
     2835	2024-01-12 14:02:09	13	1	1	0
     2835	2024-01-12 14:02:18	13	1	1	0
     2835	2024-01-12 14:02:20	13	1	1	0
     2643	2024-01-12 14:02:54	13	1	1	0
     2643	2024-01-12 14:02:59	13	0	1	0
     2643	2024-01-12 14:03:06	13	1	1	0
     2810	2024-01-12 14:03:33	13	1	1	0
     2810	2024-01-12 14:03:34	13	1	1	0
     2619	2024-01-12 14:05:38	13	1	1	0
     2619	2024-01-12 14:05:40	13	1	1	0
     1485	2024-01-12 14:10:14	13	1	1	0
     1485	2024-01-12 14:10:16	13	1	1	0
     2937	2024-01-12 17:01:34	13	1	1	0
     1378	2024-01-12 17:01:59	13	1	1	0
     1378	2024-01-12 17:02:04	13	1	1	0
      894	2024-01-12 17:02:11	13	1	1	0
     1244	2024-01-12 17:02:18	13	1	1	0
     1392	2024-01-12 17:02:31	13	1	1	0
     1392	2024-01-12 17:02:35	13	1	1	0
     2245	2024-01-12 17:02:41	13	1	1	0
     2245	2024-01-12 17:02:45	13	1	1	0
      352	2024-01-12 17:03:02	13	1	1	0
     1055	2024-01-12 17:03:35	13	1	1	0
      953	2024-01-12 17:03:43	13	1	1	0
      953	2024-01-12 17:03:45	13	1	1	0
      953	2024-01-12 17:03:48	13	1	1	0
     1361	2024-01-12 17:09:14	13	1	1	0
     1361	2024-01-12 17:09:15	13	1	1	0
      553	2024-01-12 17:18:06	13	1	1	0
      553	2024-01-12 17:18:07	13	1	1	0
      266	2024-01-12 17:18:13	13	1	1	0
     1195	2024-01-12 18:31:19	13	1	1	0
     2623	2024-01-12 21:23:44	13	0	1	0
     2623	2024-01-12 21:23:48	13	0	1	0
     1800	2024-01-12 21:28:44	13	0	1	0
     1800	2024-01-12 21:28:45	13	0	1	0
     2278	2024-01-12 22:00:22	13	1	1	0
     2278	2024-01-12 22:00:23	13	1	1	0
     1200	2024-01-12 23:01:04	13	1	1	0
     1485	2024-01-13 05:31:27	13	0	1	0
     1485	2024-01-13 05:31:29	13	0	1	0
     2324	2024-01-13 05:50:02	13	0	1	0
     2324	2024-01-13 05:50:04	13	0	1	0
     2835	2024-01-13 05:52:45	13	0	1	0
     2835	2024-01-13 05:52:46	13	0	1	0
     2810	2024-01-13 05:54:16	13	0	1	0
     2810	2024-01-13 05:54:17	13	0	1	0
     2619	2024-01-13 05:54:51	13	0	1	0
     2619	2024-01-13 05:54:52	13	0	1	0
     2623	2024-01-13 06:02:30	13	1	1	0
     2623	2024-01-13 06:02:35	13	1	1	0
     1800	2024-01-13 06:03:35	13	1	1	0
     1800	2024-01-13 06:03:37	13	1	1	0
     2905	2024-01-13 13:17:21	13	0	1	0
     2905	2024-01-13 13:17:23	13	0	1	0
     2278	2024-01-13 13:52:06	13	0	1	0
     2278	2024-01-13 13:52:08	13	0	1	0
     2835	2024-01-13 14:00:19	13	1	1	0
     2835	2024-01-13 14:00:21	13	1	1	0
     1485	2024-01-13 14:00:59	13	1	1	0
     1485	2024-01-13 14:01:02	13	1	1	0
     2324	2024-01-13 14:01:24	13	1	1	0
     2324	2024-01-13 14:01:26	13	1	1	0
     2619	2024-01-13 14:04:09	13	1	1	0
     2619	2024-01-13 14:04:10	13	1	1	0
     2810	2024-01-13 18:16:23	13	1	1	0
     2810	2024-01-13 18:16:24	13	1	1	0
     1800	2024-01-13 21:33:33	13	0	1	0
     1800	2024-01-13 21:33:34	13	0	1	0
     2899	2024-01-13 21:55:17	13	0	1	0
     2899	2024-01-13 21:55:21	13	0	1	0
     2278	2024-01-13 22:12:38	13	1	1	0
     2278	2024-01-13 22:12:40	13	1	1	0
     1485	2024-01-14 05:25:46	13	0	1	0
     1485	2024-01-14 05:25:48	13	0	1	0
     2324	2024-01-14 05:28:34	13	0	1	0
     2324	2024-01-14 05:28:36	13	0	1	0
     2810	2024-01-14 05:40:53	13	0	1	0
     2810	2024-01-14 05:40:57	13	0	1	0
     2643	2024-01-14 05:47:30	13	0	1	0
     2643	2024-01-14 05:47:35	13	0	1	0
     2835	2024-01-14 05:51:41	13	0	1	0
     2835	2024-01-14 05:51:42	13	0	1	0
     1800	2024-01-14 06:00:19	13	1	1	0
     1800	2024-01-14 06:00:20	13	1	1	0
     2899	2024-01-14 06:00:26	13	1	1	0
     2899	2024-01-14 06:00:29	13	1	1	0
      864	2024-01-14 07:56:14	13	0	1	0
      864	2024-01-14 07:56:16	13	0	1	0
      864	2024-01-14 12:16:41	13	1	1	0
      864	2024-01-14 12:39:24	13	0	1	0
     2905	2024-01-14 13:11:19	13	0	1	0
     2905	2024-01-14 13:11:22	13	0	1	0
     2810	2024-01-14 14:00:31	13	1	1	0
     2810	2024-01-14 14:00:32	13	1	1	0
     2835	2024-01-14 14:00:41	13	1	1	0
     2835	2024-01-14 14:00:44	13	1	1	0
     2835	2024-01-14 14:00:47	13	1	1	0
     1485	2024-01-14 14:01:20	13	1	1	0
     1485	2024-01-14 14:01:22	13	1	1	0
     2324	2024-01-14 14:24:14	13	1	1	0
     2324	2024-01-14 14:24:16	13	1	1	0
     2643	2024-01-14 14:38:17	13	1	1	0
     2643	2024-01-14 14:38:23	13	1	1	0
      864	2024-01-14 17:01:03	13	1	1	0
      864	2024-01-14 17:01:06	13	1	1	0
     1800	2024-01-14 21:37:47	13	0	1	0
     1800	2024-01-14 21:37:48	13	0	1	0
     2899	2024-01-14 21:55:10	13	0	1	0
     2899	2024-01-14 21:55:14	13	0	1	0
     2905	2024-01-14 22:01:07	13	1	1	0
     2905	2024-01-14 22:01:15	13	1	1	0
     1200	2024-01-14 23:07:14	13	1	1	0
     1485	2024-01-15 05:24:11	13	0	1	0
     1485	2024-01-15 05:24:13	13	0	1	0
     1195	2024-01-15 05:52:14	13	0	1	0
     2324	2024-01-15 05:53:12	13	0	1	0
     2324	2024-01-15 05:53:15	13	0	1	0
     2835	2024-01-15 05:54:32	13	0	1	0
     2835	2024-01-15 05:54:34	13	0	1	0
     2643	2024-01-15 05:57:06	13	0	1	0
     2643	2024-01-15 05:57:12	13	0	1	0
     1800	2024-01-15 06:00:04	13	1	1	0
     1800	2024-01-15 06:00:06	13	1	1	0
     1800	2024-01-15 06:00:07	13	1	1	0
     2899	2024-01-15 06:01:11	13	1	1	0
     2899	2024-01-15 06:01:15	13	1	1	0
     2697	2024-01-15 06:09:06	13	0	1	0
     2697	2024-01-15 06:09:08	13	0	1	0
      352	2024-01-15 07:20:22	13	0	1	0
     2245	2024-01-15 07:32:57	13	0	1	0
     2245	2024-01-15 07:33:03	13	0	1	0
     2937	2024-01-15 07:39:52	13	0	1	0
     1055	2024-01-15 07:42:42	13	0	1	0
     1392	2024-01-15 07:43:19	13	0	1	0
     1392	2024-01-15 07:43:23	13	0	1	0
     1392	2024-01-15 07:43:27	13	0	1	0
      894	2024-01-15 07:44:28	13	0	1	0
      894	2024-01-15 07:44:31	13	0	1	0
      953	2024-01-15 07:45:15	13	0	1	0
      953	2024-01-15 07:45:17	13	0	1	0
      953	2024-01-15 07:45:19	13	0	1	0
     1244	2024-01-15 07:46:51	13	0	1	0
     1361	2024-01-15 07:52:35	13	0	1	0
     1361	2024-01-15 07:52:39	13	0	1	0
     2965	2024-01-15 07:52:53	13	0	1	0
      266	2024-01-15 07:59:07	13	0	1	0
      267	2024-01-15 07:59:56	13	0	1	0
      267	2024-01-15 07:59:58	13	0	1	0
      553	2024-01-15 08:00:45	13	0	1	0
     1378	2024-01-15 08:10:04	13	0	1	0
     1378	2024-01-15 08:10:05	13	0	1	0
      864	2024-01-15 08:50:23	13	0	1	0
      864	2024-01-15 08:50:24	13	0	1	0
     1055	2024-01-15 12:01:42	13	1	1	0
       85	2024-01-15 12:03:36	13	1	1	0
      953	2024-01-15 12:05:43	13	1	1	0
     1392	2024-01-15 12:07:04	13	1	1	0
     1392	2024-01-15 12:07:08	13	1	1	0
     1392	2024-01-15 12:07:12	13	1	1	0
     1378	2024-01-15 12:08:14	13	1	1	0
      553	2024-01-15 12:08:23	13	1	1	0
     1361	2024-01-15 12:08:59	13	1	1	0
     1361	2024-01-15 12:09:00	13	1	1	0
      894	2024-01-15 12:10:03	13	1	1	0
     2965	2024-01-15 12:13:02	13	1	1	0
     1361	2024-01-15 12:14:10	13	0	1	0
     1361	2024-01-15 12:14:12	13	0	1	0
     1392	2024-01-15 12:14:20	13	0	1	0
     1392	2024-01-15 12:14:24	13	0	1	0
     1392	2024-01-15 12:14:28	13	0	1	0
       85	2024-01-15 12:15:23	13	0	1	0
      953	2024-01-15 12:17:03	13	0	1	0
      864	2024-01-15 12:18:30	13	1	1	0
     1378	2024-01-15 12:20:02	13	0	1	0
      553	2024-01-15 12:21:25	13	0	1	0
      352	2024-01-15 12:21:37	13	1	1	0
     2937	2024-01-15 12:22:47	13	1	1	0
      266	2024-01-15 12:27:12	13	1	1	0
      267	2024-01-15 12:28:41	13	1	1	0
      267	2024-01-15 12:28:42	13	1	1	0
      266	2024-01-15 12:29:17	13	0	1	0
     2965	2024-01-15 12:30:21	13	0	1	0
      267	2024-01-15 12:30:28	13	0	1	0
      267	2024-01-15 12:30:29	13	0	1	0
     2937	2024-01-15 12:36:31	13	0	1	0
     1055	2024-01-15 12:36:49	13	0	1	0
     1195	2024-01-15 12:38:05	13	1	1	0
      894	2024-01-15 12:40:12	13	0	1	0
      864	2024-01-15 12:40:21	13	0	1	0
      352	2024-01-15 12:40:34	13	0	1	0
     1195	2024-01-15 12:46:04	13	0	1	0
     2905	2024-01-15 13:26:33	13	0	1	0
     2905	2024-01-15 13:26:36	13	0	1	0
     2278	2024-01-15 13:46:24	13	0	1	0
     2278	2024-01-15 13:46:27	13	0	1	0
     2324	2024-01-15 14:03:22	13	1	1	0
     2324	2024-01-15 14:03:24	13	1	1	0
     2835	2024-01-15 14:03:38	13	1	1	0
     2835	2024-01-15 14:03:40	13	1	1	0
     1485	2024-01-15 14:04:30	13	0	1	0
     1485	2024-01-15 14:04:42	13	1	1	0
     1485	2024-01-15 14:04:44	13	1	1	0
     2643	2024-01-15 14:04:49	13	1	1	0
     2643	2024-01-15 14:04:53	13	1	1	0
     2697	2024-01-15 14:10:49	13	1	1	0
     2697	2024-01-15 14:10:51	13	1	1	0
      894	2024-01-15 15:04:25	13	1	1	0
      553	2024-01-15 17:00:56	13	1	1	0
     2245	2024-01-15 17:01:01	13	1	1	0
     2245	2024-01-15 17:01:03	13	1	1	0
      266	2024-01-15 17:01:10	13	1	1	0
      267	2024-01-15 17:01:18	13	1	1	0
      267	2024-01-15 17:01:20	13	1	1	0
      953	2024-01-15 17:01:26	13	1	1	0
      953	2024-01-15 17:01:28	13	1	1	0
      953	2024-01-15 17:01:30	13	1	1	0
      864	2024-01-15 17:01:43	13	1	1	0
      864	2024-01-15 17:01:49	13	1	1	0
     2937	2024-01-15 17:01:55	13	1	1	0
     2965	2024-01-15 17:02:06	13	1	1	0
     1378	2024-01-15 17:02:16	13	1	1	0
     1378	2024-01-15 17:02:18	13	1	1	0
     1392	2024-01-15 17:02:58	13	1	1	0
     1392	2024-01-15 17:03:02	13	1	1	0
     1392	2024-01-15 17:03:06	13	1	1	0
     1055	2024-01-15 17:03:18	13	1	1	0
     1195	2024-01-15 17:04:15	13	1	1	0
      352	2024-01-15 17:06:17	13	1	1	0
     1361	2024-01-15 17:29:13	13	1	1	0
     1361	2024-01-15 17:29:15	13	1	1	0
     1800	2024-01-15 20:55:04	13	0	1	0
     1800	2024-01-15 20:55:05	13	0	1	0
     2905	2024-01-15 22:29:57	13	1	1	0
     2905	2024-01-15 22:30:00	13	1	1	0
     2278	2024-01-15 22:57:26	13	1	1	0
     2278	2024-01-15 22:57:27	13	1	1	0
     1485	2024-01-16 05:17:53	13	0	1	0
     1485	2024-01-16 05:17:57	13	0	1	0
     1485	2024-01-16 05:18:00	13	0	1	0
     2835	2024-01-16 05:50:51	13	0	1	0
     2835	2024-01-16 05:50:53	13	0	1	0
     2324	2024-01-16 05:54:16	13	0	1	0
     2324	2024-01-16 05:54:17	13	0	1	0
     2810	2024-01-16 05:56:30	13	0	1	0
     2810	2024-01-16 05:56:33	13	0	1	0
     2697	2024-01-16 06:32:08	13	0	1	0
     2697	2024-01-16 06:32:10	13	0	1	0
     1800	2024-01-16 06:41:50	13	1	1	0
     1800	2024-01-16 06:41:51	13	1	1	0
      894	2024-01-16 07:45:51	13	0	1	0
      864	2024-01-16 07:55:38	13	0	1	0
      864	2024-01-16 07:55:40	13	0	1	0
      864	2024-01-16 12:03:28	13	1	1	0
      864	2024-01-16 12:33:35	13	0	1	0
     2905	2024-01-16 13:00:41	13	0	1	0
     2905	2024-01-16 13:00:44	13	0	1	0
     1485	2024-01-16 14:00:27	13	1	1	0
     1485	2024-01-16 14:00:29	13	1	1	0
     2835	2024-01-16 14:01:00	13	1	1	0
     2835	2024-01-16 14:01:01	13	1	1	0
     2835	2024-01-16 14:01:03	13	1	1	0
     2324	2024-01-16 14:01:15	13	1	1	0
     2324	2024-01-16 14:01:16	13	1	1	0
     2810	2024-01-16 14:04:33	13	1	1	0
     2810	2024-01-16 14:04:34	13	1	1	0
     2697	2024-01-16 14:16:23	13	1	1	0
     2697	2024-01-16 14:16:25	13	1	1	0
      864	2024-01-16 17:04:49	13	1	1	0
      864	2024-01-16 17:04:51	13	1	1	0
     1800	2024-01-16 21:38:52	13	0	1	0
     1800	2024-01-16 21:38:54	13	0	1	0
     1800	2024-01-16 21:38:59	13	0	1	0
     2905	2024-01-16 22:03:19	13	1	1	0
     2905	2024-01-16 22:03:21	13	1	1	0
     2324	2024-01-17 05:44:38	13	0	1	0
     2324	2024-01-17 05:44:40	13	0	1	0
     2810	2024-01-17 05:52:45	13	0	1	0
     2810	2024-01-17 05:52:46	13	0	1	0
     2697	2024-01-17 05:55:11	13	0	1	0
     2697	2024-01-17 05:55:13	13	0	1	0
     2835	2024-01-17 05:56:50	13	0	1	0
     2835	2024-01-17 05:56:53	13	0	1	0
     2619	2024-01-17 05:57:43	13	0	1	0
     2619	2024-01-17 05:57:45	13	0	1	0
     2643	2024-01-17 05:57:51	13	0	1	0
     2643	2024-01-17 05:57:56	13	0	1	0
     1800	2024-01-17 06:02:24	13	1	1	0
     1800	2024-01-17 06:02:25	13	1	1	0
     1800	2024-01-17 06:02:27	13	1	1	0
     2937	2024-01-17 07:38:41	13	0	1	0
      894	2024-01-17 07:38:50	13	0	1	0
     2245	2024-01-17 07:42:28	13	0	1	0
     2245	2024-01-17 07:42:32	13	0	1	0
     1195	2024-01-17 07:44:06	13	0	1	0
     1195	2024-01-17 07:44:07	13	0	1	0
     2965	2024-01-17 07:50:06	13	0	1	0
      864	2024-01-17 07:55:35	13	0	1	0
      864	2024-01-17 07:55:39	13	0	1	0
     1055	2024-01-17 07:57:06	13	0	1	0
      352	2024-01-17 07:57:39	13	0	1	0
     1244	2024-01-17 07:58:25	13	0	1	0
     1392	2024-01-17 07:58:44	13	0	1	0
     1392	2024-01-17 07:58:48	13	0	1	0
     1361	2024-01-17 07:59:45	13	0	1	0
     1361	2024-01-17 07:59:46	13	0	1	0
     1378	2024-01-17 08:01:36	13	0	1	0
     1378	2024-01-17 08:01:38	13	0	1	0
      266	2024-01-17 08:04:00	13	0	1	0
      553	2024-01-17 08:10:11	13	0	1	0
