     2686	2023-12-31 00:11:13	15	1	1	0
     2686	2023-12-31 00:11:15	15	1	1	0
     1491	2023-12-31 05:13:57	15	0	1	0
     1491	2023-12-31 05:14:02	15	0	1	0
     2314	2023-12-31 06:00:15	15	1	1	0
     2314	2023-12-31 06:00:16	15	1	1	0
     1452	2023-12-31 06:04:10	15	0	1	0
     1452	2023-12-31 06:04:15	15	0	1	0
     1360	2023-12-31 06:04:24	15	0	1	0
     1360	2023-12-31 06:04:26	15	0	1	0
     2816	2023-12-31 08:13:03	15	1	1	0
     2816	2023-12-31 08:13:08	15	1	1	0
     1350	2023-12-31 10:26:20	15	1	1	0
     1576	2023-12-31 10:45:32	15	1	1	0
     2686	2023-12-31 12:34:50	15	0	1	0
     2686	2023-12-31 12:34:52	15	0	1	0
     1338	2023-12-31 13:12:44	15	0	1	0
     1338	2023-12-31 13:12:46	15	0	1	0
     1360	2023-12-31 15:30:26	15	1	1	0
     1360	2023-12-31 15:30:28	15	1	1	0
     1452	2023-12-31 17:39:17	15	1	1	0
     1452	2023-12-31 17:39:24	15	1	1	0
     1491	2023-12-31 18:55:46	15	1	1	0
     1491	2023-12-31 18:55:51	15	1	1	0
     1576	2023-12-31 19:30:14	15	0	1	0
     1350	2023-12-31 20:23:12	15	0	1	0
     1338	2023-12-31 22:08:51	15	1	1	0
     1338	2023-12-31 22:08:53	15	1	1	0
     2686	2024-01-01 00:36:20	15	1	1	0
     2686	2024-01-01 00:36:22	15	1	1	0
     1452	2024-01-01 05:55:15	15	0	1	0
     1452	2024-01-01 05:55:21	15	0	1	0
     1491	2024-01-01 07:04:19	15	0	1	0
     1491	2024-01-01 07:04:24	15	0	1	0
     1576	2024-01-01 10:45:27	15	1	1	0
     1350	2024-01-01 10:53:20	15	1	1	0
     1338	2024-01-01 13:20:09	15	0	1	0
     1338	2024-01-01 13:20:11	15	0	1	0
     1491	2024-01-01 14:02:34	15	1	1	0
     1491	2024-01-01 14:02:39	15	1	1	0
     1452	2024-01-01 14:05:00	15	1	1	0
     1452	2024-01-01 14:05:07	15	1	1	0
     1350	2024-01-01 18:32:12	15	0	1	0
     1576	2024-01-01 20:06:29	15	0	1	0
     2314	2024-01-01 21:34:31	15	0	1	0
     2314	2024-01-01 21:34:33	15	0	1	0
     1338	2024-01-01 22:05:04	15	1	1	0
     1338	2024-01-01 22:05:06	15	1	1	0
     2816	2024-01-01 23:29:10	15	0	1	0
     2816	2024-01-01 23:29:15	15	0	1	0
     2656	2024-01-02 06:10:13	15	0	1	0
     2656	2024-01-02 06:10:18	15	0	1	0
     1491	2024-01-02 06:28:15	15	0	1	0
     1491	2024-01-02 06:28:20	15	0	1	0
     2314	2024-01-02 06:30:15	15	1	1	0
     2314	2024-01-02 06:30:17	15	1	1	0
     2931	2024-01-02 06:47:50	15	0	1	0
     2931	2024-01-02 06:47:54	15	0	1	0
     2931	2024-01-02 06:47:59	15	0	1	0
      328	2024-01-02 06:50:27	15	0	1	0
      328	2024-01-02 06:50:30	15	0	1	0
      159	2024-01-02 07:04:03	15	0	1	0
     1365	2024-01-02 07:13:29	15	0	1	0
     1365	2024-01-02 07:13:36	15	0	1	0
     1365	2024-01-02 07:13:41	15	0	1	0
     1157	2024-01-02 07:44:11	15	0	1	0
     1157	2024-01-02 07:44:13	15	0	1	0
     1897	2024-01-02 07:45:30	15	0	1	0
     1897	2024-01-02 07:45:32	15	0	1	0
      406	2024-01-02 07:47:04	15	0	1	0
      406	2024-01-02 07:47:05	15	0	1	0
      406	2024-01-02 07:47:23	15	0	1	0
      690	2024-01-02 07:52:09	15	0	1	0
      690	2024-01-02 07:52:11	15	0	1	0
      383	2024-01-02 07:53:07	15	0	1	0
     1452	2024-01-02 07:55:05	15	0	1	0
     1452	2024-01-02 07:55:12	15	0	1	0
      801	2024-01-02 07:56:40	15	0	1	0
      801	2024-01-02 07:56:42	15	0	1	0
     1003	2024-01-02 08:02:38	15	0	1	0
     1003	2024-01-02 08:02:40	15	0	1	0
     1009	2024-01-02 08:03:58	15	0	1	0
     1009	2024-01-02 08:04:00	15	0	1	0
     2528	2024-01-02 08:06:40	15	0	1	0
     2528	2024-01-02 08:06:42	15	0	1	0
     1117	2024-01-02 08:11:28	15	0	1	0
     1117	2024-01-02 08:11:30	15	0	1	0
     2828	2024-01-02 08:12:04	15	0	1	0
     2828	2024-01-02 08:12:06	15	0	1	0
     1220	2024-01-02 08:12:12	15	0	1	0
     1220	2024-01-02 08:12:14	15	0	1	0
     2652	2024-01-02 08:17:31	15	0	1	0
     2652	2024-01-02 08:17:36	15	0	1	0
     2652	2024-01-02 08:17:38	15	0	1	0
     1576	2024-01-02 08:28:28	15	1	1	0
     1250	2024-01-02 08:38:46	15	0	1	0
     1250	2024-01-02 08:38:47	15	0	1	0
      458	2024-01-02 08:48:18	15	0	1	0
      458	2024-01-02 08:48:23	15	0	1	0
     2903	2024-01-02 08:48:28	15	0	1	0
     2903	2024-01-02 08:48:29	15	0	1	0
     2816	2024-01-02 08:54:00	15	1	1	0
     2816	2024-01-02 08:54:04	15	1	1	0
     1350	2024-01-02 09:28:08	15	1	1	0
     1897	2024-01-02 12:01:48	15	1	1	0
     1897	2024-01-02 12:01:51	15	1	1	0
      406	2024-01-02 12:01:55	15	1	1	0
      406	2024-01-02 12:01:58	15	1	1	0
      690	2024-01-02 12:02:17	15	1	1	0
      690	2024-01-02 12:02:18	15	1	1	0
      159	2024-01-02 12:02:26	15	1	1	0
     1009	2024-01-02 12:02:40	15	1	1	0
     1009	2024-01-02 12:02:41	15	1	1	0
      383	2024-01-02 12:02:50	15	1	1	0
     1003	2024-01-02 12:03:02	15	1	1	0
     1003	2024-01-02 12:03:04	15	1	1	0
      406	2024-01-02 12:03:06	15	1	1	0
      406	2024-01-02 12:03:08	15	1	1	0
      383	2024-01-02 12:04:22	15	0	1	0
     1009	2024-01-02 12:07:01	15	0	1	0
     1009	2024-01-02 12:07:03	15	0	1	0
     2828	2024-01-02 12:07:50	15	1	1	0
     2828	2024-01-02 12:07:52	15	1	1	0
     1897	2024-01-02 12:08:38	15	0	1	0
     1897	2024-01-02 12:08:41	15	0	1	0
      458	2024-01-02 12:13:11	15	1	1	0
      458	2024-01-02 12:13:13	15	1	1	0
      458	2024-01-02 12:13:16	15	1	1	0
     2903	2024-01-02 12:13:22	15	1	1	0
     2903	2024-01-02 12:13:23	15	1	1	0
      690	2024-01-02 12:13:32	15	0	1	0
     2828	2024-01-02 12:13:51	15	0	1	0
     2828	2024-01-02 12:13:52	15	0	1	0
      159	2024-01-02 12:14:32	15	0	1	0
      458	2024-01-02 12:15:41	15	0	1	0
      458	2024-01-02 12:15:42	15	0	1	0
     2903	2024-01-02 12:15:48	15	0	1	0
     2903	2024-01-02 12:15:49	15	0	1	0
     1003	2024-01-02 12:24:32	15	0	1	0
     1003	2024-01-02 12:24:34	15	0	1	0
     2656	2024-01-02 12:28:30	15	1	1	0
     2656	2024-01-02 12:28:34	15	1	1	0
     2656	2024-01-02 12:31:14	15	0	1	0
     2656	2024-01-02 12:31:20	15	0	1	0
     2528	2024-01-02 12:31:30	15	1	1	0
     2528	2024-01-02 12:31:32	15	1	1	0
     2528	2024-01-02 12:33:47	15	0	1	0
     2528	2024-01-02 12:33:49	15	0	1	0
     1360	2024-01-02 12:54:24	15	0	1	0
     1360	2024-01-02 12:54:26	15	0	1	0
     2686	2024-01-02 13:03:50	15	0	1	0
     2686	2024-01-02 13:03:52	15	0	1	0
     1452	2024-01-02 14:02:52	15	1	1	0
     1452	2024-01-02 14:02:57	15	1	1	0
     1491	2024-01-02 14:07:02	15	1	1	0
     1491	2024-01-02 14:07:07	15	1	1	0
     1365	2024-01-02 17:01:36	15	1	1	0
     1365	2024-01-02 17:01:39	15	1	1	0
     1365	2024-01-02 17:01:45	15	1	1	0
      159	2024-01-02 17:02:03	15	1	1	0
      406	2024-01-02 17:02:13	15	1	1	0
      406	2024-01-02 17:02:15	15	1	1	0
      406	2024-01-02 17:02:20	15	1	1	0
     1009	2024-01-02 17:02:37	15	1	1	0
     1009	2024-01-02 17:02:39	15	1	1	0
      458	2024-01-02 17:03:10	15	0	1	0
      458	2024-01-02 17:03:15	15	1	1	0
      458	2024-01-02 17:03:19	15	1	1	0
      458	2024-01-02 17:03:22	15	1	1	0
     2828	2024-01-02 17:03:30	15	1	1	0
     2828	2024-01-02 17:03:31	15	1	1	0
     2828	2024-01-02 17:03:33	15	1	1	0
     1897	2024-01-02 17:03:40	15	1	1	0
     1897	2024-01-02 17:03:43	15	1	1	0
     1897	2024-01-02 17:03:44	15	1	1	0
     1003	2024-01-02 17:03:50	15	1	1	0
     1003	2024-01-02 17:03:52	15	1	1	0
      690	2024-01-02 17:05:02	15	1	1	0
      690	2024-01-02 17:05:04	15	1	1	0
      690	2024-01-02 17:05:05	15	1	1	0
      801	2024-01-02 17:06:15	15	1	1	0
      801	2024-01-02 17:06:17	15	1	1	0
     1250	2024-01-02 17:09:35	15	1	1	0
     1250	2024-01-02 17:09:36	15	1	1	0
     2656	2024-01-02 17:16:38	15	1	1	0
     2656	2024-01-02 17:16:43	15	1	1	0
      328	2024-01-02 17:18:51	15	1	1	0
      328	2024-01-02 17:18:54	15	1	1	0
      383	2024-01-02 17:25:27	15	1	1	0
     2903	2024-01-02 17:28:07	15	1	1	0
     2903	2024-01-02 17:28:09	15	1	1	0
      458	2024-01-02 17:28:20	15	1	1	0
     1576	2024-01-02 17:31:22	15	0	1	0
     1220	2024-01-02 17:32:22	15	1	1	0
     1220	2024-01-02 17:32:23	15	1	1	0
     2528	2024-01-02 17:41:18	15	1	1	0
     2528	2024-01-02 17:41:28	15	1	1	0
     2528	2024-01-02 17:41:31	15	1	1	0
     2931	2024-01-02 18:20:49	15	1	1	0
     2931	2024-01-02 18:20:53	15	1	1	0
     2931	2024-01-02 18:20:57	15	1	1	0
     2652	2024-01-02 18:22:12	15	1	1	0
     2652	2024-01-02 18:22:14	15	1	1	0
     2652	2024-01-02 18:22:16	15	1	1	0
     1117	2024-01-02 18:38:22	15	1	1	0
     1117	2024-01-02 18:38:24	15	1	1	0
     1350	2024-01-02 21:38:50	15	0	1	0
     2314	2024-01-02 21:57:21	15	0	1	0
     2314	2024-01-02 21:57:23	15	0	1	0
     1360	2024-01-02 22:10:13	15	1	1	0
     1360	2024-01-02 22:10:15	15	1	1	0
     2686	2024-01-02 22:47:41	15	1	1	0
     2686	2024-01-02 22:47:43	15	1	1	0
     2816	2024-01-02 23:34:37	15	0	1	0
     2816	2024-01-02 23:34:41	15	0	1	0
     1491	2024-01-03 05:38:06	15	0	1	0
     1491	2024-01-03 05:38:11	15	0	1	0
     2656	2024-01-03 06:12:59	15	0	1	0
     2656	2024-01-03 06:13:05	15	0	1	0
     1452	2024-01-03 06:20:39	15	0	1	0
     1452	2024-01-03 06:20:45	15	0	1	0
     2314	2024-01-03 06:21:50	15	1	1	0
     2314	2024-01-03 06:21:52	15	1	1	0
     1350	2024-01-03 06:28:52	15	1	1	0
     1220	2024-01-03 06:32:52	15	0	1	0
     1220	2024-01-03 06:32:54	15	0	1	0
      328	2024-01-03 06:55:02	15	0	1	0
      328	2024-01-03 06:55:17	15	0	1	0
     2931	2024-01-03 06:56:53	15	0	1	0
     2931	2024-01-03 06:56:54	15	0	1	0
     2931	2024-01-03 06:56:58	15	0	1	0
     2931	2024-01-03 06:57:02	15	0	1	0
     2453	2024-01-03 07:03:27	15	0	1	0
     2453	2024-01-03 07:03:29	15	0	1	0
     2453	2024-01-03 07:03:31	15	0	1	0
     2453	2024-01-03 07:03:39	15	0	1	0
     2453	2024-01-03 07:03:41	15	0	1	0
     1365	2024-01-03 07:06:36	15	0	1	0
     1365	2024-01-03 07:06:40	15	0	1	0
     1365	2024-01-03 07:06:47	15	0	1	0
      998	2024-01-03 07:07:38	15	0	1	0
      998	2024-01-03 07:07:40	15	0	1	0
      159	2024-01-03 07:09:51	15	0	1	0
      159	2024-01-03 07:11:51	15	0	1	0
     1127	2024-01-03 07:25:50	15	0	1	0
     1127	2024-01-03 07:25:52	15	0	1	0
     2903	2024-01-03 07:32:17	15	0	1	0
     2903	2024-01-03 07:32:19	15	0	1	0
     2002	2024-01-03 07:32:37	15	0	1	0
     2002	2024-01-03 07:32:41	15	0	1	0
     2002	2024-01-03 07:32:45	15	0	1	0
      690	2024-01-03 07:38:40	15	0	1	0
      690	2024-01-03 07:38:42	15	0	1	0
     2458	2024-01-03 07:40:07	15	0	1	0
     2458	2024-01-03 07:40:09	15	0	1	0
      406	2024-01-03 07:45:07	15	0	1	0
      406	2024-01-03 07:45:09	15	0	1	0
     2828	2024-01-03 07:46:14	15	0	1	0
     2828	2024-01-03 07:46:15	15	0	1	0
     1009	2024-01-03 07:46:56	15	0	1	0
     1009	2024-01-03 07:47:00	15	0	1	0
     1897	2024-01-03 07:47:10	15	0	1	0
     1897	2024-01-03 07:47:12	15	0	1	0
     1576	2024-01-03 07:49:26	15	1	1	0
      383	2024-01-03 07:50:56	15	0	1	0
     2527	2024-01-03 07:52:07	15	0	1	0
     2527	2024-01-03 07:52:09	15	0	1	0
     2527	2024-01-03 07:52:11	15	0	1	0
     2528	2024-01-03 07:52:16	15	0	1	0
     2528	2024-01-03 07:52:18	15	0	1	0
     2131	2024-01-03 07:53:13	15	0	1	0
     2131	2024-01-03 07:53:15	15	0	1	0
     2131	2024-01-03 07:53:16	15	0	1	0
      801	2024-01-03 07:54:29	15	0	1	0
      801	2024-01-03 07:54:31	15	0	1	0
     1157	2024-01-03 07:55:41	15	0	1	0
     1157	2024-01-03 07:55:43	15	0	1	0
     1232	2024-01-03 07:56:10	15	0	1	0
     1003	2024-01-03 08:00:01	15	0	1	0
     1003	2024-01-03 08:00:03	15	0	1	0
     2816	2024-01-03 08:13:03	15	1	1	0
     2816	2024-01-03 08:13:07	15	1	1	0
      458	2024-01-03 08:38:28	15	0	1	0
      458	2024-01-03 08:38:30	15	0	1	0
     1009	2024-01-03 12:01:24	15	1	1	0
     1009	2024-01-03 12:01:26	15	1	1	0
      159	2024-01-03 12:02:53	15	1	1	0
      690	2024-01-03 12:03:06	15	1	1	0
      690	2024-01-03 12:03:07	15	1	1	0
     1003	2024-01-03 12:03:16	15	1	1	0
     1003	2024-01-03 12:03:18	15	1	1	0
      406	2024-01-03 12:04:19	15	1	1	0
      406	2024-01-03 12:04:25	15	1	1	0
      406	2024-01-03 12:05:06	15	0	1	0
      406	2024-01-03 12:05:08	15	0	1	0
      998	2024-01-03 12:05:16	15	1	1	0
      998	2024-01-03 12:05:18	15	1	1	0
     2131	2024-01-03 12:05:26	15	1	1	0
     2131	2024-01-03 12:05:28	15	1	1	0
     1897	2024-01-03 12:06:11	15	1	1	0
     1897	2024-01-03 12:06:13	15	1	1	0
      998	2024-01-03 12:07:08	15	0	1	0
      998	2024-01-03 12:07:10	15	0	1	0
     2131	2024-01-03 12:07:14	15	0	1	0
     2131	2024-01-03 12:07:16	15	0	1	0
     2828	2024-01-03 12:09:18	15	1	1	0
     2828	2024-01-03 12:09:23	15	1	1	0
     1897	2024-01-03 12:10:44	15	0	1	0
     1897	2024-01-03 12:10:46	15	0	1	0
     2903	2024-01-03 12:11:45	15	1	1	0
     2903	2024-01-03 12:11:46	15	1	1	0
     2828	2024-01-03 12:15:07	15	0	1	0
     2828	2024-01-03 12:15:09	15	0	1	0
     2903	2024-01-03 12:18:55	15	0	1	0
     2903	2024-01-03 12:18:56	15	0	1	0
     2656	2024-01-03 12:20:00	15	1	1	0
     2656	2024-01-03 12:20:05	15	1	1	0
      159	2024-01-03 12:20:12	15	0	1	0
     1003	2024-01-03 12:20:46	15	0	1	0
     1003	2024-01-03 12:20:48	15	0	1	0
     2656	2024-01-03 12:22:04	15	0	1	0
     2656	2024-01-03 12:22:09	15	0	1	0
      458	2024-01-03 12:26:28	15	1	1	0
      458	2024-01-03 12:26:29	15	1	1	0
      458	2024-01-03 12:26:31	15	0	1	0
     1009	2024-01-03 12:34:43	15	0	1	0
     1009	2024-01-03 12:34:44	15	0	1	0
      690	2024-01-03 12:47:05	15	0	1	0
      690	2024-01-03 12:47:06	15	0	1	0
     1338	2024-01-03 13:15:43	15	0	1	0
     1338	2024-01-03 13:15:45	15	0	1	0
     2686	2024-01-03 13:36:45	15	0	1	0
     2686	2024-01-03 13:36:48	15	0	1	0
     1452	2024-01-03 14:15:10	15	1	1	0
     1452	2024-01-03 14:15:16	15	1	1	0
     1491	2024-01-03 14:29:24	15	1	1	0
     1491	2024-01-03 14:29:29	15	1	1	0
     2131	2024-01-03 17:00:16	15	1	1	0
     2131	2024-01-03 17:00:18	15	1	1	0
      998	2024-01-03 17:00:29	15	1	1	0
      998	2024-01-03 17:00:30	15	1	1	0
     1897	2024-01-03 17:01:08	15	1	1	0
     1897	2024-01-03 17:01:10	15	1	1	0
      406	2024-01-03 17:01:18	15	1	1	0
      406	2024-01-03 17:01:20	15	1	1	0
      159	2024-01-03 17:01:34	15	1	1	0
      406	2024-01-03 17:01:50	15	1	1	0
     1009	2024-01-03 17:02:02	15	1	1	0
     1009	2024-01-03 17:02:04	15	1	1	0
      383	2024-01-03 17:02:09	15	1	1	0
     1003	2024-01-03 17:02:17	15	1	1	0
     1003	2024-01-03 17:02:19	15	1	1	0
     2828	2024-01-03 17:03:07	15	1	1	0
     2828	2024-01-03 17:03:09	15	1	1	0
      801	2024-01-03 17:03:16	15	1	1	0
      801	2024-01-03 17:03:17	15	1	1	0
      690	2024-01-03 17:03:22	15	1	1	0
      690	2024-01-03 17:03:24	15	1	1	0
      690	2024-01-03 17:03:25	15	1	1	0
     1365	2024-01-03 17:04:52	15	1	1	0
     1365	2024-01-03 17:04:54	15	1	1	0
     1365	2024-01-03 17:05:01	15	1	1	0
     2002	2024-01-03 17:05:19	15	1	1	0
     2002	2024-01-03 17:05:24	15	1	1	0
     2002	2024-01-03 17:05:28	15	1	1	0
     2903	2024-01-03 17:18:58	15	1	1	0
     2903	2024-01-03 17:19:00	15	1	1	0
     1250	2024-01-03 17:23:51	15	1	1	0
     1250	2024-01-03 17:23:53	15	1	1	0
     1220	2024-01-03 17:30:00	15	1	1	0
     1220	2024-01-03 17:30:02	15	1	1	0
     2528	2024-01-03 17:31:37	15	1	1	0
     2528	2024-01-03 17:31:39	15	1	1	0
      458	2024-01-03 17:32:20	15	1	1	0
      458	2024-01-03 17:32:23	15	1	1	0
     2656	2024-01-03 17:34:51	15	1	1	0
     2656	2024-01-03 17:34:56	15	1	1	0
     2527	2024-01-03 17:44:32	15	0	1	0
     2527	2024-01-03 17:44:36	15	1	1	0
     2527	2024-01-03 17:44:38	15	1	1	0
     2527	2024-01-03 17:44:40	15	1	1	0
      328	2024-01-03 18:04:57	15	1	1	0
      328	2024-01-03 18:05:00	15	1	1	0
     1232	2024-01-03 18:19:58	15	1	1	0
     1117	2024-01-03 18:48:33	15	1	1	0
     1117	2024-01-03 18:48:35	15	1	1	0
     1350	2024-01-03 19:34:53	15	0	1	0
     1576	2024-01-03 20:16:07	15	0	1	0
     2314	2024-01-03 20:45:53	15	0	1	0
     2314	2024-01-03 20:45:55	15	0	1	0
     2458	2024-01-03 20:50:25	15	1	1	0
     2458	2024-01-03 20:50:27	15	1	1	0
     2931	2024-01-03 21:18:07	15	1	1	0
     2931	2024-01-03 21:18:11	15	1	1	0
     2931	2024-01-03 21:18:15	15	1	1	0
     1360	2024-01-03 21:42:04	15	0	1	0
     1360	2024-01-03 21:42:06	15	0	1	0
     2686	2024-01-03 22:10:29	15	1	1	0
     2686	2024-01-03 22:10:31	15	1	1	0
     1338	2024-01-03 22:10:34	15	1	1	0
     1338	2024-01-03 22:10:36	15	1	1	0
     2528	2024-01-04 05:42:39	15	0	1	0
     2528	2024-01-04 05:42:42	15	0	1	0
     2656	2024-01-04 06:01:31	15	0	1	0
     2656	2024-01-04 06:01:36	15	0	1	0
     2314	2024-01-04 06:06:05	15	1	1	0
     2314	2024-01-04 06:06:07	15	1	1	0
     1220	2024-01-04 06:15:35	15	0	1	0
     1220	2024-01-04 06:15:37	15	0	1	0
     1360	2024-01-04 06:17:25	15	1	1	0
     1360	2024-01-04 06:17:27	15	1	1	0
     2527	2024-01-04 06:17:35	15	0	1	0
     2527	2024-01-04 06:17:37	15	0	1	0
     2527	2024-01-04 06:17:39	15	0	1	0
      328	2024-01-04 06:19:47	15	0	1	0
      328	2024-01-04 06:19:49	15	0	1	0
     1452	2024-01-04 06:29:23	15	0	1	0
     1452	2024-01-04 06:29:29	15	0	1	0
     1350	2024-01-04 06:40:21	15	1	1	0
     1365	2024-01-04 07:01:34	15	0	1	0
     1365	2024-01-04 07:01:39	15	0	1	0
     1365	2024-01-04 07:01:46	15	0	1	0
     2931	2024-01-04 07:05:22	15	0	1	0
     2931	2024-01-04 07:05:27	15	0	1	0
     2931	2024-01-04 07:05:31	15	0	1	0
     2002	2024-01-04 07:14:40	15	0	1	0
     2002	2024-01-04 07:14:44	15	0	1	0
     2002	2024-01-04 07:14:49	15	0	1	0
      159	2024-01-04 07:15:34	15	0	1	0
     2453	2024-01-04 07:19:16	15	0	1	0
     2453	2024-01-04 07:19:18	15	0	1	0
     2453	2024-01-04 07:19:21	15	0	1	0
     1127	2024-01-04 07:27:30	15	0	1	0
     1127	2024-01-04 07:27:32	15	0	1	0
      690	2024-01-04 07:38:41	15	0	1	0
      690	2024-01-04 07:38:43	15	0	1	0
     1897	2024-01-04 07:44:20	15	0	1	0
     1897	2024-01-04 07:44:22	15	0	1	0
      406	2024-01-04 07:46:34	15	0	1	0
      406	2024-01-04 07:46:36	15	0	1	0
      406	2024-01-04 07:46:37	15	0	1	0
      406	2024-01-04 07:47:48	15	0	1	0
      406	2024-01-04 07:47:50	15	0	1	0
     2131	2024-01-04 07:49:02	15	0	1	0
     2131	2024-01-04 07:49:03	15	0	1	0
     2828	2024-01-04 07:51:29	15	0	1	0
     2828	2024-01-04 07:51:31	15	0	1	0
      383	2024-01-04 07:53:01	15	0	1	0
      801	2024-01-04 07:58:35	15	0	1	0
      801	2024-01-04 07:58:37	15	0	1	0
     1232	2024-01-04 07:58:56	15	0	1	0
     1003	2024-01-04 07:59:32	15	0	1	0
     1003	2024-01-04 07:59:34	15	0	1	0
     1009	2024-01-04 08:02:46	15	0	1	0
     1009	2024-01-04 08:02:47	15	0	1	0
      458	2024-01-04 08:04:47	15	0	1	0
      458	2024-01-04 08:04:49	15	0	1	0
     2903	2024-01-04 08:05:03	15	0	1	0
     2903	2024-01-04 08:05:05	15	0	1	0
      458	2024-01-04 08:09:58	15	0	1	0
     1576	2024-01-04 08:34:19	15	1	1	0
     2652	2024-01-04 08:46:03	15	0	1	0
     2652	2024-01-04 08:46:06	15	0	1	0
     2652	2024-01-04 08:46:08	15	0	1	0
      383	2024-01-04 12:02:02	15	1	1	0
      406	2024-01-04 12:02:08	15	1	1	0
      406	2024-01-04 12:02:09	15	1	1	0
      998	2024-01-04 12:02:16	15	1	1	0
      998	2024-01-04 12:02:18	15	1	1	0
     2828	2024-01-04 12:02:33	15	1	1	0
     2828	2024-01-04 12:02:34	15	1	1	0
      159	2024-01-04 12:02:40	15	1	1	0
     1009	2024-01-04 12:02:58	15	1	1	0
     1009	2024-01-04 12:02:59	15	1	1	0
     1009	2024-01-04 12:03:11	15	1	1	0
      406	2024-01-04 12:03:23	15	0	1	0
      406	2024-01-04 12:03:24	15	0	1	0
      383	2024-01-04 12:04:04	15	0	1	0
     2131	2024-01-04 12:04:13	15	1	1	0
     2131	2024-01-04 12:04:15	15	1	1	0
      406	2024-01-04 12:04:22	15	0	1	0
     1003	2024-01-04 12:08:15	15	1	1	0
     1003	2024-01-04 12:08:16	15	1	1	0
      458	2024-01-04 12:09:52	15	1	1	0
      458	2024-01-04 12:09:55	15	1	1	0
     2903	2024-01-04 12:10:20	15	1	1	0
     2903	2024-01-04 12:10:22	15	1	1	0
      690	2024-01-04 12:10:34	15	1	1	0
      690	2024-01-04 12:10:35	15	1	1	0
      458	2024-01-04 12:11:39	15	0	1	0
      458	2024-01-04 12:11:41	15	0	1	0
      159	2024-01-04 12:14:45	15	0	1	0
     2903	2024-01-04 12:15:54	15	0	1	0
      458	2024-01-04 12:16:25	15	0	1	0
     2828	2024-01-04 12:21:10	15	0	1	0
     2828	2024-01-04 12:21:12	15	0	1	0
      690	2024-01-04 12:23:01	15	0	1	0
      690	2024-01-04 12:23:02	15	0	1	0
      998	2024-01-04 12:24:12	15	0	1	0
      998	2024-01-04 12:24:13	15	0	1	0
     1009	2024-01-04 12:30:41	15	0	1	0
     1009	2024-01-04 12:30:42	15	0	1	0
     1003	2024-01-04 12:31:03	15	0	1	0
     1003	2024-01-04 12:31:05	15	0	1	0
     2656	2024-01-04 12:36:11	15	1	1	0
     2656	2024-01-04 12:36:16	15	1	1	0
     2656	2024-01-04 12:40:17	15	0	1	0
     2656	2024-01-04 12:40:24	15	0	1	0
     1897	2024-01-04 12:50:27	15	1	1	0
     1897	2024-01-04 12:50:29	15	1	1	0
     1897	2024-01-04 12:53:16	15	0	1	0
     1897	2024-01-04 12:53:20	15	0	1	0
     1338	2024-01-04 13:15:58	15	0	1	0
     1338	2024-01-04 13:16:02	15	0	1	0
     2686	2024-01-04 13:17:20	15	0	1	0
     2686	2024-01-04 13:17:22	15	0	1	0
     1452	2024-01-04 14:26:52	15	1	1	0
     1452	2024-01-04 14:26:58	15	1	1	0
     1491	2024-01-04 15:14:36	15	1	1	0
     1491	2024-01-04 15:14:50	15	1	1	0
     1491	2024-01-04 15:14:55	15	1	1	0
     1897	2024-01-04 17:01:22	15	1	1	0
     1897	2024-01-04 17:01:24	15	1	1	0
      159	2024-01-04 17:01:33	15	1	1	0
     1250	2024-01-04 17:01:41	15	1	1	0
     1250	2024-01-04 17:01:43	15	1	1	0
      406	2024-01-04 17:01:47	15	1	1	0
      406	2024-01-04 17:01:49	15	1	1	0
      406	2024-01-04 17:01:51	15	1	1	0
     1009	2024-01-04 17:02:11	15	1	1	0
     1009	2024-01-04 17:02:12	15	1	1	0
     2131	2024-01-04 17:02:20	15	1	1	0
     2131	2024-01-04 17:02:24	15	1	1	0
     2131	2024-01-04 17:02:26	15	1	1	0
     2828	2024-01-04 17:02:33	15	1	1	0
     2828	2024-01-04 17:02:35	15	1	1	0
      328	2024-01-04 17:03:14	15	1	1	0
      328	2024-01-04 17:03:28	15	1	1	0
      998	2024-01-04 17:03:33	15	1	1	0
      998	2024-01-04 17:03:34	15	1	1	0
      690	2024-01-04 17:03:40	15	1	1	0
      690	2024-01-04 17:03:41	15	1	1	0
      690	2024-01-04 17:03:43	15	1	1	0
     1003	2024-01-04 17:04:12	15	1	1	0
     1003	2024-01-04 17:04:15	15	1	1	0
      383	2024-01-04 17:04:21	15	1	1	0
     2903	2024-01-04 17:09:15	15	1	1	0
     2903	2024-01-04 17:09:16	15	1	1	0
     2527	2024-01-04 17:35:56	15	1	1	0
     2527	2024-01-04 17:35:57	15	1	1	0
     2527	2024-01-04 17:35:59	15	1	1	0
     1365	2024-01-04 17:36:28	15	1	1	0
     1365	2024-01-04 17:36:32	15	1	1	0
     1365	2024-01-04 17:36:38	15	1	1	0
     1220	2024-01-04 17:37:55	15	1	1	0
     1220	2024-01-04 17:37:56	15	1	1	0
     2931	2024-01-04 18:05:57	15	1	1	0
     2931	2024-01-04 18:05:59	15	1	1	0
     2931	2024-01-04 18:06:03	15	1	1	0
      458	2024-01-04 18:24:44	15	1	1	0
      458	2024-01-04 18:24:46	15	1	1	0
     1576	2024-01-04 18:27:01	15	0	1	0
     2656	2024-01-04 18:33:46	15	1	1	0
     2656	2024-01-04 18:33:51	15	1	1	0
     2528	2024-01-04 18:36:49	15	1	1	0
     2528	2024-01-04 18:36:51	15	1	1	0
     2002	2024-01-04 18:39:11	15	1	1	0
     2002	2024-01-04 18:39:15	15	1	1	0
     2002	2024-01-04 18:39:19	15	1	1	0
      801	2024-01-04 19:03:39	15	1	1	0
      801	2024-01-04 19:03:41	15	1	1	0
     1117	2024-01-04 19:08:50	15	1	1	0
     1117	2024-01-04 19:08:53	15	1	1	0
     2652	2024-01-04 19:32:15	15	1	1	0
     2652	2024-01-04 19:32:17	15	1	1	0
     2652	2024-01-04 19:32:19	15	1	1	0
     1350	2024-01-04 19:47:56	15	0	1	0
     1360	2024-01-04 20:56:25	15	0	1	0
     1360	2024-01-04 20:56:28	15	0	1	0
     2314	2024-01-04 21:58:16	15	0	1	0
     2314	2024-01-04 21:58:18	15	0	1	0
     2686	2024-01-04 22:09:27	15	1	1	0
     2686	2024-01-04 22:09:29	15	1	1	0
     1338	2024-01-04 22:09:32	15	1	1	0
     1338	2024-01-04 22:09:34	15	1	1	0
     2816	2024-01-04 23:35:33	15	0	1	0
     2816	2024-01-04 23:35:37	15	0	1	0
     1491	2024-01-05 05:38:28	15	0	1	0
     1491	2024-01-05 05:38:33	15	0	1	0
     1360	2024-01-05 06:20:03	15	1	1	0
     1360	2024-01-05 06:20:05	15	1	1	0
     2314	2024-01-05 06:28:47	15	1	1	0
     2314	2024-01-05 06:28:50	15	1	1	0
     1350	2024-01-05 06:32:10	15	1	1	0
      328	2024-01-05 06:39:25	15	0	1	0
      328	2024-01-05 06:39:33	15	0	1	0
     2656	2024-01-05 06:46:06	15	0	1	0
     2656	2024-01-05 06:46:12	15	0	1	0
     2002	2024-01-05 06:59:57	15	0	1	0
     2002	2024-01-05 07:00:00	15	0	1	0
     2002	2024-01-05 07:00:04	15	0	1	0
     1365	2024-01-05 07:00:19	15	0	1	0
     1365	2024-01-05 07:00:23	15	0	1	0
     1365	2024-01-05 07:00:29	15	0	1	0
     1250	2024-01-05 07:05:53	15	0	1	0
     1250	2024-01-05 07:05:55	15	0	1	0
      159	2024-01-05 07:08:28	15	0	1	0
     1452	2024-01-05 07:16:09	15	0	1	0
     1452	2024-01-05 07:16:19	15	0	1	0
     2453	2024-01-05 07:19:18	15	0	1	0
     2453	2024-01-05 07:19:21	15	0	1	0
     2453	2024-01-05 07:19:23	15	0	1	0
     2652	2024-01-05 07:23:25	15	0	1	0
     2652	2024-01-05 07:23:30	15	0	1	0
     2652	2024-01-05 07:23:33	15	0	1	0
     2931	2024-01-05 07:25:48	15	0	1	0
     2931	2024-01-05 07:25:50	15	0	1	0
     2931	2024-01-05 07:25:55	15	0	1	0
     2931	2024-01-05 07:25:59	15	0	1	0
     1127	2024-01-05 07:27:29	15	0	1	0
     1127	2024-01-05 07:27:32	15	0	1	0
      998	2024-01-05 07:29:43	15	0	1	0
      998	2024-01-05 07:29:45	15	0	1	0
     1232	2024-01-05 07:33:21	15	0	1	0
     1220	2024-01-05 07:36:55	15	0	1	0
     1220	2024-01-05 07:36:57	15	0	1	0
      690	2024-01-05 07:44:31	15	0	1	0
      690	2024-01-05 07:44:33	15	0	1	0
     1897	2024-01-05 07:45:16	15	0	1	0
     1897	2024-01-05 07:45:18	15	0	1	0
     2527	2024-01-05 07:45:44	15	0	1	0
     2527	2024-01-05 07:45:46	15	0	1	0
     2527	2024-01-05 07:45:48	15	0	1	0
     2828	2024-01-05 07:50:27	15	0	1	0
     2828	2024-01-05 07:50:29	15	0	1	0
     2828	2024-01-05 07:50:33	15	0	1	0
      383	2024-01-05 07:51:53	15	0	1	0
     1157	2024-01-05 07:52:15	15	0	1	0
     1157	2024-01-05 07:52:17	15	0	1	0
     2131	2024-01-05 07:54:02	15	0	1	0
     2131	2024-01-05 07:54:03	15	0	1	0
     1009	2024-01-05 07:54:17	15	0	1	0
     1009	2024-01-05 07:54:19	15	0	1	0
      458	2024-01-05 07:55:28	15	0	1	0
      458	2024-01-05 07:55:30	15	0	1	0
      458	2024-01-05 07:55:31	15	0	1	0
      458	2024-01-05 07:55:34	15	0	1	0
     2903	2024-01-05 07:55:37	15	0	1	0
     2903	2024-01-05 07:55:39	15	0	1	0
      801	2024-01-05 07:55:46	15	0	1	0
      801	2024-01-05 07:55:48	15	0	1	0
      406	2024-01-05 07:57:18	15	0	1	0
      406	2024-01-05 07:57:20	15	0	1	0
      406	2024-01-05 07:57:26	15	0	1	0
     2458	2024-01-05 07:59:14	15	0	1	0
     2458	2024-01-05 07:59:15	15	0	1	0
     1003	2024-01-05 08:00:35	15	0	1	0
     1003	2024-01-05 08:00:37	15	0	1	0
     2528	2024-01-05 08:03:44	15	0	1	0
     2528	2024-01-05 08:03:46	15	0	1	0
     2816	2024-01-05 08:13:13	15	1	1	0
     2816	2024-01-05 08:13:17	15	1	1	0
     1576	2024-01-05 10:06:07	15	1	1	0
     1009	2024-01-05 12:01:11	15	1	1	0
     1009	2024-01-05 12:01:12	15	1	1	0
      998	2024-01-05 12:01:23	15	1	1	0
      998	2024-01-05 12:01:25	15	1	1	0
     1897	2024-01-05 12:01:32	15	1	1	0
     1897	2024-01-05 12:01:34	15	1	1	0
     1003	2024-01-05 12:02:35	15	1	1	0
     1003	2024-01-05 12:02:37	15	1	1	0
      159	2024-01-05 12:02:42	15	1	1	0
      406	2024-01-05 12:02:58	15	1	1	0
      406	2024-01-05 12:03:03	15	1	1	0
     2828	2024-01-05 12:03:16	15	1	1	0
     2828	2024-01-05 12:03:18	15	1	1	0
      690	2024-01-05 12:03:25	15	1	1	0
      690	2024-01-05 12:03:27	15	1	1	0
     1897	2024-01-05 12:03:39	15	0	1	0
     1897	2024-01-05 12:03:41	15	0	1	0
      998	2024-01-05 12:03:50	15	0	1	0
      998	2024-01-05 12:03:51	15	0	1	0
      406	2024-01-05 12:04:06	15	0	1	0
      406	2024-01-05 12:04:08	15	0	1	0
      383	2024-01-05 12:04:48	15	1	1	0
     1009	2024-01-05 12:05:21	15	0	1	0
     1009	2024-01-05 12:05:23	15	0	1	0
      383	2024-01-05 12:09:41	15	0	1	0
     2903	2024-01-05 12:15:55	15	1	1	0
     2903	2024-01-05 12:15:56	15	1	1	0
      458	2024-01-05 12:16:35	15	1	1	0
      458	2024-01-05 12:16:36	15	1	1	0
      458	2024-01-05 12:18:17	15	0	1	0
      458	2024-01-05 12:18:18	15	0	1	0
     2828	2024-01-05 12:18:26	15	0	1	0
     2828	2024-01-05 12:18:28	15	0	1	0
     2903	2024-01-05 12:20:11	15	0	1	0
     2903	2024-01-05 12:20:12	15	0	1	0
      690	2024-01-05 12:27:29	15	0	1	0
      690	2024-01-05 12:27:30	15	0	1	0
      159	2024-01-05 12:28:00	15	0	1	0
     1003	2024-01-05 12:29:55	15	0	1	0
     1003	2024-01-05 12:29:56	15	0	1	0
     1009	2024-01-05 12:30:04	15	0	1	0
     1009	2024-01-05 12:30:06	15	0	1	0
     2656	2024-01-05 12:33:48	15	1	1	0
     2656	2024-01-05 12:33:52	15	1	1	0
     2656	2024-01-05 12:36:04	15	0	1	0
     2656	2024-01-05 12:36:09	15	0	1	0
     1338	2024-01-05 13:22:34	15	0	1	0
     1338	2024-01-05 13:22:36	15	0	1	0
     2686	2024-01-05 13:26:48	15	0	1	0
     2686	2024-01-05 13:26:51	15	0	1	0
     1452	2024-01-05 14:03:53	15	1	1	0
     1452	2024-01-05 14:03:58	15	1	1	0
      998	2024-01-05 16:55:04	15	1	1	0
      998	2024-01-05 16:55:05	15	1	1	0
     2131	2024-01-05 17:00:22	15	1	1	0
     2131	2024-01-05 17:00:25	15	1	1	0
      406	2024-01-05 17:01:10	15	1	1	0
      406	2024-01-05 17:01:12	15	1	1	0
     1003	2024-01-05 17:01:19	15	1	1	0
     1003	2024-01-05 17:01:21	15	1	1	0
      383	2024-01-05 17:01:27	15	1	1	0
     1365	2024-01-05 17:01:38	15	1	1	0
     1365	2024-01-05 17:01:43	15	1	1	0
      159	2024-01-05 17:01:49	15	1	1	0
     1897	2024-01-05 17:02:07	15	1	1	0
     1897	2024-01-05 17:02:09	15	1	1	0
     1009	2024-01-05 17:03:10	15	1	1	0
     1009	2024-01-05 17:03:11	15	1	1	0
     2527	2024-01-05 17:03:39	15	1	1	0
     2527	2024-01-05 17:03:41	15	1	1	0
     2527	2024-01-05 17:03:42	15	1	1	0
      690	2024-01-05 17:08:19	15	1	1	0
      690	2024-01-05 17:08:20	15	1	1	0
      690	2024-01-05 17:08:22	15	1	1	0
      801	2024-01-05 17:09:16	15	1	1	0
      801	2024-01-05 17:09:18	15	1	1	0
     1491	2024-01-05 17:09:53	15	1	1	0
     1491	2024-01-05 17:09:58	15	1	1	0
     2002	2024-01-05 17:18:20	15	1	1	0
     2002	2024-01-05 17:18:24	15	1	1	0
     2002	2024-01-05 17:18:28	15	1	1	0
     2828	2024-01-05 17:28:17	15	1	1	0
     2828	2024-01-05 17:28:19	15	1	1	0
     2903	2024-01-05 17:31:46	15	1	1	0
     2903	2024-01-05 17:31:48	15	1	1	0
      458	2024-01-05 17:50:03	15	1	1	0
      458	2024-01-05 17:50:05	15	1	1	0
     1220	2024-01-05 17:52:57	15	1	1	0
     1220	2024-01-05 17:52:58	15	1	1	0
      328	2024-01-05 18:10:18	15	1	1	0
      328	2024-01-05 18:10:31	15	1	1	0
     2656	2024-01-05 18:10:37	15	1	1	0
     2656	2024-01-05 18:10:42	15	1	1	0
     1232	2024-01-05 18:18:54	15	1	1	0
     2528	2024-01-05 18:23:40	15	1	1	0
     2528	2024-01-05 18:23:42	15	1	1	0
     1117	2024-01-05 18:33:14	15	1	1	0
     1117	2024-01-05 18:33:16	15	1	1	0
     1576	2024-01-05 18:43:07	15	0	1	0
     2652	2024-01-05 18:48:16	15	1	1	0
     2652	2024-01-05 18:48:18	15	1	1	0
     2652	2024-01-05 18:48:20	15	1	1	0
     2931	2024-01-05 19:22:05	15	1	1	0
     2931	2024-01-05 19:22:10	15	1	1	0
     2931	2024-01-05 19:22:15	15	1	1	0
     1350	2024-01-05 20:26:25	15	0	1	0
     1350	2024-01-05 20:26:30	15	0	1	0
     2314	2024-01-05 21:51:44	15	0	1	0
     2314	2024-01-05 21:51:46	15	0	1	0
     2816	2024-01-05 22:10:35	15	0	1	0
     2816	2024-01-05 22:10:39	15	0	1	0
     1338	2024-01-05 22:18:05	15	1	1	0
     1338	2024-01-05 22:18:07	15	1	1	0
     2686	2024-01-05 22:18:13	15	1	1	0
     2686	2024-01-05 22:18:15	15	1	1	0
     1491	2024-01-06 05:56:40	15	0	1	0
     1491	2024-01-06 05:56:46	15	0	1	0
     1360	2024-01-06 06:03:54	15	0	1	0
     1360	2024-01-06 06:03:56	15	0	1	0
     2314	2024-01-06 06:06:03	15	1	1	0
     2314	2024-01-06 06:06:10	15	1	1	0
     1350	2024-01-06 06:17:53	15	1	1	0
     1232	2024-01-06 07:32:31	15	0	1	0
     2816	2024-01-06 08:19:29	15	1	1	0
     2816	2024-01-06 08:19:34	15	1	1	0
     1576	2024-01-06 10:22:12	15	1	1	0
     2686	2024-01-06 13:19:44	15	0	1	0
     2686	2024-01-06 13:19:47	15	0	1	0
     1338	2024-01-06 13:30:03	15	0	1	0
     1338	2024-01-06 13:30:05	15	0	1	0
     1491	2024-01-06 14:03:11	15	1	1	0
     1491	2024-01-06 14:03:16	15	1	1	0
     1360	2024-01-06 14:09:16	15	1	1	0
     1360	2024-01-06 14:09:18	15	1	1	0
     1576	2024-01-06 17:06:09	15	0	1	0
     1232	2024-01-06 19:18:39	15	1	1	0
     1350	2024-01-06 20:07:05	15	0	1	0
     2686	2024-01-06 22:05:31	15	1	1	0
     2686	2024-01-06 22:05:34	15	1	1	0
     1338	2024-01-06 22:05:41	15	1	1	0
     1338	2024-01-06 22:05:43	15	1	1	0
     2816	2024-01-06 23:48:06	15	0	1	0
     2816	2024-01-06 23:48:11	15	0	1	0
     1360	2024-01-07 06:02:43	15	0	1	0
     1360	2024-01-07 06:02:45	15	0	1	0
     1491	2024-01-07 06:10:26	15	0	1	0
     1491	2024-01-07 06:10:45	15	0	1	0
     1491	2024-01-07 06:10:50	15	0	1	0
     1350	2024-01-07 06:13:35	15	1	1	0
     1452	2024-01-07 07:52:21	15	0	1	0
     1452	2024-01-07 07:52:27	15	0	1	0
     2816	2024-01-07 08:17:51	15	1	1	0
     2816	2024-01-07 08:17:55	15	1	1	0
     1576	2024-01-07 08:26:17	15	1	1	0
     1338	2024-01-07 13:24:40	15	0	1	0
     1338	2024-01-07 13:24:42	15	0	1	0
     2686	2024-01-07 13:42:41	15	0	1	0
     2686	2024-01-07 13:42:43	15	0	1	0
     1452	2024-01-07 14:05:43	15	1	1	0
     1452	2024-01-07 14:05:49	15	1	1	0
     1360	2024-01-07 14:34:44	15	1	1	0
     1360	2024-01-07 14:34:45	15	1	1	0
     1491	2024-01-07 16:11:52	15	1	1	0
     1491	2024-01-07 16:11:58	15	1	1	0
     1576	2024-01-07 18:05:17	15	0	1	0
     1350	2024-01-07 19:33:30	15	0	1	0
     2314	2024-01-07 20:14:32	15	0	1	0
     2314	2024-01-07 20:14:42	15	0	1	0
     1338	2024-01-07 22:06:05	15	1	1	0
     1338	2024-01-07 22:06:07	15	1	1	0
     2686	2024-01-07 22:06:13	15	1	1	0
     2686	2024-01-07 22:06:15	15	1	1	0
     2816	2024-01-07 23:48:36	15	0	1	0
     2816	2024-01-07 23:48:40	15	0	1	0
     1491	2024-01-08 05:34:58	15	0	1	0
     1491	2024-01-08 05:35:03	15	0	1	0
     2314	2024-01-08 06:00:08	15	1	1	0
     2314	2024-01-08 06:00:12	15	1	1	0
     1350	2024-01-08 06:27:35	15	1	1	0
      328	2024-01-08 06:32:07	15	0	1	0
      328	2024-01-08 06:32:12	15	0	1	0
     2656	2024-01-08 06:34:48	15	0	1	0
     2656	2024-01-08 06:34:53	15	0	1	0
     1452	2024-01-08 06:35:07	15	0	1	0
     1452	2024-01-08 06:35:18	15	0	1	0
     2453	2024-01-08 07:02:40	15	0	1	0
     2453	2024-01-08 07:02:42	15	0	1	0
     2453	2024-01-08 07:02:44	15	0	1	0
     2453	2024-01-08 07:02:46	15	0	1	0
     2453	2024-01-08 07:02:48	15	0	1	0
     2002	2024-01-08 07:11:49	15	0	1	0
     2002	2024-01-08 07:11:55	15	0	1	0
     2002	2024-01-08 07:11:59	15	0	1	0
      159	2024-01-08 07:12:22	15	0	1	0
     2931	2024-01-08 07:16:42	15	0	1	0
     2931	2024-01-08 07:16:46	15	0	1	0
     2931	2024-01-08 07:16:50	15	0	1	0
     1220	2024-01-08 07:20:25	15	0	1	0
     1220	2024-01-08 07:20:27	15	0	1	0
     1365	2024-01-08 07:23:30	15	0	1	0
     1365	2024-01-08 07:23:37	15	0	1	0
     1365	2024-01-08 07:23:45	15	0	1	0
     1250	2024-01-08 07:24:05	15	0	1	0
     1250	2024-01-08 07:24:07	15	0	1	0
      406	2024-01-08 07:35:16	15	0	1	0
      406	2024-01-08 07:35:20	15	0	1	0
      406	2024-01-08 07:35:46	15	0	1	0
     1009	2024-01-08 07:44:42	15	0	1	0
     1009	2024-01-08 07:44:43	15	0	1	0
     2458	2024-01-08 07:45:20	15	0	1	0
     2458	2024-01-08 07:45:21	15	0	1	0
     2527	2024-01-08 07:48:13	15	0	1	0
     2527	2024-01-08 07:48:15	15	0	1	0
     2527	2024-01-08 07:48:17	15	0	1	0
     2828	2024-01-08 07:48:24	15	0	1	0
     2828	2024-01-08 07:48:25	15	0	1	0
     1897	2024-01-08 07:49:07	15	0	1	0
     1897	2024-01-08 07:49:09	15	0	1	0
      383	2024-01-08 07:51:19	15	0	1	0
     1117	2024-01-08 07:55:23	15	0	1	0
     1117	2024-01-08 07:55:25	15	0	1	0
      690	2024-01-08 07:55:46	15	0	1	0
      690	2024-01-08 07:55:47	15	0	1	0
     1157	2024-01-08 07:56:09	15	0	1	0
     1157	2024-01-08 07:56:10	15	0	1	0
     1636	2024-01-08 07:56:14	15	0	1	0
     1636	2024-01-08 07:56:17	15	0	1	0
      801	2024-01-08 07:58:46	15	0	1	0
      801	2024-01-08 07:58:48	15	0	1	0
      458	2024-01-08 07:59:39	15	0	1	0
      458	2024-01-08 07:59:41	15	0	1	0
      458	2024-01-08 07:59:42	15	0	1	0
     2528	2024-01-08 07:59:56	15	0	1	0
     2528	2024-01-08 08:00:01	15	0	1	0
     2903	2024-01-08 08:00:08	15	0	1	0
     2903	2024-01-08 08:00:10	15	0	1	0
     1232	2024-01-08 08:03:27	15	0	1	0
     1003	2024-01-08 08:13:19	15	0	1	0
     1003	2024-01-08 08:13:21	15	0	1	0
     2816	2024-01-08 08:15:51	15	1	1	0
     2816	2024-01-08 08:15:55	15	1	1	0
      998	2024-01-08 08:22:32	15	0	1	0
      998	2024-01-08 08:22:33	15	0	1	0
     2131	2024-01-08 08:23:52	15	0	1	0
     2131	2024-01-08 08:23:54	15	0	1	0
     2652	2024-01-08 08:28:09	15	0	1	0
     2652	2024-01-08 08:28:12	15	0	1	0
     2652	2024-01-08 08:28:16	15	0	1	0
      998	2024-01-08 08:32:01	15	0	1	0
     1009	2024-01-08 12:01:03	15	1	1	0
     1009	2024-01-08 12:01:07	15	1	1	0
      998	2024-01-08 12:02:10	15	1	1	0
      998	2024-01-08 12:02:11	15	1	1	0
      406	2024-01-08 12:04:06	15	1	1	0
      406	2024-01-08 12:04:07	15	1	1	0
      159	2024-01-08 12:04:13	15	1	1	0
     1003	2024-01-08 12:04:20	15	1	1	0
     1003	2024-01-08 12:04:21	15	1	1	0
     1897	2024-01-08 12:04:30	15	1	1	0
     1897	2024-01-08 12:04:32	15	1	1	0
     1009	2024-01-08 12:05:11	15	0	1	0
     1009	2024-01-08 12:05:13	15	0	1	0
     2828	2024-01-08 12:06:26	15	1	1	0
     2828	2024-01-08 12:06:28	15	1	1	0
     2828	2024-01-08 12:06:31	15	1	1	0
      690	2024-01-08 12:06:45	15	1	1	0
      690	2024-01-08 12:06:47	15	1	1	0
      406	2024-01-08 12:06:56	15	0	1	0
      406	2024-01-08 12:06:57	15	0	1	0
     1897	2024-01-08 12:17:08	15	0	1	0
     1897	2024-01-08 12:17:10	15	0	1	0
     1003	2024-01-08 12:18:02	15	0	1	0
     1003	2024-01-08 12:18:04	15	0	1	0
      690	2024-01-08 12:18:50	15	0	1	0
      998	2024-01-08 12:19:28	15	0	1	0
      998	2024-01-08 12:19:30	15	0	1	0
      383	2024-01-08 12:20:43	15	1	1	0
     2656	2024-01-08 12:21:04	15	1	1	0
     2656	2024-01-08 12:21:09	15	1	1	0
      383	2024-01-08 12:22:02	15	0	1	0
     2903	2024-01-08 12:22:16	15	1	1	0
     2903	2024-01-08 12:22:17	15	1	1	0
     2656	2024-01-08 12:23:06	15	0	1	0
     2656	2024-01-08 12:23:13	15	0	1	0
      159	2024-01-08 12:23:21	15	0	1	0
     2528	2024-01-08 12:23:55	15	1	1	0
     2528	2024-01-08 12:23:57	15	1	1	0
      690	2024-01-08 12:27:56	15	0	1	0
     2528	2024-01-08 12:29:57	15	0	1	0
     2528	2024-01-08 12:29:59	15	0	1	0
     2903	2024-01-08 12:30:24	15	0	1	0
     2903	2024-01-08 12:30:25	15	0	1	0
     2828	2024-01-08 12:39:46	15	0	1	0
     2828	2024-01-08 12:39:47	15	0	1	0
     2828	2024-01-08 12:39:51	15	0	1	0
     2131	2024-01-08 12:40:19	15	1	1	0
     2131	2024-01-08 12:40:21	15	1	1	0
      458	2024-01-08 12:40:28	15	1	1	0
      458	2024-01-08 12:40:31	15	1	1	0
      458	2024-01-08 12:42:22	15	0	1	0
      458	2024-01-08 12:42:23	15	0	1	0
     2131	2024-01-08 13:02:40	15	0	1	0
     2131	2024-01-08 13:02:42	15	0	1	0
     1338	2024-01-08 13:21:49	15	0	1	0
     1338	2024-01-08 13:21:51	15	0	1	0
     1360	2024-01-08 13:45:40	15	0	1	0
     1360	2024-01-08 13:45:42	15	0	1	0
     1491	2024-01-08 14:24:27	15	1	1	0
     1491	2024-01-08 14:24:35	15	1	1	0
     1491	2024-01-08 14:24:40	15	1	1	0
     1452	2024-01-08 14:27:56	15	1	1	0
     1452	2024-01-08 14:28:05	15	1	1	0
     1576	2024-01-08 14:34:06	15	1	1	0
      159	2024-01-08 17:01:40	15	1	1	0
      383	2024-01-08 17:02:02	15	1	1	0
      998	2024-01-08 17:02:07	15	1	1	0
      998	2024-01-08 17:02:08	15	1	1	0
     1365	2024-01-08 17:02:13	15	1	1	0
     1365	2024-01-08 17:02:15	15	1	1	0
     1365	2024-01-08 17:02:20	15	1	1	0
     1003	2024-01-08 17:02:34	15	1	1	0
     1003	2024-01-08 17:02:36	15	1	1	0
     2828	2024-01-08 17:02:52	15	1	1	0
     2828	2024-01-08 17:02:54	15	1	1	0
     2131	2024-01-08 17:03:50	15	1	1	0
     2131	2024-01-08 17:03:52	15	1	1	0
     2131	2024-01-08 17:03:53	15	1	1	0
     1009	2024-01-08 17:04:41	15	1	1	0
     1009	2024-01-08 17:04:43	15	1	1	0
      406	2024-01-08 17:05:50	15	1	1	0
      406	2024-01-08 17:05:53	15	1	1	0
     1897	2024-01-08 17:08:17	15	1	1	0
     1897	2024-01-08 17:08:21	15	1	1	0
     1897	2024-01-08 17:08:26	15	1	1	0
     2527	2024-01-08 17:08:34	15	1	1	0
     2527	2024-01-08 17:08:36	15	1	1	0
     2527	2024-01-08 17:08:38	15	1	1	0
     2652	2024-01-08 17:09:16	15	1	1	0
     2652	2024-01-08 17:09:18	15	1	1	0
     2652	2024-01-08 17:09:20	15	1	1	0
     2528	2024-01-08 17:10:08	15	1	1	0
     2528	2024-01-08 17:10:09	15	1	1	0
     2002	2024-01-08 17:14:04	15	1	1	0
     2002	2024-01-08 17:14:08	15	1	1	0
     2002	2024-01-08 17:14:13	15	1	1	0
      801	2024-01-08 17:15:34	15	1	1	0
      801	2024-01-08 17:15:36	15	1	1	0
     1220	2024-01-08 17:45:02	15	1	1	0
     1220	2024-01-08 17:45:03	15	1	1	0
     1232	2024-01-08 17:46:13	15	1	1	0
     2931	2024-01-08 18:21:52	15	1	1	0
     2931	2024-01-08 18:21:56	15	1	1	0
     2931	2024-01-08 18:22:01	15	1	1	0
     2656	2024-01-08 18:31:33	15	1	1	0
     2656	2024-01-08 18:31:39	15	1	1	0
      690	2024-01-08 18:34:40	15	1	1	0
      690	2024-01-08 18:34:42	15	1	1	0
      690	2024-01-08 18:34:43	15	1	1	0
      690	2024-01-08 18:34:45	15	1	1	0
     1117	2024-01-08 18:35:41	15	1	1	0
     1117	2024-01-08 18:35:43	15	1	1	0
     1576	2024-01-08 19:08:27	15	0	1	0
     1350	2024-01-08 19:39:25	15	0	1	0
     1157	2024-01-08 20:18:52	15	1	1	0
     1157	2024-01-08 20:18:54	15	1	1	0
     2903	2024-01-08 20:36:23	15	1	1	0
     2903	2024-01-08 20:36:25	15	1	1	0
      458	2024-01-08 20:37:29	15	1	1	0
      458	2024-01-08 20:37:31	15	1	1	0
      458	2024-01-08 20:40:21	15	1	1	0
      328	2024-01-08 21:51:28	15	1	1	0
      328	2024-01-08 21:51:37	15	1	1	0
     2314	2024-01-08 21:54:40	15	0	1	0
     2314	2024-01-08 21:54:43	15	0	1	0
     1360	2024-01-08 22:19:22	15	1	1	0
     1360	2024-01-08 22:19:25	15	1	1	0
     1338	2024-01-08 22:30:24	15	1	1	0
     1338	2024-01-08 22:30:26	15	1	1	0
     2816	2024-01-08 23:49:03	15	0	1	0
     2816	2024-01-08 23:49:07	15	0	1	0
     1491	2024-01-09 05:39:00	15	0	1	0
     1491	2024-01-09 05:39:05	15	0	1	0
     2314	2024-01-09 06:06:20	15	1	1	0
     2314	2024-01-09 06:06:21	15	1	1	0
     2656	2024-01-09 06:19:10	15	0	1	0
     2656	2024-01-09 06:19:16	15	0	1	0
      328	2024-01-09 06:26:51	15	0	1	0
      328	2024-01-09 06:27:03	15	0	1	0
     1350	2024-01-09 06:45:50	15	1	1	0
     1452	2024-01-09 06:50:13	15	0	1	0
     1452	2024-01-09 06:50:20	15	0	1	0
     2931	2024-01-09 07:06:49	15	0	1	0
     2931	2024-01-09 07:06:50	15	0	1	0
     2931	2024-01-09 07:06:54	15	0	1	0
     2931	2024-01-09 07:06:59	15	0	1	0
     2931	2024-01-09 07:07:00	15	0	1	0
     2002	2024-01-09 07:20:21	15	0	1	0
     2002	2024-01-09 07:20:25	15	0	1	0
     2002	2024-01-09 07:20:30	15	0	1	0
     1220	2024-01-09 07:21:04	15	0	1	0
     1220	2024-01-09 07:21:06	15	0	1	0
      159	2024-01-09 07:21:25	15	0	1	0
      159	2024-01-09 07:22:58	15	0	1	0
     2453	2024-01-09 07:24:47	15	0	1	0
     2453	2024-01-09 07:24:49	15	0	1	0
     2453	2024-01-09 07:24:52	15	0	1	0
     1127	2024-01-09 07:25:54	15	0	1	0
     1127	2024-01-09 07:25:57	15	0	1	0
     1117	2024-01-09 07:32:58	15	0	1	0
     1117	2024-01-09 07:32:59	15	0	1	0
     1250	2024-01-09 07:35:43	15	0	1	0
     1250	2024-01-09 07:35:45	15	0	1	0
     1365	2024-01-09 07:35:53	15	0	1	0
     1365	2024-01-09 07:35:59	15	0	1	0
     1365	2024-01-09 07:36:03	15	0	1	0
     1897	2024-01-09 07:42:07	15	0	1	0
     1897	2024-01-09 07:42:09	15	0	1	0
     2527	2024-01-09 07:46:45	15	0	1	0
     2527	2024-01-09 07:46:48	15	0	1	0
     2527	2024-01-09 07:46:50	15	0	1	0
      406	2024-01-09 07:48:59	15	0	1	0
      406	2024-01-09 07:49:01	15	0	1	0
      383	2024-01-09 07:52:47	15	0	1	0
     2828	2024-01-09 07:53:03	15	0	1	0
     2828	2024-01-09 07:53:05	15	0	1	0
      801	2024-01-09 07:55:35	15	0	1	0
      801	2024-01-09 07:55:37	15	0	1	0
     1157	2024-01-09 07:56:27	15	0	1	0
     1157	2024-01-09 07:56:29	15	0	1	0
     1636	2024-01-09 07:56:36	15	0	1	0
     1636	2024-01-09 07:56:38	15	0	1	0
     1003	2024-01-09 07:57:48	15	0	1	0
     1003	2024-01-09 07:57:50	15	0	1	0
     2131	2024-01-09 07:59:04	15	0	1	0
     2131	2024-01-09 07:59:06	15	0	1	0
     2131	2024-01-09 07:59:08	15	0	1	0
      458	2024-01-09 08:00:00	15	0	1	0
      458	2024-01-09 08:00:03	15	0	1	0
     2903	2024-01-09 08:00:13	15	0	1	0
     2903	2024-01-09 08:00:15	15	0	1	0
     1232	2024-01-09 08:00:33	15	0	1	0
     1009	2024-01-09 08:01:10	15	0	1	0
     1009	2024-01-09 08:01:11	15	0	1	0
     2458	2024-01-09 08:01:40	15	0	1	0
     2458	2024-01-09 08:01:42	15	0	1	0
      690	2024-01-09 08:08:12	15	0	1	0
      690	2024-01-09 08:08:14	15	0	1	0
     2528	2024-01-09 08:13:57	15	0	1	0
     2528	2024-01-09 08:14:00	15	0	1	0
      998	2024-01-09 08:16:49	15	0	1	0
      998	2024-01-09 08:16:50	15	0	1	0
     2652	2024-01-09 08:24:54	15	0	1	0
     2652	2024-01-09 08:24:57	15	0	1	0
     2652	2024-01-09 08:25:00	15	0	1	0
      998	2024-01-09 08:25:04	15	0	1	0
     2816	2024-01-09 08:35:17	15	1	1	0
     2816	2024-01-09 08:35:21	15	1	1	0
     1576	2024-01-09 10:48:53	15	1	1	0
     1338	2024-01-09 12:00:21	15	0	1	0
     1338	2024-01-09 12:00:23	15	0	1	0
     1897	2024-01-09 12:01:08	15	1	1	0
     1897	2024-01-09 12:01:10	15	1	1	0
      690	2024-01-09 12:02:10	15	1	1	0
      690	2024-01-09 12:02:11	15	1	1	0
     2828	2024-01-09 12:02:19	15	1	1	0
     2828	2024-01-09 12:02:23	15	1	1	0
     1003	2024-01-09 12:03:44	15	1	1	0
     1003	2024-01-09 12:03:46	15	1	1	0
     2656	2024-01-09 12:13:13	15	1	1	0
     2656	2024-01-09 12:13:18	15	1	1	0
     2656	2024-01-09 12:16:18	15	0	1	0
     2656	2024-01-09 12:16:24	15	0	1	0
     1360	2024-01-09 12:18:29	15	0	1	0
     1360	2024-01-09 12:18:31	15	0	1	0
     1897	2024-01-09 12:19:46	15	0	1	0
     1897	2024-01-09 12:19:48	15	0	1	0
      690	2024-01-09 12:34:05	15	0	1	0
      690	2024-01-09 12:34:07	15	0	1	0
     2528	2024-01-09 12:37:34	15	1	1	0
     2528	2024-01-09 12:37:36	15	1	1	0
     2528	2024-01-09 12:41:23	15	0	1	0
     2528	2024-01-09 12:41:25	15	0	1	0
     1003	2024-01-09 12:41:47	15	0	1	0
     1003	2024-01-09 12:41:48	15	0	1	0
     2828	2024-01-09 12:42:26	15	0	1	0
     2828	2024-01-09 12:42:27	15	0	1	0
     2828	2024-01-09 12:42:29	15	0	1	0
     2686	2024-01-09 13:25:24	15	0	1	0
     2686	2024-01-09 13:25:26	15	0	1	0
     1491	2024-01-09 14:18:44	15	1	1	0
     1491	2024-01-09 14:18:49	15	1	1	0
     1452	2024-01-09 14:25:40	15	1	1	0
     1452	2024-01-09 14:25:45	15	1	1	0
     2131	2024-01-09 17:00:05	15	1	1	0
     2131	2024-01-09 17:00:07	15	1	1	0
      383	2024-01-09 17:01:12	15	1	1	0
      159	2024-01-09 17:01:19	15	1	1	0
      406	2024-01-09 17:01:25	15	1	1	0
      406	2024-01-09 17:01:27	15	1	1	0
      406	2024-01-09 17:01:32	15	1	1	0
      998	2024-01-09 17:01:56	15	1	1	0
      998	2024-01-09 17:01:58	15	1	1	0
     1897	2024-01-09 17:02:11	15	1	1	0
     1897	2024-01-09 17:02:13	15	1	1	0
     2528	2024-01-09 17:02:18	15	1	1	0
     2528	2024-01-09 17:02:20	15	1	1	0
     1003	2024-01-09 17:02:32	15	1	1	0
     1003	2024-01-09 17:02:34	15	1	1	0
     2828	2024-01-09 17:03:22	15	1	1	0
     2828	2024-01-09 17:03:24	15	1	1	0
      690	2024-01-09 17:03:42	15	1	1	0
      690	2024-01-09 17:03:44	15	1	1	0
      690	2024-01-09 17:03:45	15	1	1	0
     1365	2024-01-09 17:05:40	15	1	1	0
     1365	2024-01-09 17:05:44	15	1	1	0
     1365	2024-01-09 17:05:52	15	1	1	0
     2527	2024-01-09 17:06:42	15	1	1	0
     2527	2024-01-09 17:06:44	15	1	1	0
     2527	2024-01-09 17:06:46	15	1	1	0
     1009	2024-01-09 17:09:12	15	1	1	0
     1009	2024-01-09 17:09:13	15	1	1	0
      328	2024-01-09 17:19:56	15	1	1	0
      328	2024-01-09 17:20:01	15	1	1	0
     2656	2024-01-09 17:20:07	15	1	1	0
     2656	2024-01-09 17:20:11	15	1	1	0
     1220	2024-01-09 17:30:25	15	1	1	0
     1220	2024-01-09 17:30:27	15	1	1	0
     1232	2024-01-09 17:51:34	15	1	1	0
      458	2024-01-09 17:56:57	15	1	1	0
      458	2024-01-09 17:57:00	15	1	1	0
     2903	2024-01-09 17:57:13	15	1	1	0
     2903	2024-01-09 17:57:15	15	1	1	0
     2002	2024-01-09 18:10:02	15	1	1	0
     2002	2024-01-09 18:10:06	15	1	1	0
     2002	2024-01-09 18:10:10	15	1	1	0
      458	2024-01-09 18:14:54	15	1	1	0
     2652	2024-01-09 18:27:25	15	1	1	0
     2652	2024-01-09 18:27:27	15	1	1	0
     2652	2024-01-09 18:27:29	15	1	1	0
     1117	2024-01-09 18:38:57	15	1	1	0
     1117	2024-01-09 18:38:59	15	1	1	0
     1576	2024-01-09 19:38:00	15	0	1	0
      801	2024-01-09 19:58:36	15	1	1	0
      801	2024-01-09 19:58:37	15	1	1	0
     1350	2024-01-09 21:08:57	15	0	1	0
     2314	2024-01-09 21:42:19	15	0	1	0
     2314	2024-01-09 21:42:20	15	0	1	0
     1338	2024-01-09 22:09:15	15	1	1	0
     1338	2024-01-09 22:09:17	15	1	1	0
     1360	2024-01-09 22:15:38	15	1	1	0
     1360	2024-01-09 22:15:40	15	1	1	0
     2686	2024-01-09 22:15:47	15	1	1	0
     2686	2024-01-09 22:15:49	15	1	1	0
     2816	2024-01-09 23:46:59	15	0	1	0
     2816	2024-01-09 23:47:03	15	0	1	0
     1491	2024-01-10 05:33:10	15	0	1	0
     1491	2024-01-10 05:33:15	15	0	1	0
     2314	2024-01-10 06:01:26	15	1	1	0
     2314	2024-01-10 06:01:28	15	1	1	0
     2656	2024-01-10 06:15:06	15	0	1	0
     2656	2024-01-10 06:15:11	15	0	1	0
     1350	2024-01-10 06:32:43	15	1	1	0
     1452	2024-01-10 06:37:06	15	0	1	0
     1452	2024-01-10 06:37:12	15	0	1	0
      328	2024-01-10 06:40:12	15	0	1	0
      328	2024-01-10 06:40:15	15	0	1	0
     1365	2024-01-10 07:02:29	15	0	1	0
     1365	2024-01-10 07:02:35	15	0	1	0
     1365	2024-01-10 07:02:42	15	0	1	0
     2002	2024-01-10 07:04:54	15	0	1	0
     2002	2024-01-10 07:04:58	15	0	1	0
     2002	2024-01-10 07:05:02	15	0	1	0
     1220	2024-01-10 07:08:02	15	0	1	0
     1220	2024-01-10 07:08:04	15	0	1	0
     2453	2024-01-10 07:10:30	15	0	1	0
     2453	2024-01-10 07:10:32	15	0	1	0
     2453	2024-01-10 07:10:34	15	0	1	0
     2453	2024-01-10 07:10:37	15	0	1	0
     2453	2024-01-10 07:10:39	15	0	1	0
      159	2024-01-10 07:13:37	15	0	1	0
     2931	2024-01-10 07:28:20	15	0	1	0
     2931	2024-01-10 07:28:24	15	0	1	0
     2931	2024-01-10 07:28:29	15	0	1	0
      406	2024-01-10 07:35:13	15	0	1	0
      406	2024-01-10 07:35:14	15	0	1	0
     1897	2024-01-10 07:43:33	15	0	1	0
     1897	2024-01-10 07:43:36	15	0	1	0
      801	2024-01-10 07:44:11	15	0	1	0
      801	2024-01-10 07:44:12	15	0	1	0
      690	2024-01-10 07:44:24	15	0	1	0
      690	2024-01-10 07:44:26	15	0	1	0
     1003	2024-01-10 07:45:23	15	0	1	0
     1003	2024-01-10 07:45:25	15	0	1	0
     2458	2024-01-10 07:46:27	15	0	1	0
     2458	2024-01-10 07:46:28	15	0	1	0
     2458	2024-01-10 07:46:29	15	0	1	0
     1232	2024-01-10 07:50:07	15	0	1	0
     2527	2024-01-10 07:50:48	15	0	1	0
     2527	2024-01-10 07:50:50	15	0	1	0
     2527	2024-01-10 07:50:51	15	0	1	0
     1009	2024-01-10 07:52:35	15	0	1	0
     1009	2024-01-10 07:52:37	15	0	1	0
      383	2024-01-10 07:52:48	15	0	1	0
      998	2024-01-10 07:55:50	15	0	1	0
      998	2024-01-10 07:55:52	15	0	1	0
     2528	2024-01-10 07:59:11	15	0	1	0
     2528	2024-01-10 07:59:13	15	0	1	0
     2828	2024-01-10 08:00:25	15	0	1	0
     2828	2024-01-10 08:00:27	15	0	1	0
     1117	2024-01-10 08:00:38	15	0	1	0
     1117	2024-01-10 08:00:40	15	0	1	0
     1157	2024-01-10 08:02:09	15	0	1	0
     1157	2024-01-10 08:02:10	15	0	1	0
     1636	2024-01-10 08:02:13	15	0	1	0
     1636	2024-01-10 08:02:15	15	0	1	0
     2903	2024-01-10 08:13:31	15	0	1	0
     2903	2024-01-10 08:13:33	15	0	1	0
      458	2024-01-10 08:13:42	15	0	1	0
      458	2024-01-10 08:13:44	15	0	1	0
     2131	2024-01-10 08:28:35	15	0	1	0
     2131	2024-01-10 08:28:37	15	0	1	0
     2652	2024-01-10 08:29:53	15	0	1	0
     2652	2024-01-10 08:29:56	15	0	1	0
     2652	2024-01-10 08:29:58	15	0	1	0
     2816	2024-01-10 09:05:19	15	1	1	0
     2816	2024-01-10 09:05:23	15	1	1	0
     2816	2024-01-10 09:05:32	15	1	1	0
     1576	2024-01-10 09:24:30	15	1	1	0
      690	2024-01-10 12:02:06	15	1	1	0
      690	2024-01-10 12:02:08	15	1	1	0
      159	2024-01-10 12:05:09	15	1	1	0
     1003	2024-01-10 12:05:28	15	1	1	0
     1003	2024-01-10 12:05:30	15	1	1	0
     1003	2024-01-10 12:08:29	15	0	1	0
     1003	2024-01-10 12:08:31	15	0	1	0
     1897	2024-01-10 12:08:39	15	1	1	0
     1897	2024-01-10 12:08:41	15	1	1	0
      458	2024-01-10 12:19:18	15	1	1	0
      458	2024-01-10 12:19:20	15	1	1	0
     2903	2024-01-10 12:27:28	15	1	1	0
     2903	2024-01-10 12:27:30	15	1	1	0
      159	2024-01-10 12:27:59	15	0	1	0
      690	2024-01-10 12:29:36	15	0	1	0
      690	2024-01-10 12:29:37	15	0	1	0
     2656	2024-01-10 12:33:11	15	1	1	0
     2656	2024-01-10 12:33:13	15	1	1	0
     2656	2024-01-10 12:33:18	15	1	1	0
     2656	2024-01-10 12:33:20	15	1	1	0
     2528	2024-01-10 12:34:05	15	1	1	0
     2528	2024-01-10 12:34:07	15	1	1	0
     2656	2024-01-10 12:36:04	15	0	1	0
     2656	2024-01-10 12:36:08	15	0	1	0
      458	2024-01-10 12:43:55	15	0	1	0
      458	2024-01-10 12:43:56	15	0	1	0
     2903	2024-01-10 12:46:02	15	0	1	0
     2903	2024-01-10 12:46:03	15	0	1	0
     2903	2024-01-10 12:46:36	15	0	1	0
     2528	2024-01-10 12:48:37	15	0	1	0
     2528	2024-01-10 12:48:39	15	0	1	0
     1897	2024-01-10 12:48:47	15	0	1	0
     1897	2024-01-10 12:48:51	15	0	1	0
     2686	2024-01-10 13:29:59	15	0	1	0
     2686	2024-01-10 13:30:01	15	0	1	0
     1338	2024-01-10 13:30:40	15	0	1	0
     1338	2024-01-10 13:30:46	15	0	1	0
     1491	2024-01-10 14:57:38	15	1	1	0
     1491	2024-01-10 14:57:43	15	1	1	0
     1452	2024-01-10 14:58:15	15	1	1	0
     1452	2024-01-10 14:58:23	15	1	1	0
      159	2024-01-10 17:01:52	15	1	1	0
     2131	2024-01-10 17:03:20	15	1	1	0
     2131	2024-01-10 17:03:22	15	1	1	0
     2828	2024-01-10 17:03:31	15	1	1	0
     2828	2024-01-10 17:03:33	15	1	1	0
     1003	2024-01-10 17:04:20	15	1	1	0
     1003	2024-01-10 17:04:21	15	1	1	0
      406	2024-01-10 17:04:23	15	1	1	0
      406	2024-01-10 17:04:25	15	1	1	0
      406	2024-01-10 17:04:26	15	1	1	0
      998	2024-01-10 17:04:46	15	1	1	0
      998	2024-01-10 17:04:47	15	1	1	0
     1897	2024-01-10 17:05:09	15	1	1	0
     1897	2024-01-10 17:05:12	15	1	1	0
      690	2024-01-10 17:05:18	15	1	1	0
      690	2024-01-10 17:05:19	15	1	1	0
      690	2024-01-10 17:05:21	15	1	1	0
      690	2024-01-10 17:05:23	15	1	1	0
     1009	2024-01-10 17:06:18	15	1	1	0
     1009	2024-01-10 17:06:20	15	1	1	0
      383	2024-01-10 17:09:21	15	1	1	0
     2528	2024-01-10 17:13:18	15	1	1	0
     2528	2024-01-10 17:13:20	15	1	1	0
     1365	2024-01-10 17:20:16	15	1	1	0
     1365	2024-01-10 17:20:19	15	1	1	0
     1365	2024-01-10 17:20:25	15	1	1	0
     2527	2024-01-10 17:23:30	15	1	1	0
     2527	2024-01-10 17:23:32	15	1	1	0
     2527	2024-01-10 17:23:34	15	1	1	0
     1220	2024-01-10 17:27:42	15	1	1	0
     1220	2024-01-10 17:27:44	15	1	1	0
     2903	2024-01-10 17:49:22	15	1	1	0
     2903	2024-01-10 17:49:23	15	1	1	0
     2931	2024-01-10 18:09:38	15	1	1	0
     2931	2024-01-10 18:09:42	15	1	1	0
     2931	2024-01-10 18:09:46	15	1	1	0
     1232	2024-01-10 18:30:58	15	1	1	0
     2903	2024-01-10 18:37:36	15	1	1	0
      801	2024-01-10 18:37:42	15	1	1	0
      801	2024-01-10 18:37:43	15	1	1	0
      458	2024-01-10 18:47:08	15	1	1	0
      458	2024-01-10 18:47:10	15	1	1	0
     1576	2024-01-10 18:48:20	15	0	1	0
      328	2024-01-10 18:56:01	15	1	1	0
      328	2024-01-10 18:56:04	15	1	1	0
     2652	2024-01-10 18:57:54	15	1	1	0
     2652	2024-01-10 18:57:56	15	1	1	0
     2652	2024-01-10 18:58:00	15	1	1	0
     1117	2024-01-10 20:08:08	15	1	1	0
     1117	2024-01-10 20:08:09	15	1	1	0
     1360	2024-01-10 20:17:52	15	0	1	0
     1360	2024-01-10 20:17:54	15	0	1	0
     1350	2024-01-10 20:18:43	15	0	1	0
     2314	2024-01-10 22:02:13	15	0	1	0
     2314	2024-01-10 22:02:15	15	0	1	0
     1338	2024-01-10 22:06:22	15	1	1	0
     1338	2024-01-10 22:06:24	15	1	1	0
      458	2024-01-10 22:09:50	15	1	1	0
      458	2024-01-10 22:09:52	15	1	1	0
     2686	2024-01-10 22:11:18	15	1	1	0
     2686	2024-01-10 22:11:21	15	1	1	0
     2816	2024-01-10 23:46:06	15	0	1	0
     2816	2024-01-10 23:46:11	15	0	1	0
     1491	2024-01-11 05:29:48	15	0	1	0
     1491	2024-01-11 05:29:55	15	0	1	0
     2314	2024-01-11 06:08:59	15	1	1	0
     2314	2024-01-11 06:09:01	15	1	1	0
     2656	2024-01-11 06:12:32	15	0	1	0
     2656	2024-01-11 06:12:37	15	0	1	0
     1360	2024-01-11 06:12:44	15	1	1	0
     1360	2024-01-11 06:12:46	15	1	1	0
     2931	2024-01-11 06:32:50	15	0	1	0
     2931	2024-01-11 06:32:55	15	0	1	0
     2931	2024-01-11 06:32:59	15	0	1	0
     1452	2024-01-11 06:49:29	15	0	1	0
     1452	2024-01-11 06:49:36	15	0	1	0
      328	2024-01-11 07:01:24	15	0	1	0
      328	2024-01-11 07:01:26	15	0	1	0
     1365	2024-01-11 07:02:28	15	0	1	0
     1365	2024-01-11 07:02:33	15	0	1	0
     1365	2024-01-11 07:02:41	15	0	1	0
     2002	2024-01-11 07:07:44	15	0	1	0
     2002	2024-01-11 07:07:48	15	0	1	0
     2002	2024-01-11 07:07:52	15	0	1	0
     2458	2024-01-11 07:11:40	15	0	1	0
     2458	2024-01-11 07:11:42	15	0	1	0
     2458	2024-01-11 07:11:43	15	0	1	0
     2453	2024-01-11 07:12:02	15	0	1	0
     2453	2024-01-11 07:12:04	15	0	1	0
     2453	2024-01-11 07:12:06	15	0	1	0
     2453	2024-01-11 07:12:08	15	0	1	0
      159	2024-01-11 07:15:05	15	0	1	0
     1220	2024-01-11 07:23:10	15	0	1	0
     1220	2024-01-11 07:23:11	15	0	1	0
     1127	2024-01-11 07:25:50	15	0	1	0
     1127	2024-01-11 07:25:53	15	0	1	0
      690	2024-01-11 07:34:25	15	0	1	0
      690	2024-01-11 07:34:27	15	0	1	0
     2527	2024-01-11 07:46:05	15	0	1	0
     2527	2024-01-11 07:46:06	15	0	1	0
     2527	2024-01-11 07:46:08	15	0	1	0
      383	2024-01-11 07:48:48	15	0	1	0
     1897	2024-01-11 07:49:11	15	0	1	0
     1897	2024-01-11 07:49:17	15	0	1	0
     1232	2024-01-11 07:52:41	15	0	1	0
      406	2024-01-11 07:55:23	15	0	1	0
      406	2024-01-11 07:55:25	15	0	1	0
     1009	2024-01-11 07:55:32	15	0	1	0
     1009	2024-01-11 07:55:33	15	0	1	0
     2828	2024-01-11 07:55:41	15	0	1	0
     2828	2024-01-11 07:55:43	15	0	1	0
     1117	2024-01-11 07:57:18	15	0	1	0
     1117	2024-01-11 07:57:20	15	0	1	0
     1003	2024-01-11 07:57:32	15	0	1	0
     1350	2024-01-11 08:00:06	15	1	1	0
      458	2024-01-11 08:01:13	15	0	1	0
      458	2024-01-11 08:01:14	15	0	1	0
     2903	2024-01-11 08:01:22	15	0	1	0
     2903	2024-01-11 08:01:24	15	0	1	0
      998	2024-01-11 08:01:35	15	0	1	0
      998	2024-01-11 08:01:37	15	0	1	0
     1636	2024-01-11 08:03:22	15	0	1	0
     1636	2024-01-11 08:03:23	15	0	1	0
     1157	2024-01-11 08:03:26	15	0	1	0
     1157	2024-01-11 08:03:28	15	0	1	0
     2528	2024-01-11 08:16:39	15	0	1	0
     2528	2024-01-11 08:16:41	15	0	1	0
     2816	2024-01-11 08:24:12	15	1	1	0
     2816	2024-01-11 08:24:15	15	1	1	0
     2131	2024-01-11 08:24:33	15	1	1	0
     2131	2024-01-11 08:24:38	15	0	1	0
     2131	2024-01-11 08:24:40	15	0	1	0
     2131	2024-01-11 08:24:42	15	0	1	0
     2652	2024-01-11 08:31:08	15	0	1	0
     2652	2024-01-11 08:31:09	15	0	1	0
     2652	2024-01-11 08:31:12	15	0	1	0
     2652	2024-01-11 08:31:15	15	0	1	0
     1576	2024-01-11 09:08:11	15	1	1	0
     1897	2024-01-11 12:02:40	15	1	1	0
     1897	2024-01-11 12:02:44	15	1	1	0
     1009	2024-01-11 12:04:19	15	1	1	0
     1009	2024-01-11 12:04:20	15	1	1	0
      690	2024-01-11 12:04:30	15	1	1	0
      690	2024-01-11 12:04:31	15	1	1	0
      159	2024-01-11 12:05:13	15	1	1	0
     2828	2024-01-11 12:05:52	15	1	1	0
     2828	2024-01-11 12:05:54	15	1	1	0
     1003	2024-01-11 12:08:18	15	1	1	0
     1003	2024-01-11 12:08:23	15	1	1	0
      406	2024-01-11 12:09:45	15	1	1	0
      406	2024-01-11 12:09:46	15	1	1	0
      458	2024-01-11 12:09:54	15	1	1	0
      458	2024-01-11 12:09:56	15	1	1	0
      458	2024-01-11 12:10:03	15	1	1	0
      406	2024-01-11 12:10:12	15	1	1	0
      406	2024-01-11 12:11:02	15	0	1	0
      406	2024-01-11 12:11:03	15	0	1	0
      998	2024-01-11 12:11:35	15	1	1	0
      998	2024-01-11 12:11:37	15	1	1	0
     2828	2024-01-11 12:12:19	15	0	1	0
     2828	2024-01-11 12:12:21	15	0	1	0
      458	2024-01-11 12:13:38	15	0	1	0
      458	2024-01-11 12:13:39	15	0	1	0
     2903	2024-01-11 12:13:45	15	1	1	0
     2903	2024-01-11 12:13:46	15	1	1	0
     1009	2024-01-11 12:15:20	15	0	1	0
     1009	2024-01-11 12:15:22	15	0	1	0
     1897	2024-01-11 12:15:44	15	0	1	0
     1897	2024-01-11 12:15:47	15	0	1	0
     1225	2024-01-11 12:16:10	15	0	1	0
     1225	2024-01-11 12:16:12	15	0	1	0
      998	2024-01-11 12:17:14	15	0	1	0
      998	2024-01-11 12:17:15	15	0	1	0
     2903	2024-01-11 12:20:10	15	0	1	0
     2903	2024-01-11 12:20:11	15	0	1	0
      690	2024-01-11 12:21:10	15	0	1	0
      690	2024-01-11 12:21:11	15	0	1	0
      159	2024-01-11 12:22:14	15	0	1	0
     1003	2024-01-11 12:22:38	15	0	1	0
     1003	2024-01-11 12:22:40	15	0	1	0
     2656	2024-01-11 12:25:14	15	1	1	0
     2656	2024-01-11 12:25:19	15	1	1	0
     2656	2024-01-11 12:28:33	15	0	1	0
     2656	2024-01-11 12:28:38	15	0	1	0
      383	2024-01-11 12:28:51	15	1	1	0
     2528	2024-01-11 12:30:06	15	1	1	0
     2528	2024-01-11 12:30:12	15	1	1	0
     2528	2024-01-11 12:30:22	15	1	1	0
      383	2024-01-11 12:33:40	15	0	1	0
     2528	2024-01-11 12:35:00	15	0	1	0
     2528	2024-01-11 12:35:02	15	0	1	0
     2131	2024-01-11 12:54:22	15	1	1	0
     2131	2024-01-11 12:54:24	15	1	1	0
     2131	2024-01-11 12:55:16	15	0	1	0
     2131	2024-01-11 12:55:17	15	0	1	0
     2131	2024-01-11 12:55:19	15	0	1	0
     1338	2024-01-11 13:09:25	15	0	1	0
     1338	2024-01-11 13:09:27	15	0	1	0
     2686	2024-01-11 13:46:23	15	0	1	0
     2686	2024-01-11 13:46:25	15	0	1	0
     1452	2024-01-11 14:01:41	15	1	1	0
     1452	2024-01-11 14:01:52	15	1	1	0
     1491	2024-01-11 15:59:59	15	1	1	0
     1491	2024-01-11 16:00:04	15	1	1	0
     2131	2024-01-11 17:00:01	15	1	1	0
     2131	2024-01-11 17:00:03	15	1	1	0
     2131	2024-01-11 17:00:04	15	1	1	0
      998	2024-01-11 17:00:10	15	1	1	0
      998	2024-01-11 17:00:11	15	1	1	0
      159	2024-01-11 17:01:09	15	1	1	0
     1897	2024-01-11 17:01:17	15	1	1	0
     1897	2024-01-11 17:01:20	15	1	1	0
     1250	2024-01-11 17:01:41	15	1	1	0
     1250	2024-01-11 17:01:43	15	1	1	0
      383	2024-01-11 17:02:02	15	1	1	0
     1009	2024-01-11 17:02:23	15	1	1	0
     1009	2024-01-11 17:02:25	15	1	1	0
     1897	2024-01-11 17:02:31	15	1	1	0
     1365	2024-01-11 17:02:37	15	1	1	0
     1365	2024-01-11 17:02:44	15	1	1	0
     1003	2024-01-11 17:03:09	15	1	1	0
     1003	2024-01-11 17:03:11	15	1	1	0
      690	2024-01-11 17:03:16	15	1	1	0
      690	2024-01-11 17:03:17	15	1	1	0
      690	2024-01-11 17:03:19	15	1	1	0
     2828	2024-01-11 17:03:27	15	1	1	0
     2828	2024-01-11 17:03:29	15	1	1	0
      406	2024-01-11 17:05:08	15	1	1	0
      406	2024-01-11 17:05:09	15	1	1	0
      406	2024-01-11 17:05:11	15	1	1	0
     2903	2024-01-11 17:06:26	15	1	1	0
     2903	2024-01-11 17:06:28	15	1	1	0
      458	2024-01-11 17:06:38	15	1	1	0
      458	2024-01-11 17:06:40	15	1	1	0
      458	2024-01-11 17:06:43	15	1	1	0
      406	2024-01-11 17:08:11	15	1	1	0
      406	2024-01-11 17:08:12	15	1	1	0
     2527	2024-01-11 17:09:09	15	1	1	0
     2527	2024-01-11 17:09:11	15	1	1	0
     2527	2024-01-11 17:09:13	15	1	1	0
     2528	2024-01-11 17:17:13	15	1	1	0
     2528	2024-01-11 17:17:14	15	1	1	0
      328	2024-01-11 17:27:15	15	1	1	0
      328	2024-01-11 17:27:20	15	1	1	0
     2931	2024-01-11 17:30:26	15	1	1	0
     2931	2024-01-11 17:30:30	15	1	1	0
     2931	2024-01-11 17:30:34	15	1	1	0
     2002	2024-01-11 17:34:02	15	1	1	0
     2002	2024-01-11 17:34:06	15	1	1	0
     2002	2024-01-11 17:34:10	15	1	1	0
     1220	2024-01-11 17:36:14	15	1	1	0
     1220	2024-01-11 17:36:18	15	1	1	0
     1232	2024-01-11 17:38:37	15	1	1	0
     2458	2024-01-11 18:11:53	15	1	1	0
     2652	2024-01-11 18:37:19	15	1	1	0
     2652	2024-01-11 18:37:21	15	1	1	0
     2652	2024-01-11 18:37:23	15	1	1	0
      458	2024-01-11 18:39:12	15	1	1	0
      458	2024-01-11 18:39:13	15	1	1	0
      458	2024-01-11 18:39:41	15	1	1	0
     2656	2024-01-11 19:02:21	15	1	1	0
     2656	2024-01-11 19:02:26	15	1	1	0
     1117	2024-01-11 19:10:27	15	1	1	0
     1117	2024-01-11 19:10:29	15	1	1	0
     1576	2024-01-11 20:15:40	15	0	1	0
     1350	2024-01-11 20:23:40	15	0	1	0
     1360	2024-01-11 21:48:49	15	0	1	0
     1360	2024-01-11 21:48:51	15	0	1	0
     2314	2024-01-11 22:03:58	15	0	1	0
     2314	2024-01-11 22:03:59	15	0	1	0
     1338	2024-01-11 22:08:32	15	1	1	0
     1338	2024-01-11 22:08:34	15	1	1	0
     2686	2024-01-11 22:15:20	15	1	1	0
     2686	2024-01-11 22:15:22	15	1	1	0
     1636	2024-01-11 22:36:53	15	5	1	0
     1636	2024-01-11 22:36:55	15	5	1	0
     2816	2024-01-11 23:46:34	15	0	1	0
     2816	2024-01-11 23:46:38	15	0	1	0
     1452	2024-01-12 03:56:29	15	0	1	0
     1452	2024-01-12 03:56:34	15	0	1	0
     1491	2024-01-12 05:37:46	15	0	1	0
     1491	2024-01-12 05:37:51	15	0	1	0
     1220	2024-01-12 06:06:29	15	0	1	0
     1220	2024-01-12 06:06:31	15	0	1	0
     2314	2024-01-12 06:09:50	15	1	1	0
     2314	2024-01-12 06:09:52	15	1	1	0
      328	2024-01-12 06:31:20	15	0	1	0
      328	2024-01-12 06:31:22	15	0	1	0
     1360	2024-01-12 06:34:48	15	1	1	0
     1360	2024-01-12 06:34:50	15	1	1	0
     1350	2024-01-12 06:38:09	15	1	1	0
      801	2024-01-12 07:00:50	15	0	1	0
      801	2024-01-12 07:00:52	15	0	1	0
     2931	2024-01-12 07:10:10	15	0	1	0
     2931	2024-01-12 07:10:11	15	0	1	0
     2931	2024-01-12 07:10:16	15	0	1	0
     2931	2024-01-12 07:10:20	15	0	1	0
     1365	2024-01-12 07:10:48	15	0	1	0
     1365	2024-01-12 07:10:55	15	0	1	0
     1365	2024-01-12 07:11:02	15	0	1	0
     2656	2024-01-12 07:12:09	15	0	1	0
     2656	2024-01-12 07:12:15	15	0	1	0
     2002	2024-01-12 07:14:40	15	0	1	0
     2002	2024-01-12 07:14:44	15	0	1	0
     2002	2024-01-12 07:14:49	15	0	1	0
     2453	2024-01-12 07:15:59	15	0	1	0
     2453	2024-01-12 07:16:01	15	0	1	0
     2453	2024-01-12 07:16:03	15	0	1	0
     2453	2024-01-12 07:16:05	15	0	1	0
      159	2024-01-12 07:18:26	15	0	1	0
     2458	2024-01-12 07:19:16	15	0	1	0
     2458	2024-01-12 07:19:17	15	0	1	0
     1127	2024-01-12 07:26:00	15	0	1	0
     1127	2024-01-12 07:26:02	15	0	1	0
      406	2024-01-12 07:47:40	15	0	1	0
      406	2024-01-12 07:47:41	15	0	1	0
     2527	2024-01-12 07:49:39	15	0	1	0
     2527	2024-01-12 07:49:41	15	0	1	0
     2527	2024-01-12 07:49:45	15	0	1	0
     1897	2024-01-12 07:50:05	15	0	1	0
     1897	2024-01-12 07:50:07	15	0	1	0
      690	2024-01-12 07:50:13	15	0	1	0
      690	2024-01-12 07:50:15	15	0	1	0
      998	2024-01-12 07:53:44	15	0	1	0
      998	2024-01-12 07:53:46	15	0	1	0
     2828	2024-01-12 07:55:28	15	0	1	0
     2828	2024-01-12 07:55:29	15	0	1	0
      383	2024-01-12 07:56:43	15	0	1	0
      458	2024-01-12 07:59:54	15	0	1	0
      458	2024-01-12 07:59:56	15	0	1	0
     2903	2024-01-12 08:00:06	15	0	1	0
     2903	2024-01-12 08:00:08	15	0	1	0
     1157	2024-01-12 08:00:50	15	0	1	0
     1157	2024-01-12 08:00:52	15	0	1	0
     1636	2024-01-12 08:00:53	15	0	1	0
     1636	2024-01-12 08:00:55	15	0	1	0
     1009	2024-01-12 08:03:37	15	0	1	0
     1009	2024-01-12 08:03:39	15	0	1	0
     1003	2024-01-12 08:06:48	15	0	1	0
     1003	2024-01-12 08:06:50	15	0	1	0
     2528	2024-01-12 08:13:58	15	0	1	0
     2528	2024-01-12 08:14:00	15	0	1	0
     2816	2024-01-12 08:14:08	15	1	1	0
     2816	2024-01-12 08:14:12	15	1	1	0
     1232	2024-01-12 08:28:35	15	0	1	0
     1117	2024-01-12 08:29:19	15	0	1	0
     1117	2024-01-12 08:29:21	15	0	1	0
     2652	2024-01-12 08:30:47	15	0	1	0
     2652	2024-01-12 08:30:49	15	0	1	0
     2652	2024-01-12 08:30:53	15	0	1	0
     2131	2024-01-12 08:31:54	15	0	1	0
     2131	2024-01-12 08:31:58	15	0	1	0
     2131	2024-01-12 08:31:59	15	0	1	0
     1576	2024-01-12 08:36:30	15	1	1	0
     1897	2024-01-12 12:03:13	15	1	1	0
     1897	2024-01-12 12:03:15	15	1	1	0
     1009	2024-01-12 12:03:26	15	1	1	0
     1009	2024-01-12 12:03:27	15	1	1	0
      159	2024-01-12 12:03:59	15	1	1	0
      406	2024-01-12 12:04:31	15	1	1	0
      406	2024-01-12 12:04:33	15	1	1	0
      406	2024-01-12 12:05:09	15	1	1	0
      406	2024-01-12 12:05:19	15	1	1	0
     2828	2024-01-12 12:05:44	15	1	1	0
     2828	2024-01-12 12:05:46	15	1	1	0
     2828	2024-01-12 12:05:47	15	1	1	0
      406	2024-01-12 12:06:07	15	0	1	0
      406	2024-01-12 12:06:09	15	0	1	0
      406	2024-01-12 12:06:10	15	0	1	0
      998	2024-01-12 12:09:41	15	1	1	0
      998	2024-01-12 12:09:42	15	1	1	0
     1003	2024-01-12 12:09:53	15	1	1	0
     1003	2024-01-12 12:09:55	15	1	1	0
      690	2024-01-12 12:10:06	15	1	1	0
      690	2024-01-12 12:10:07	15	1	1	0
     1897	2024-01-12 12:11:08	15	0	1	0
     1897	2024-01-12 12:11:10	15	0	1	0
     1009	2024-01-12 12:11:18	15	0	1	0
     1009	2024-01-12 12:11:19	15	0	1	0
      383	2024-01-12 12:12:20	15	1	1	0
     2656	2024-01-12 12:15:08	15	1	1	0
     2656	2024-01-12 12:15:13	15	1	1	0
      383	2024-01-12 12:15:21	15	0	1	0
     1003	2024-01-12 12:17:03	15	0	1	0
     1003	2024-01-12 12:17:05	15	0	1	0
     2131	2024-01-12 12:17:33	15	1	1	0
     2131	2024-01-12 12:17:35	15	1	1	0
     2656	2024-01-12 12:18:19	15	0	1	0
     2656	2024-01-12 12:18:24	15	0	1	0
      159	2024-01-12 12:26:31	15	0	1	0
     2528	2024-01-12 12:27:57	15	1	1	0
     2528	2024-01-12 12:27:59	15	1	1	0
     2931	2024-01-12 12:31:52	15	1	1	0
     2931	2024-01-12 12:31:57	15	1	1	0
     2931	2024-01-12 12:32:01	15	1	1	0
     2931	2024-01-12 12:32:02	15	1	1	0
      690	2024-01-12 12:32:10	15	0	1	0
      690	2024-01-12 12:32:11	15	0	1	0
     2528	2024-01-12 12:32:33	15	0	1	0
     2528	2024-01-12 12:32:38	15	0	1	0
     2931	2024-01-12 12:33:34	15	0	1	0
     2931	2024-01-12 12:33:36	15	0	1	0
     2931	2024-01-12 12:33:39	15	0	1	0
      458	2024-01-12 12:34:04	15	1	1	0
      458	2024-01-12 12:34:06	15	1	1	0
      458	2024-01-12 12:35:55	15	0	1	0
      458	2024-01-12 12:35:58	15	0	1	0
      458	2024-01-12 12:36:00	15	0	1	0
     2903	2024-01-12 12:36:10	15	1	1	0
     2903	2024-01-12 12:36:12	15	1	1	0
      458	2024-01-12 12:36:55	15	0	1	0
      998	2024-01-12 12:37:13	15	0	1	0
      998	2024-01-12 12:37:15	15	0	1	0
     2828	2024-01-12 12:53:22	15	0	1	0
     2828	2024-01-12 12:53:23	15	0	1	0
     2903	2024-01-12 12:53:50	15	0	1	0
     2903	2024-01-12 12:53:52	15	0	1	0
     2686	2024-01-12 13:09:11	15	0	1	0
     2686	2024-01-12 13:09:13	15	0	1	0
     1338	2024-01-12 13:34:06	15	0	1	0
     1338	2024-01-12 13:34:08	15	0	1	0
     1452	2024-01-12 16:54:52	15	1	1	0
     1452	2024-01-12 16:55:00	15	1	1	0
      998	2024-01-12 17:00:04	15	1	1	0
      998	2024-01-12 17:00:06	15	1	1	0
     1897	2024-01-12 17:01:10	15	1	1	0
     1897	2024-01-12 17:01:12	15	1	1	0
      406	2024-01-12 17:01:56	15	1	1	0
      406	2024-01-12 17:01:58	15	1	1	0
      406	2024-01-12 17:01:59	15	1	1	0
      383	2024-01-12 17:02:05	15	1	1	0
      159	2024-01-12 17:02:23	15	1	1	0
     1009	2024-01-12 17:02:56	15	1	1	0
     1009	2024-01-12 17:02:57	15	1	1	0
     1003	2024-01-12 17:03:27	15	1	1	0
     1003	2024-01-12 17:03:29	15	1	1	0
     2903	2024-01-12 17:03:46	15	1	1	0
     2903	2024-01-12 17:03:47	15	1	1	0
     2828	2024-01-12 17:03:59	15	1	1	0
     2828	2024-01-12 17:04:00	15	1	1	0
     2828	2024-01-12 17:04:02	15	1	1	0
     1365	2024-01-12 17:04:39	15	1	1	0
     1365	2024-01-12 17:04:42	15	1	1	0
     1365	2024-01-12 17:04:49	15	1	1	0
     2527	2024-01-12 17:05:20	15	1	1	0
     2527	2024-01-12 17:05:21	15	1	1	0
     2527	2024-01-12 17:05:23	15	1	1	0
      690	2024-01-12 17:06:03	15	1	1	0
      690	2024-01-12 17:06:05	15	1	1	0
      690	2024-01-12 17:06:06	15	1	1	0
     1491	2024-01-12 17:12:07	15	1	1	0
     1491	2024-01-12 17:12:13	15	1	1	0
      328	2024-01-12 17:12:22	15	1	1	0
      328	2024-01-12 17:12:24	15	1	1	0
     2656	2024-01-12 17:14:42	15	1	1	0
     2656	2024-01-12 17:14:50	15	1	1	0
     2528	2024-01-12 17:15:58	15	1	1	0
     2528	2024-01-12 17:16:00	15	1	1	0
      458	2024-01-12 17:27:56	15	1	1	0
      458	2024-01-12 17:27:57	15	1	1	0
     2002	2024-01-12 17:40:43	15	1	1	0
     2002	2024-01-12 17:40:47	15	1	1	0
     2002	2024-01-12 17:40:51	15	1	1	0
     1250	2024-01-12 18:01:28	15	1	1	0
     1250	2024-01-12 18:01:30	15	1	1	0
     1220	2024-01-12 18:23:42	15	1	1	0
     1220	2024-01-12 18:23:44	15	1	1	0
     1576	2024-01-12 18:29:21	15	0	1	0
     1232	2024-01-12 18:41:07	15	1	1	0
     2458	2024-01-12 18:46:30	15	1	1	0
     2458	2024-01-12 18:46:34	15	1	1	0
     2453	2024-01-12 19:51:57	15	1	1	0
     2453	2024-01-12 19:51:59	15	1	1	0
     2453	2024-01-12 19:52:01	15	1	1	0
     2453	2024-01-12 19:52:03	15	1	1	0
     2453	2024-01-12 19:52:06	15	1	1	0
     1117	2024-01-12 19:57:04	15	1	1	0
     1117	2024-01-12 19:57:05	15	1	1	0
     2652	2024-01-12 20:14:30	15	1	1	0
     2652	2024-01-12 20:14:32	15	1	1	0
     2652	2024-01-12 20:14:34	15	1	1	0
      458	2024-01-12 20:21:02	15	1	1	0
      458	2024-01-12 20:21:04	15	1	1	0
     1350	2024-01-12 21:03:39	15	0	1	0
      801	2024-01-12 21:20:30	15	1	1	0
      801	2024-01-12 21:20:32	15	1	1	0
     1338	2024-01-12 22:18:17	15	1	1	0
     1338	2024-01-12 22:18:19	15	1	1	0
     2686	2024-01-12 22:26:24	15	1	1	0
     2686	2024-01-12 22:26:27	15	1	1	0
     2816	2024-01-12 23:23:45	15	0	1	0
     2816	2024-01-12 23:23:50	15	0	1	0
     1491	2024-01-13 05:32:12	15	0	1	0
     1491	2024-01-13 05:32:17	15	0	1	0
     1360	2024-01-13 05:57:04	15	0	1	0
     1360	2024-01-13 05:57:06	15	0	1	0
     1350	2024-01-13 06:17:42	15	1	1	0
     1576	2024-01-13 07:44:02	15	1	1	0
     2816	2024-01-13 08:15:11	15	1	1	0
     2816	2024-01-13 08:15:15	15	1	1	0
     1232	2024-01-13 08:25:30	15	0	1	0
     1338	2024-01-13 13:08:49	15	0	1	0
     1338	2024-01-13 13:08:51	15	0	1	0
     2686	2024-01-13 13:46:02	15	0	1	0
     2686	2024-01-13 13:46:04	15	0	1	0
     1491	2024-01-13 14:06:32	15	1	1	0
     1491	2024-01-13 14:06:37	15	1	1	0
     1360	2024-01-13 16:32:09	15	1	1	0
     1360	2024-01-13 16:32:12	15	1	1	0
     1232	2024-01-13 18:45:58	15	1	1	0
     1576	2024-01-13 19:16:31	15	0	1	0
     1350	2024-01-13 20:02:10	15	0	1	0
     1338	2024-01-13 22:03:15	15	1	1	0
     1338	2024-01-13 22:03:17	15	1	1	0
     2686	2024-01-13 22:12:10	15	1	1	0
     2686	2024-01-13 22:12:12	15	1	1	0
     2816	2024-01-13 23:49:15	15	0	1	0
     2816	2024-01-13 23:49:20	15	0	1	0
     1452	2024-01-14 06:13:19	15	0	1	0
     1452	2024-01-14 06:13:24	15	0	1	0
     1360	2024-01-14 06:22:34	15	0	1	0
     1360	2024-01-14 06:22:35	15	0	1	0
     1350	2024-01-14 06:24:12	15	1	1	0
     2816	2024-01-14 08:03:41	15	1	1	0
     2816	2024-01-14 08:03:45	15	1	1	0
     1576	2024-01-14 10:44:49	15	1	1	0
     1338	2024-01-14 13:05:20	15	0	1	0
     1338	2024-01-14 13:05:23	15	0	1	0
     1338	2024-01-14 13:11:29	15	0	1	0
     1452	2024-01-14 14:20:09	15	1	1	0
     1452	2024-01-14 14:20:15	15	1	1	0
     1576	2024-01-14 18:18:46	15	0	1	0
     1360	2024-01-14 20:05:44	15	1	1	0
     1360	2024-01-14 20:05:46	15	1	1	0
     2314	2024-01-14 21:34:55	15	0	1	0
     2314	2024-01-14 21:34:57	15	0	1	0
     1350	2024-01-14 21:59:36	15	0	1	0
     1338	2024-01-14 22:11:41	15	1	1	0
     1338	2024-01-14 22:11:43	15	1	1	0
     2816	2024-01-14 23:25:52	15	0	1	0
     2816	2024-01-14 23:25:57	15	0	1	0
     1491	2024-01-15 05:42:02	15	0	1	0
     1491	2024-01-15 05:42:07	15	0	1	0
     2314	2024-01-15 06:05:48	15	1	1	0
     2314	2024-01-15 06:05:50	15	1	1	0
      328	2024-01-15 06:07:55	15	0	1	0
      328	2024-01-15 06:07:57	15	0	1	0
     2656	2024-01-15 06:08:05	15	0	1	0
     2656	2024-01-15 06:08:10	15	0	1	0
     1220	2024-01-15 06:11:03	15	0	1	0
     1220	2024-01-15 06:11:05	15	0	1	0
     1452	2024-01-15 06:26:43	15	0	1	0
     1452	2024-01-15 06:26:50	15	0	1	0
     1350	2024-01-15 06:44:38	15	1	1	0
     2931	2024-01-15 06:46:49	15	0	1	0
     2931	2024-01-15 06:46:53	15	0	1	0
     2931	2024-01-15 06:46:58	15	0	1	0
     1365	2024-01-15 07:02:36	15	0	1	0
     1365	2024-01-15 07:02:44	15	0	1	0
     1365	2024-01-15 07:02:55	15	0	1	0
     2002	2024-01-15 07:04:51	15	0	1	0
     2002	2024-01-15 07:04:55	15	0	1	0
     2002	2024-01-15 07:04:59	15	0	1	0
     2828	2024-01-15 07:07:59	15	0	1	0
     2828	2024-01-15 07:08:00	15	0	1	0
     2828	2024-01-15 07:08:01	15	0	1	0
     1250	2024-01-15 07:08:36	15	0	1	0
     1250	2024-01-15 07:08:37	15	0	1	0
     2453	2024-01-15 07:13:42	15	0	1	0
     2453	2024-01-15 07:13:44	15	0	1	0
     2453	2024-01-15 07:13:46	15	0	1	0
     2453	2024-01-15 07:13:48	15	0	1	0
     2652	2024-01-15 07:17:25	15	0	1	0
     2652	2024-01-15 07:17:27	15	0	1	0
     2652	2024-01-15 07:17:30	15	0	1	0
      159	2024-01-15 07:21:19	15	0	1	0
      406	2024-01-15 07:23:06	15	0	1	0
      406	2024-01-15 07:23:07	15	0	1	0
     1127	2024-01-15 07:24:35	15	0	1	0
     1127	2024-01-15 07:24:39	15	0	1	0
      690	2024-01-15 07:38:05	15	0	1	0
      690	2024-01-15 07:38:07	15	0	1	0
     1897	2024-01-15 07:43:44	15	0	1	0
     1897	2024-01-15 07:43:47	15	0	1	0
     2458	2024-01-15 07:43:56	15	0	1	0
     2458	2024-01-15 07:43:57	15	0	1	0
     2458	2024-01-15 07:43:59	15	0	1	0
     1636	2024-01-15 07:45:50	15	0	1	0
     1636	2024-01-15 07:45:52	15	0	1	0
     1009	2024-01-15 07:51:29	15	0	1	0
     1009	2024-01-15 07:51:30	15	0	1	0
     2527	2024-01-15 07:51:41	15	0	1	0
     2527	2024-01-15 07:51:43	15	0	1	0
     2527	2024-01-15 07:51:45	15	0	1	0
      383	2024-01-15 07:52:19	15	0	1	0
     1003	2024-01-15 07:57:45	15	0	1	0
     1003	2024-01-15 07:57:47	15	0	1	0
      801	2024-01-15 07:59:00	15	0	1	0
      801	2024-01-15 07:59:02	15	0	1	0
     1157	2024-01-15 07:59:23	15	0	1	0
     1157	2024-01-15 07:59:24	15	0	1	0
     1636	2024-01-15 07:59:29	15	0	1	0
      458	2024-01-15 08:00:35	15	0	1	0
      458	2024-01-15 08:00:36	15	0	1	0
     2903	2024-01-15 08:00:41	15	0	1	0
     2903	2024-01-15 08:00:43	15	0	1	0
     1117	2024-01-15 08:01:08	15	0	1	0
     1117	2024-01-15 08:01:10	15	0	1	0
     1576	2024-01-15 08:02:47	15	1	1	0
     2816	2024-01-15 08:15:42	15	1	1	0
     2816	2024-01-15 08:15:46	15	1	1	0
     2528	2024-01-15 08:24:18	15	0	1	0
     2528	2024-01-15 08:24:21	15	0	1	0
      998	2024-01-15 08:24:25	15	0	1	0
      998	2024-01-15 08:24:27	15	0	1	0
     1232	2024-01-15 08:26:31	15	0	1	0
      383	2024-01-15 12:01:43	15	1	1	0
      383	2024-01-15 12:03:02	15	0	1	0
      159	2024-01-15 12:03:50	15	1	1	0
      690	2024-01-15 12:04:09	15	1	1	0
      690	2024-01-15 12:04:11	15	1	1	0
     2828	2024-01-15 12:05:46	15	1	1	0
     2828	2024-01-15 12:05:49	15	1	1	0
     1003	2024-01-15 12:06:04	15	1	1	0
     1003	2024-01-15 12:06:06	15	1	1	0
     1003	2024-01-15 12:10:27	15	0	1	0
     1003	2024-01-15 12:10:29	15	0	1	0
     2656	2024-01-15 12:13:46	15	1	1	0
     2656	2024-01-15 12:13:52	15	1	1	0
     2656	2024-01-15 12:16:19	15	0	1	0
     2656	2024-01-15 12:16:24	15	0	1	0
     2903	2024-01-15 12:20:29	15	1	1	0
     2903	2024-01-15 12:20:30	15	1	1	0
      159	2024-01-15 12:23:06	15	0	1	0
      690	2024-01-15 12:24:08	15	0	1	0
      690	2024-01-15 12:24:10	15	0	1	0
      458	2024-01-15 12:25:01	15	1	1	0
      458	2024-01-15 12:25:02	15	1	1	0
     2528	2024-01-15 12:27:29	15	1	1	0
     2528	2024-01-15 12:27:31	15	1	1	0
     2903	2024-01-15 12:29:42	15	0	1	0
     2903	2024-01-15 12:29:43	15	0	1	0
      458	2024-01-15 12:29:46	15	0	1	0
      458	2024-01-15 12:29:47	15	0	1	0
      458	2024-01-15 12:29:51	15	0	1	0
     2528	2024-01-15 12:30:12	15	0	1	0
     2528	2024-01-15 12:30:17	15	0	1	0
      406	2024-01-15 12:33:24	15	1	1	0
      406	2024-01-15 12:33:25	15	1	1	0
     2828	2024-01-15 12:35:10	15	0	1	0
     2828	2024-01-15 12:35:12	15	0	1	0
     1009	2024-01-15 12:36:23	15	1	1	0
     1009	2024-01-15 12:36:25	15	1	1	0
      406	2024-01-15 12:36:41	15	0	1	0
      406	2024-01-15 12:36:44	15	0	1	0
      998	2024-01-15 12:37:04	15	1	1	0
      998	2024-01-15 12:37:06	15	1	1	0
      998	2024-01-15 12:37:37	15	1	1	0
     1897	2024-01-15 12:38:12	15	1	1	0
     1897	2024-01-15 12:38:14	15	1	1	0
      998	2024-01-15 12:38:26	15	0	1	0
      998	2024-01-15 12:38:28	15	0	1	0
     2131	2024-01-15 12:38:35	15	0	1	0
     2131	2024-01-15 12:38:39	15	0	1	0
     1897	2024-01-15 12:40:23	15	0	1	0
     1897	2024-01-15 12:40:25	15	0	1	0
     1009	2024-01-15 12:44:35	15	0	1	0
     1009	2024-01-15 12:44:37	15	0	1	0
     1338	2024-01-15 13:10:33	15	0	1	0
     1338	2024-01-15 13:10:36	15	0	1	0
     1360	2024-01-15 13:44:28	15	0	1	0
     1360	2024-01-15 13:44:30	15	0	1	0
     1491	2024-01-15 14:09:17	15	1	1	0
     1491	2024-01-15 14:09:22	15	1	1	0
     1452	2024-01-15 14:18:28	15	1	1	0
     1452	2024-01-15 14:18:37	15	1	1	0
     1897	2024-01-15 17:02:18	15	1	1	0
     1897	2024-01-15 17:02:22	15	1	1	0
     1003	2024-01-15 17:02:36	15	1	1	0
     1003	2024-01-15 17:02:39	15	1	1	0
      998	2024-01-15 17:03:26	15	1	1	0
      998	2024-01-15 17:03:28	15	1	1	0
      383	2024-01-15 17:03:45	15	1	1	0
      383	2024-01-15 17:03:47	15	1	1	0
     1365	2024-01-15 17:04:21	15	1	1	0
     1365	2024-01-15 17:04:25	15	1	1	0
     2131	2024-01-15 17:04:43	15	1	1	0
     2131	2024-01-15 17:04:45	15	1	1	0
     2131	2024-01-15 17:04:47	15	1	1	0
     1009	2024-01-15 17:05:11	15	1	1	0
     1009	2024-01-15 17:05:12	15	1	1	0
      406	2024-01-15 17:05:20	15	1	1	0
      406	2024-01-15 17:05:21	15	1	1	0
      406	2024-01-15 17:05:23	15	1	1	0
     2828	2024-01-15 17:05:37	15	1	1	0
     2828	2024-01-15 17:05:39	15	1	1	0
      159	2024-01-15 17:06:03	15	1	1	0
     2527	2024-01-15 17:06:30	15	1	1	0
     2527	2024-01-15 17:06:32	15	1	1	0
     2527	2024-01-15 17:06:35	15	1	1	0
      690	2024-01-15 17:07:10	15	1	1	0
      690	2024-01-15 17:07:11	15	1	1	0
      690	2024-01-15 17:07:12	15	1	1	0
     2652	2024-01-15 17:32:47	15	1	1	0
     2652	2024-01-15 17:32:49	15	1	1	0
     2652	2024-01-15 17:32:50	15	1	1	0
     2652	2024-01-15 17:33:13	15	1	1	0
     2903	2024-01-15 17:33:25	15	1	1	0
     2903	2024-01-15 17:33:27	15	1	1	0
     1117	2024-01-15 17:37:37	15	1	1	0
     1117	2024-01-15 17:37:38	15	1	1	0
      801	2024-01-15 17:44:10	15	1	1	0
      801	2024-01-15 17:44:12	15	1	1	0
     1576	2024-01-15 17:45:19	15	0	1	0
     2931	2024-01-15 17:55:10	15	1	1	0
     2931	2024-01-15 17:55:14	15	1	1	0
     2931	2024-01-15 17:55:19	15	1	1	0
      458	2024-01-15 18:07:26	15	1	1	0
      458	2024-01-15 18:07:28	15	1	1	0
     2656	2024-01-15 18:07:49	15	1	1	0
     2656	2024-01-15 18:07:54	15	1	1	0
      328	2024-01-15 18:11:03	15	1	1	0
      328	2024-01-15 18:11:05	15	1	1	0
     2528	2024-01-15 18:12:54	15	1	1	0
     2528	2024-01-15 18:12:56	15	1	1	0
     2002	2024-01-15 18:18:57	15	1	1	0
     2002	2024-01-15 18:19:02	15	1	1	0
     2002	2024-01-15 18:19:07	15	1	1	0
     1250	2024-01-15 19:22:39	15	1	1	0
     1250	2024-01-15 19:22:40	15	1	1	0
     1220	2024-01-15 19:48:38	15	1	1	0
     1220	2024-01-15 19:48:40	15	1	1	0
     1350	2024-01-15 21:54:22	15	0	1	0
     1350	2024-01-15 21:54:27	15	0	1	0
     1360	2024-01-15 22:03:04	15	1	1	0
     1360	2024-01-15 22:03:06	15	1	1	0
     1338	2024-01-15 22:03:10	15	1	1	0
     1338	2024-01-15 22:03:12	15	1	1	0
     2314	2024-01-16 06:01:40	15	1	1	0
     2314	2024-01-16 06:01:42	15	1	1	0
      328	2024-01-16 06:16:24	15	0	1	0
      328	2024-01-16 06:16:28	15	0	1	0
     1220	2024-01-16 06:24:44	15	0	1	0
     1220	2024-01-16 06:24:46	15	0	1	0
     2656	2024-01-16 06:28:41	15	0	1	0
     2656	2024-01-16 06:28:46	15	0	1	0
     1491	2024-01-16 06:48:23	15	0	1	0
     1491	2024-01-16 06:48:32	15	0	1	0
     1491	2024-01-16 06:48:37	15	0	1	0
     1452	2024-01-16 06:51:52	15	0	1	0
     1452	2024-01-16 06:52:45	15	0	1	0
     1365	2024-01-16 06:55:54	15	0	1	0
     1365	2024-01-16 06:56:01	15	0	1	0
     1365	2024-01-16 06:56:14	15	0	1	0
     1350	2024-01-16 06:56:36	15	1	1	0
     1576	2024-01-16 07:07:17	15	1	1	0
     1232	2024-01-16 07:12:51	15	0	1	0
     1338	2024-01-16 12:10:18	15	0	1	0
     1338	2024-01-16 12:10:20	15	0	1	0
     2686	2024-01-16 13:26:20	15	0	1	0
     2686	2024-01-16 13:26:23	15	0	1	0
     1360	2024-01-16 14:05:27	15	0	1	0
     1360	2024-01-16 14:05:28	15	0	1	0
     1452	2024-01-16 14:22:42	15	1	1	0
     1452	2024-01-16 14:22:47	15	1	1	0
     1491	2024-01-16 14:26:20	15	1	1	0
     1491	2024-01-16 14:26:25	15	1	1	0
     1365	2024-01-16 17:04:48	15	1	1	0
     1365	2024-01-16 17:04:57	15	1	1	0
     1365	2024-01-16 17:05:06	15	1	1	0
      328	2024-01-16 17:24:58	15	1	1	0
      328	2024-01-16 17:25:12	15	1	1	0
     1220	2024-01-16 17:49:07	15	1	1	0
     1220	2024-01-16 17:49:09	15	1	1	0
     1232	2024-01-16 17:54:29	15	1	1	0
     2656	2024-01-16 18:03:05	15	1	1	0
     2656	2024-01-16 18:03:10	15	1	1	0
     1576	2024-01-16 18:35:35	15	0	1	0
     1576	2024-01-16 18:35:36	15	0	1	0
     2816	2024-01-16 20:47:42	15	0	1	0
     2816	2024-01-16 20:47:47	15	0	1	0
     1350	2024-01-16 20:48:12	15	0	1	0
     2314	2024-01-16 20:56:34	15	0	1	0
     2314	2024-01-16 20:56:36	15	0	1	0
     1360	2024-01-16 22:16:04	15	1	1	0
     1360	2024-01-16 22:16:06	15	1	1	0
     2686	2024-01-16 22:16:38	15	1	1	0
     2686	2024-01-16 22:16:40	15	1	1	0
     1338	2024-01-17 01:12:09	15	1	1	0
     1338	2024-01-17 01:12:11	15	1	1	0
     2314	2024-01-17 05:22:16	15	1	1	0
     2314	2024-01-17 05:22:18	15	1	1	0
     2816	2024-01-17 05:53:55	15	1	1	0
     2816	2024-01-17 05:53:59	15	1	1	0
     1491	2024-01-17 05:58:26	15	0	1	0
     1491	2024-01-17 05:58:31	15	0	1	0
     1220	2024-01-17 06:05:23	15	0	1	0
     1220	2024-01-17 06:05:25	15	0	1	0
     1350	2024-01-17 06:19:45	15	1	1	0
     2656	2024-01-17 06:22:52	15	0	1	0
     2656	2024-01-17 06:22:57	15	0	1	0
      328	2024-01-17 06:44:25	15	0	1	0
      328	2024-01-17 06:44:32	15	0	1	0
     1452	2024-01-17 06:52:28	15	0	1	0
     1452	2024-01-17 06:52:33	15	0	1	0
     2002	2024-01-17 07:05:30	15	0	1	0
     2002	2024-01-17 07:05:34	15	0	1	0
     2002	2024-01-17 07:05:39	15	0	1	0
     2931	2024-01-17 07:07:43	15	0	1	0
     2931	2024-01-17 07:07:48	15	0	1	0
     2931	2024-01-17 07:07:53	15	0	1	0
     1365	2024-01-17 07:09:56	15	0	1	0
     1365	2024-01-17 07:10:01	15	0	1	0
     1365	2024-01-17 07:10:10	15	0	1	0
     2453	2024-01-17 07:13:07	15	0	1	0
     2453	2024-01-17 07:13:09	15	0	1	0
     2453	2024-01-17 07:13:11	15	0	1	0
     2453	2024-01-17 07:13:13	15	0	1	0
     2652	2024-01-17 07:23:58	15	0	1	0
     2652	2024-01-17 07:24:00	15	0	1	0
     2652	2024-01-17 07:24:03	15	0	1	0
     2458	2024-01-17 07:38:27	15	0	1	0
     2458	2024-01-17 07:38:28	15	0	1	0
     2458	2024-01-17 07:38:30	15	0	1	0
      406	2024-01-17 07:42:24	15	0	1	0
      406	2024-01-17 07:42:25	15	0	1	0
      406	2024-01-17 07:43:05	15	0	1	0
      383	2024-01-17 07:46:55	15	0	1	0
     2527	2024-01-17 07:47:15	15	0	1	0
     2527	2024-01-17 07:47:16	15	0	1	0
     2527	2024-01-17 07:47:18	15	0	1	0
     1897	2024-01-17 07:51:14	15	0	1	0
     1897	2024-01-17 07:51:16	15	0	1	0
     2828	2024-01-17 07:55:21	15	0	1	0
     2828	2024-01-17 07:55:22	15	0	1	0
      801	2024-01-17 07:57:31	15	0	1	0
      801	2024-01-17 07:57:33	15	0	1	0
     1009	2024-01-17 07:57:44	15	0	1	0
     1009	2024-01-17 07:57:48	15	0	1	0
      690	2024-01-17 07:57:56	15	0	1	0
      690	2024-01-17 07:57:58	15	0	1	0
     1232	2024-01-17 07:58:09	15	0	1	0
     1636	2024-01-17 07:59:43	15	0	1	0
     1157	2024-01-17 07:59:47	15	0	1	0
     1157	2024-01-17 07:59:48	15	0	1	0
     1636	2024-01-17 07:59:52	15	0	1	0
     1003	2024-01-17 08:01:51	15	0	1	0
     1003	2024-01-17 08:01:53	15	0	1	0
      458	2024-01-17 08:02:28	15	0	1	0
      458	2024-01-17 08:02:30	15	0	1	0
     2903	2024-01-17 08:02:40	15	0	1	0
     2903	2024-01-17 08:02:41	15	0	1	0
      998	2024-01-17 08:04:37	15	0	1	0
      998	2024-01-17 08:04:39	15	0	1	0
     2528	2024-01-17 08:09:34	15	0	1	0
     2528	2024-01-17 08:09:36	15	0	1	0
     1576	2024-01-17 09:27:46	15	1	1	0
