     1440	2023-12-31 05:33:59	16	0	1	0
     1440	2023-12-31 05:34:01	16	0	1	0
     1440	2023-12-31 05:34:03	16	0	1	0
     2187	2023-12-31 05:53:20	16	0	1	0
     2187	2023-12-31 05:53:24	16	0	1	0
     2187	2023-12-31 05:53:27	16	0	1	0
     1552	2023-12-31 06:00:03	16	1	1	0
     1552	2023-12-31 06:00:04	16	1	1	0
     1552	2023-12-31 06:00:08	16	1	1	0
     1437	2023-12-31 06:04:47	16	1	1	0
     1437	2023-12-31 06:04:49	16	1	1	0
     1437	2023-12-31 06:04:51	16	1	1	0
     2418	2023-12-31 06:19:40	16	0	1	0
     2114	2023-12-31 06:52:19	16	4	1	0
     2871	2023-12-31 07:14:02	16	0	1	0
     2871	2023-12-31 07:14:03	16	0	1	0
      975	2023-12-31 07:16:57	16	4	1	0
      425	2023-12-31 07:33:58	16	4	1	0
      425	2023-12-31 07:33:59	16	4	1	0
      967	2023-12-31 07:36:19	16	4	1	0
     2114	2023-12-31 12:07:14	16	5	1	0
      975	2023-12-31 12:32:41	16	5	1	0
     2871	2023-12-31 12:33:05	16	5	1	0
      975	2023-12-31 12:36:55	16	4	1	0
     2871	2023-12-31 12:37:03	16	4	1	0
     2114	2023-12-31 12:42:28	16	4	1	0
      967	2023-12-31 12:42:50	16	5	1	0
      967	2023-12-31 12:43:52	16	4	1	0
     2418	2023-12-31 12:54:20	16	5	1	0
     2418	2023-12-31 12:57:20	16	4	1	0
     2418	2023-12-31 12:57:22	16	4	1	0
      425	2023-12-31 13:00:57	16	5	1	0
      425	2023-12-31 13:00:58	16	5	1	0
      425	2023-12-31 13:01:06	16	4	1	0
      425	2023-12-31 13:01:08	16	4	1	0
     1359	2023-12-31 13:41:18	16	0	1	0
     1359	2023-12-31 13:41:20	16	0	1	0
     1359	2023-12-31 13:41:22	16	0	1	0
     2187	2023-12-31 14:01:02	16	0	1	0
     2187	2023-12-31 14:01:05	16	0	1	0
     2187	2023-12-31 14:01:09	16	0	1	0
     1440	2023-12-31 14:02:02	16	1	1	0
     1440	2023-12-31 14:02:04	16	1	1	0
     1440	2023-12-31 14:02:06	16	1	1	0
     2418	2023-12-31 17:02:02	16	5	1	0
      425	2023-12-31 17:02:10	16	5	1	0
      425	2023-12-31 17:02:12	16	5	1	0
      975	2023-12-31 17:02:19	16	5	1	0
     2871	2023-12-31 17:02:25	16	5	1	0
      967	2023-12-31 17:02:27	16	5	1	0
      967	2023-12-31 17:02:29	16	5	1	0
     2114	2023-12-31 17:10:05	16	5	1	0
     1552	2023-12-31 21:35:12	16	0	1	0
     1552	2023-12-31 21:35:15	16	0	1	0
     1552	2023-12-31 21:35:18	16	0	1	0
     1359	2023-12-31 22:00:04	16	1	1	0
     1359	2023-12-31 22:00:06	16	1	1	0
     1359	2023-12-31 22:00:08	16	1	1	0
     1440	2024-01-01 05:37:11	16	0	1	0
     1440	2024-01-01 05:37:13	16	0	1	0
     1440	2024-01-01 05:37:16	16	0	1	0
     2187	2024-01-01 05:50:50	16	0	1	0
     2187	2024-01-01 05:50:54	16	0	1	0
     2187	2024-01-01 05:50:57	16	0	1	0
     1552	2024-01-01 06:04:00	16	1	1	0
     1552	2024-01-01 06:04:03	16	1	1	0
     1552	2024-01-01 06:04:07	16	1	1	0
     2114	2024-01-01 06:43:20	16	0	1	0
     2114	2024-01-01 07:10:40	16	4	1	0
     2114	2024-01-01 12:08:25	16	5	1	0
     2114	2024-01-01 12:36:58	16	4	1	0
     1359	2024-01-01 13:35:35	16	0	1	0
     1359	2024-01-01 13:35:38	16	0	1	0
     1359	2024-01-01 13:35:40	16	0	1	0
     1440	2024-01-01 14:01:23	16	1	1	0
     1440	2024-01-01 14:01:25	16	1	1	0
     1440	2024-01-01 14:01:27	16	1	1	0
     2114	2024-01-01 17:00:12	16	5	1	0
     1437	2024-01-01 18:02:45	16	0	1	0
     1437	2024-01-01 18:02:47	16	0	1	0
     1437	2024-01-01 18:02:48	16	0	1	0
     1552	2024-01-01 21:29:01	16	0	1	0
     1552	2024-01-01 21:29:03	16	0	1	0
     1552	2024-01-01 21:29:06	16	0	1	0
     1359	2024-01-01 22:02:46	16	1	1	0
     1359	2024-01-01 22:02:48	16	1	1	0
     1359	2024-01-01 22:02:49	16	1	1	0
     1440	2024-01-02 05:46:51	16	0	1	0
     1440	2024-01-02 05:47:24	16	0	1	0
     1440	2024-01-02 05:47:26	16	0	1	0
     1440	2024-01-02 05:47:31	16	0	1	0
     2187	2024-01-02 05:51:41	16	0	1	0
     2187	2024-01-02 05:51:48	16	0	1	0
     2187	2024-01-02 05:51:52	16	0	1	0
     1552	2024-01-02 06:04:44	16	1	1	0
     1552	2024-01-02 06:04:46	16	1	1	0
     1552	2024-01-02 06:04:48	16	1	1	0
     1437	2024-01-02 06:13:38	16	1	1	0
     1437	2024-01-02 06:13:40	16	1	1	0
     1437	2024-01-02 06:13:41	16	1	1	0
      592	2024-01-02 06:40:07	16	0	1	0
      669	2024-01-02 06:51:49	16	0	1	0
     1979	2024-01-02 07:11:27	16	0	1	0
     1979	2024-01-02 07:11:30	16	0	1	0
     2871	2024-01-02 07:14:26	16	0	1	0
      967	2024-01-02 07:17:20	16	0	1	0
      967	2024-01-02 07:17:22	16	0	1	0
     2452	2024-01-02 07:17:36	16	0	1	0
     2452	2024-01-02 07:17:38	16	0	1	0
     2685	2024-01-02 07:51:36	16	0	1	0
     2685	2024-01-02 07:51:37	16	0	1	0
     1876	2024-01-02 07:52:36	16	0	1	0
     1876	2024-01-02 07:52:40	16	0	1	0
      387	2024-01-02 07:52:48	16	0	1	0
     2418	2024-01-02 08:01:23	16	0	1	0
      249	2024-01-02 08:01:48	16	0	1	0
     2114	2024-01-02 08:08:19	16	0	1	0
     1571	2024-01-02 08:12:00	16	0	1	0
      770	2024-01-02 08:12:28	16	0	1	0
      857	2024-01-02 08:16:50	16	0	1	0
      857	2024-01-02 08:16:52	16	0	1	0
      387	2024-01-02 12:08:09	16	1	1	0
      857	2024-01-02 12:16:37	16	1	1	0
      857	2024-01-02 12:16:39	16	1	1	0
     2114	2024-01-02 12:17:15	16	1	1	0
     2871	2024-01-02 12:19:33	16	1	1	0
      249	2024-01-02 12:19:52	16	1	1	0
     1571	2024-01-02 12:19:57	16	1	1	0
     2418	2024-01-02 12:20:02	16	1	1	0
     1876	2024-01-02 12:20:11	16	1	1	0
     1876	2024-01-02 12:20:13	16	1	1	0
     2452	2024-01-02 12:21:22	16	1	1	0
     2452	2024-01-02 12:21:23	16	1	1	0
     2685	2024-01-02 12:22:21	16	1	1	0
     2685	2024-01-02 12:22:22	16	1	1	0
     1876	2024-01-02 12:31:13	16	0	1	0
     1876	2024-01-02 12:31:14	16	0	1	0
      669	2024-01-02 12:31:22	16	1	1	0
      967	2024-01-02 12:31:39	16	1	1	0
     2685	2024-01-02 12:31:45	16	0	1	0
      249	2024-01-02 12:31:46	16	0	1	0
     2418	2024-01-02 12:31:52	16	0	1	0
     1571	2024-01-02 12:31:59	16	0	1	0
     2871	2024-01-02 12:32:10	16	0	1	0
     2114	2024-01-02 12:33:03	16	0	1	0
      669	2024-01-02 12:33:24	16	0	1	0
      967	2024-01-02 12:33:36	16	0	1	0
      387	2024-01-02 12:34:30	16	0	1	0
     2452	2024-01-02 12:37:09	16	0	1	0
     2452	2024-01-02 12:37:10	16	0	1	0
      592	2024-01-02 12:37:30	16	1	1	0
      592	2024-01-02 12:38:16	16	0	1	0
      770	2024-01-02 12:52:21	16	1	1	0
      770	2024-01-02 12:53:05	16	0	1	0
      770	2024-01-02 12:53:06	16	0	1	0
      857	2024-01-02 13:01:43	16	0	1	0
      857	2024-01-02 13:01:45	16	0	1	0
     1606	2024-01-02 13:15:57	16	0	1	0
     1606	2024-01-02 13:16:06	16	0	1	0
     2187	2024-01-02 14:02:24	16	1	1	0
     2187	2024-01-02 14:02:28	16	1	1	0
     2187	2024-01-02 14:02:32	16	1	1	0
     1440	2024-01-02 14:02:50	16	1	1	0
     1440	2024-01-02 14:02:52	16	1	1	0
     1440	2024-01-02 14:02:54	16	1	1	0
     2685	2024-01-02 17:00:17	16	1	1	0
     2685	2024-01-02 17:00:18	16	1	1	0
      387	2024-01-02 17:00:34	16	1	1	0
     1876	2024-01-02 17:00:47	16	1	1	0
     1876	2024-01-02 17:00:52	16	1	1	0
      967	2024-01-02 17:01:06	16	1	1	0
      967	2024-01-02 17:01:10	16	1	1	0
      592	2024-01-02 17:01:30	16	1	1	0
      770	2024-01-02 17:02:32	16	1	1	0
     2871	2024-01-02 17:02:41	16	1	1	0
     2418	2024-01-02 17:02:47	16	1	1	0
      857	2024-01-02 17:02:51	16	1	1	0
      857	2024-01-02 17:02:53	16	1	1	0
     2418	2024-01-02 17:02:56	16	1	1	0
     1571	2024-01-02 17:03:06	16	1	1	0
     2114	2024-01-02 17:03:24	16	1	1	0
      249	2024-01-02 17:03:57	16	1	1	0
      669	2024-01-02 17:04:04	16	1	1	0
     2452	2024-01-02 17:31:39	16	1	1	0
     2452	2024-01-02 17:31:41	16	1	1	0
     1437	2024-01-02 18:25:59	16	0	1	0
     1437	2024-01-02 18:26:01	16	0	1	0
     1437	2024-01-02 18:26:03	16	0	1	0
     1359	2024-01-02 20:56:43	16	0	1	0
     1359	2024-01-02 20:56:45	16	0	1	0
     1359	2024-01-02 20:56:47	16	0	1	0
     1606	2024-01-02 22:03:28	16	1	1	0
     1606	2024-01-02 22:03:32	16	1	1	0
     1606	2024-01-02 22:03:37	16	1	1	0
     1440	2024-01-03 05:34:09	16	0	1	0
     1440	2024-01-03 05:34:11	16	0	1	0
     1440	2024-01-03 05:34:13	16	0	1	0
     2187	2024-01-03 05:54:22	16	0	1	0
     2187	2024-01-03 05:54:26	16	0	1	0
     2187	2024-01-03 05:54:29	16	0	1	0
     2418	2024-01-03 06:04:38	16	0	1	0
     1359	2024-01-03 06:32:08	16	1	1	0
     1359	2024-01-03 06:32:09	16	1	1	0
     1359	2024-01-03 06:32:13	16	1	1	0
     1437	2024-01-03 06:32:54	16	1	1	0
     1437	2024-01-03 06:32:55	16	1	1	0
     1437	2024-01-03 06:32:56	16	1	1	0
      592	2024-01-03 06:40:17	16	0	1	0
     2114	2024-01-03 06:52:06	16	0	1	0
      770	2024-01-03 07:03:10	16	0	1	0
      770	2024-01-03 07:04:41	16	0	1	0
     2871	2024-01-03 07:14:09	16	0	1	0
      967	2024-01-03 07:15:01	16	0	1	0
      967	2024-01-03 07:15:02	16	0	1	0
     1579	2024-01-03 07:26:31	16	0	1	0
     1579	2024-01-03 07:26:37	16	0	1	0
      857	2024-01-03 07:26:45	16	0	1	0
      857	2024-01-03 07:26:47	16	0	1	0
      387	2024-01-03 07:42:02	16	0	1	0
     1571	2024-01-03 07:43:47	16	0	1	0
     2452	2024-01-03 07:49:46	16	0	1	0
     2452	2024-01-03 07:49:48	16	0	1	0
     1876	2024-01-03 07:51:13	16	0	1	0
     1876	2024-01-03 07:51:17	16	0	1	0
      669	2024-01-03 07:54:17	16	0	1	0
      249	2024-01-03 07:55:10	16	0	1	0
     1579	2024-01-03 12:08:33	16	1	1	0
      387	2024-01-03 12:09:03	16	1	1	0
     1579	2024-01-03 12:09:14	16	1	1	0
     2114	2024-01-03 12:18:41	16	1	1	0
     2452	2024-01-03 12:28:35	16	1	1	0
     2452	2024-01-03 12:28:37	16	1	1	0
      669	2024-01-03 12:30:06	16	1	1	0
     2452	2024-01-03 12:32:03	16	0	1	0
     2452	2024-01-03 12:32:04	16	0	1	0
      669	2024-01-03 12:32:43	16	0	1	0
      592	2024-01-03 12:33:13	16	1	1	0
      967	2024-01-03 12:33:28	16	1	1	0
      857	2024-01-03 12:33:32	16	1	1	0
      857	2024-01-03 12:33:34	16	1	1	0
     2418	2024-01-03 12:33:40	16	1	1	0
      249	2024-01-03 12:33:47	16	1	1	0
     1876	2024-01-03 12:33:56	16	1	1	0
     1876	2024-01-03 12:33:59	16	1	1	0
     2871	2024-01-03 12:34:06	16	1	1	0
      592	2024-01-03 12:34:20	16	0	1	0
     1571	2024-01-03 12:34:34	16	1	1	0
      857	2024-01-03 12:35:28	16	0	1	0
      857	2024-01-03 12:35:29	16	0	1	0
      249	2024-01-03 12:35:37	16	0	1	0
     2418	2024-01-03 12:35:47	16	0	1	0
     1876	2024-01-03 12:36:02	16	0	1	0
     1876	2024-01-03 12:36:04	16	0	1	0
     1579	2024-01-03 12:36:56	16	0	1	0
     1579	2024-01-03 12:37:02	16	0	1	0
     2871	2024-01-03 12:37:38	16	0	1	0
      967	2024-01-03 12:38:11	16	0	1	0
     2418	2024-01-03 12:38:19	16	0	1	0
     1571	2024-01-03 12:38:25	16	0	1	0
     2685	2024-01-03 12:50:14	16	0	1	0
     2685	2024-01-03 12:50:15	16	0	1	0
      387	2024-01-03 12:57:28	16	0	1	0
     2114	2024-01-03 12:58:35	16	0	1	0
      770	2024-01-03 13:00:21	16	1	1	0
      770	2024-01-03 13:00:28	16	0	1	0
     1606	2024-01-03 13:27:53	16	0	1	0
     1606	2024-01-03 13:27:57	16	0	1	0
     1440	2024-01-03 14:02:00	16	1	1	0
     1440	2024-01-03 14:02:01	16	1	1	0
     1440	2024-01-03 14:02:03	16	1	1	0
     1440	2024-01-03 14:02:05	16	1	1	0
     2187	2024-01-03 14:03:00	16	1	1	0
     2187	2024-01-03 14:03:07	16	1	1	0
     2187	2024-01-03 14:03:10	16	1	1	0
      857	2024-01-03 17:00:03	16	1	1	0
      857	2024-01-03 17:00:05	16	1	1	0
     2685	2024-01-03 17:00:08	16	1	1	0
     2685	2024-01-03 17:00:09	16	1	1	0
      387	2024-01-03 17:00:17	16	1	1	0
      592	2024-01-03 17:00:22	16	1	1	0
      770	2024-01-03 17:00:25	16	1	1	0
     2418	2024-01-03 17:00:30	16	1	1	0
     2871	2024-01-03 17:00:37	16	1	1	0
     1579	2024-01-03 17:00:57	16	1	1	0
     1579	2024-01-03 17:00:58	16	1	1	0
      967	2024-01-03 17:01:06	16	1	1	0
      967	2024-01-03 17:01:08	16	1	1	0
     2452	2024-01-03 17:01:17	16	1	1	0
     2452	2024-01-03 17:01:19	16	1	1	0
      669	2024-01-03 17:03:29	16	1	1	0
     1876	2024-01-03 17:04:25	16	1	1	0
     1876	2024-01-03 17:04:30	16	1	1	0
      249	2024-01-03 17:07:52	16	1	1	0
     2114	2024-01-03 17:13:17	16	1	1	0
     1571	2024-01-03 17:13:42	16	1	1	0
     2114	2024-01-03 17:16:03	16	1	1	0
     1979	2024-01-03 17:21:20	16	1	1	0
     1979	2024-01-03 17:21:21	16	1	1	0
     1537	2024-01-03 18:02:45	16	0	1	0
     1537	2024-01-03 18:02:49	16	0	1	0
     1359	2024-01-03 20:40:06	16	0	1	0
     1359	2024-01-03 20:40:08	16	0	1	0
     1359	2024-01-03 20:40:09	16	0	1	0
     1552	2024-01-03 21:32:43	16	0	1	0
     1552	2024-01-03 21:32:45	16	0	1	0
     1552	2024-01-03 21:32:47	16	0	1	0
     1606	2024-01-03 22:09:36	16	1	1	0
     1606	2024-01-03 22:09:38	16	1	1	0
     1606	2024-01-03 22:09:41	16	1	1	0
     1440	2024-01-04 05:32:48	16	0	1	0
     1440	2024-01-04 05:32:49	16	0	1	0
     1440	2024-01-04 05:32:51	16	0	1	0
     2187	2024-01-04 05:45:52	16	0	1	0
     2187	2024-01-04 05:45:56	16	0	1	0
     2187	2024-01-04 05:46:02	16	0	1	0
     1552	2024-01-04 06:01:41	16	1	1	0
     1552	2024-01-04 06:01:43	16	1	1	0
     1552	2024-01-04 06:01:46	16	1	1	0
     1359	2024-01-04 06:12:07	16	1	1	0
     1359	2024-01-04 06:12:09	16	1	1	0
     1359	2024-01-04 06:12:11	16	1	1	0
      592	2024-01-04 06:30:37	16	0	1	0
     2114	2024-01-04 06:39:50	16	0	1	0
     1979	2024-01-04 06:43:37	16	0	1	0
     1979	2024-01-04 06:43:38	16	0	1	0
      975	2024-01-04 07:01:28	16	0	1	0
     2871	2024-01-04 07:08:41	16	0	1	0
      967	2024-01-04 07:09:08	16	0	1	0
      967	2024-01-04 07:09:09	16	0	1	0
     1579	2024-01-04 07:30:09	16	0	1	0
     1579	2024-01-04 07:31:46	16	0	1	0
      770	2024-01-04 07:38:06	16	0	1	0
      387	2024-01-04 07:41:35	16	0	1	0
      857	2024-01-04 07:41:51	16	0	1	0
      857	2024-01-04 07:41:53	16	0	1	0
     2452	2024-01-04 07:42:02	16	0	1	0
     2452	2024-01-04 07:42:03	16	0	1	0
     2418	2024-01-04 07:48:00	16	0	1	0
     2685	2024-01-04 07:50:39	16	0	1	0
     2685	2024-01-04 07:50:41	16	0	1	0
      669	2024-01-04 07:52:45	16	0	1	0
     1876	2024-01-04 07:53:31	16	0	1	0
     1876	2024-01-04 07:53:36	16	0	1	0
     1571	2024-01-04 07:57:10	16	0	1	0
      249	2024-01-04 08:00:16	16	0	1	0
      425	2024-01-04 08:12:17	16	0	1	0
      425	2024-01-04 08:12:19	16	0	1	0
     2452	2024-01-04 12:08:10	16	1	1	0
     2452	2024-01-04 12:08:11	16	1	1	0
     2114	2024-01-04 12:08:21	16	1	1	0
     2685	2024-01-04 12:08:40	16	1	1	0
     2685	2024-01-04 12:08:42	16	1	1	0
      387	2024-01-04 12:08:51	16	1	1	0
      592	2024-01-04 12:12:17	16	1	1	0
     1579	2024-01-04 12:19:37	16	1	1	0
     1579	2024-01-04 12:20:34	16	1	1	0
      669	2024-01-04 12:24:54	16	1	1	0
      770	2024-01-04 12:25:16	16	1	1	0
     2418	2024-01-04 12:26:07	16	1	1	0
      425	2024-01-04 12:26:27	16	1	1	0
      425	2024-01-04 12:26:28	16	1	1	0
      857	2024-01-04 12:26:34	16	1	1	0
      857	2024-01-04 12:26:35	16	1	1	0
     1876	2024-01-04 12:26:44	16	1	1	0
     1876	2024-01-04 12:26:46	16	1	1	0
     1571	2024-01-04 12:26:56	16	1	1	0
     2871	2024-01-04 12:27:05	16	1	1	0
      249	2024-01-04 12:27:37	16	1	1	0
      975	2024-01-04 12:27:47	16	1	1	0
     2452	2024-01-04 12:31:01	16	0	1	0
     2452	2024-01-04 12:31:03	16	0	1	0
     1876	2024-01-04 12:31:10	16	0	1	0
     1876	2024-01-04 12:31:12	16	0	1	0
      249	2024-01-04 12:31:21	16	0	1	0
     2685	2024-01-04 12:31:28	16	0	1	0
     2685	2024-01-04 12:31:29	16	0	1	0
     2418	2024-01-04 12:31:31	16	0	1	0
     2418	2024-01-04 12:31:33	16	0	1	0
     1571	2024-01-04 12:31:39	16	0	1	0
      425	2024-01-04 12:31:45	16	0	1	0
      425	2024-01-04 12:31:47	16	0	1	0
      975	2024-01-04 12:31:56	16	0	1	0
      857	2024-01-04 12:31:59	16	0	1	0
      857	2024-01-04 12:32:01	16	0	1	0
      592	2024-01-04 12:32:07	16	0	1	0
     2871	2024-01-04 12:32:15	16	0	1	0
     1579	2024-01-04 12:32:22	16	0	1	0
      669	2024-01-04 12:32:46	16	0	1	0
     2114	2024-01-04 12:32:54	16	0	1	0
     1579	2024-01-04 12:33:04	16	0	1	0
      770	2024-01-04 12:34:02	16	0	1	0
      387	2024-01-04 12:40:00	16	0	1	0
      967	2024-01-04 12:50:15	16	0	1	0
      967	2024-01-04 12:50:22	16	1	1	0
      967	2024-01-04 12:50:48	16	0	1	0
     1606	2024-01-04 13:20:27	16	0	1	0
     1606	2024-01-04 13:20:32	16	0	1	0
     1440	2024-01-04 14:01:46	16	1	1	0
     1440	2024-01-04 14:01:48	16	1	1	0
     1440	2024-01-04 14:01:50	16	1	1	0
     2187	2024-01-04 14:02:20	16	1	1	0
     2187	2024-01-04 14:02:24	16	1	1	0
     2187	2024-01-04 14:02:28	16	1	1	0
     1571	2024-01-04 17:00:18	16	1	1	0
      592	2024-01-04 17:00:25	16	1	1	0
      857	2024-01-04 17:00:32	16	1	1	0
      857	2024-01-04 17:00:33	16	1	1	0
     2685	2024-01-04 17:00:39	16	1	1	0
     2685	2024-01-04 17:00:40	16	1	1	0
      425	2024-01-04 17:00:47	16	1	1	0
      425	2024-01-04 17:00:48	16	1	1	0
      770	2024-01-04 17:00:50	16	1	1	0
      770	2024-01-04 17:00:51	16	1	1	0
     2418	2024-01-04 17:00:56	16	1	1	0
     2871	2024-01-04 17:01:04	16	1	1	0
      249	2024-01-04 17:01:08	16	1	1	0
      387	2024-01-04 17:01:19	16	1	1	0
     1876	2024-01-04 17:01:25	16	1	1	0
     1876	2024-01-04 17:01:30	16	1	1	0
      425	2024-01-04 17:01:35	16	1	1	0
      425	2024-01-04 17:01:36	16	1	1	0
     1579	2024-01-04 17:01:47	16	1	1	0
     1579	2024-01-04 17:01:51	16	1	1	0
     2452	2024-01-04 17:02:02	16	1	1	0
     2452	2024-01-04 17:02:03	16	1	1	0
     1579	2024-01-04 17:02:15	16	1	1	0
      669	2024-01-04 17:06:54	16	1	1	0
     2114	2024-01-04 17:08:51	16	1	1	0
     1979	2024-01-04 17:12:17	16	1	1	0
     1979	2024-01-04 17:12:19	16	1	1	0
      975	2024-01-04 17:15:46	16	1	1	0
     1537	2024-01-04 17:22:19	16	0	1	0
     1537	2024-01-04 17:22:22	16	0	1	0
      967	2024-01-04 17:34:09	16	1	1	0
      967	2024-01-04 17:34:10	16	1	1	0
     1437	2024-01-04 19:32:29	16	0	1	0
     1437	2024-01-04 19:32:31	16	0	1	0
     1437	2024-01-04 19:32:32	16	0	1	0
     1552	2024-01-04 21:36:29	16	0	1	0
     1552	2024-01-04 21:36:31	16	0	1	0
     1552	2024-01-04 21:36:34	16	0	1	0
     1606	2024-01-04 22:01:02	16	1	1	0
     1606	2024-01-04 22:01:06	16	1	1	0
     1606	2024-01-04 22:01:10	16	1	1	0
     2187	2024-01-05 05:46:48	16	0	1	0
     2187	2024-01-05 05:46:53	16	0	1	0
     2187	2024-01-05 05:46:56	16	0	1	0
     1359	2024-01-05 05:56:00	16	0	1	0
     1359	2024-01-05 05:56:02	16	0	1	0
     1359	2024-01-05 05:56:04	16	0	1	0
     1552	2024-01-05 06:03:37	16	1	1	0
     1552	2024-01-05 06:03:39	16	1	1	0
     1552	2024-01-05 06:03:41	16	1	1	0
     2418	2024-01-05 06:16:54	16	0	1	0
     1437	2024-01-05 06:17:03	16	1	1	0
     1437	2024-01-05 06:17:07	16	1	1	0
     1437	2024-01-05 06:17:11	16	1	1	0
      592	2024-01-05 06:40:06	16	0	1	0
      669	2024-01-05 06:46:11	16	0	1	0
     1979	2024-01-05 07:01:33	16	0	1	0
     1979	2024-01-05 07:01:35	16	0	1	0
      975	2024-01-05 07:02:20	16	0	1	0
     2114	2024-01-05 07:04:21	16	0	1	0
     2871	2024-01-05 07:12:52	16	0	1	0
     1579	2024-01-05 07:16:27	16	0	1	0
     1579	2024-01-05 07:19:12	16	0	1	0
      387	2024-01-05 07:43:32	16	0	1	0
     2452	2024-01-05 07:47:50	16	0	1	0
     2452	2024-01-05 07:47:52	16	0	1	0
      857	2024-01-05 07:50:11	16	0	1	0
      857	2024-01-05 07:50:17	16	0	1	0
      425	2024-01-05 07:51:56	16	0	1	0
      425	2024-01-05 07:51:59	16	0	1	0
      770	2024-01-05 07:53:07	16	0	1	0
     2685	2024-01-05 07:57:33	16	0	1	0
     2685	2024-01-05 07:57:34	16	0	1	0
     1876	2024-01-05 07:58:21	16	0	1	0
     1876	2024-01-05 07:58:24	16	0	1	0
      249	2024-01-05 07:58:37	16	0	1	0
     1571	2024-01-05 08:06:23	16	0	1	0
     2452	2024-01-05 12:01:14	16	1	1	0
     2452	2024-01-05 12:01:16	16	1	1	0
     2114	2024-01-05 12:06:49	16	1	1	0
      592	2024-01-05 12:07:21	16	1	1	0
      387	2024-01-05 12:19:18	16	1	1	0
     1579	2024-01-05 12:22:33	16	1	1	0
     1579	2024-01-05 12:22:41	16	1	1	0
     2685	2024-01-05 12:26:32	16	1	1	0
      425	2024-01-05 12:27:05	16	1	1	0
      425	2024-01-05 12:27:07	16	1	1	0
     2418	2024-01-05 12:27:15	16	1	1	0
      249	2024-01-05 12:27:16	16	1	1	0
     1571	2024-01-05 12:27:25	16	1	1	0
     2871	2024-01-05 12:27:33	16	1	1	0
      857	2024-01-05 12:27:55	16	1	1	0
      857	2024-01-05 12:27:57	16	1	1	0
     1876	2024-01-05 12:28:25	16	1	1	0
     1876	2024-01-05 12:28:28	16	1	1	0
      425	2024-01-05 12:31:03	16	0	1	0
      425	2024-01-05 12:31:05	16	0	1	0
      592	2024-01-05 12:31:15	16	0	1	0
      669	2024-01-05 12:31:23	16	1	1	0
     2685	2024-01-05 12:31:33	16	0	1	0
     2685	2024-01-05 12:31:34	16	0	1	0
     2452	2024-01-05 12:32:06	16	0	1	0
     2452	2024-01-05 12:32:08	16	0	1	0
      857	2024-01-05 12:32:32	16	0	1	0
      857	2024-01-05 12:32:33	16	0	1	0
     2418	2024-01-05 12:32:41	16	0	1	0
     2418	2024-01-05 12:32:42	16	0	1	0
     2114	2024-01-05 12:32:54	16	0	1	0
     2871	2024-01-05 12:33:05	16	0	1	0
      249	2024-01-05 12:33:41	16	0	1	0
     1876	2024-01-05 12:33:51	16	0	1	0
     1876	2024-01-05 12:33:55	16	0	1	0
     1571	2024-01-05 12:34:05	16	0	1	0
      770	2024-01-05 12:34:12	16	1	1	0
     1579	2024-01-05 12:34:38	16	0	1	0
     1579	2024-01-05 12:34:44	16	0	1	0
      387	2024-01-05 12:35:13	16	0	1	0
      975	2024-01-05 12:36:02	16	1	1	0
      770	2024-01-05 12:40:30	16	0	1	0
      975	2024-01-05 12:40:43	16	0	1	0
     1606	2024-01-05 13:27:04	16	0	1	0
     1606	2024-01-05 13:27:08	16	0	1	0
     1437	2024-01-05 13:29:42	16	0	1	0
     1437	2024-01-05 13:29:44	16	0	1	0
     1437	2024-01-05 13:29:46	16	0	1	0
     2187	2024-01-05 14:03:22	16	1	1	0
     2187	2024-01-05 14:03:27	16	1	1	0
     2187	2024-01-05 14:03:31	16	1	1	0
     1359	2024-01-05 14:03:53	16	1	1	0
     1359	2024-01-05 14:03:55	16	1	1	0
     1359	2024-01-05 14:03:57	16	1	1	0
      592	2024-01-05 17:00:03	16	1	1	0
     2685	2024-01-05 17:00:11	16	1	1	0
     1579	2024-01-05 17:00:19	16	1	1	0
     1579	2024-01-05 17:00:23	16	1	1	0
      770	2024-01-05 17:00:32	16	1	1	0
      770	2024-01-05 17:00:35	16	1	1	0
      387	2024-01-05 17:00:48	16	1	1	0
     1876	2024-01-05 17:00:55	16	1	1	0
     1876	2024-01-05 17:01:00	16	1	1	0
     2452	2024-01-05 17:01:05	16	1	1	0
     2452	2024-01-05 17:01:07	16	1	1	0
     2871	2024-01-05 17:01:14	16	1	1	0
      857	2024-01-05 17:01:18	16	1	1	0
      857	2024-01-05 17:01:20	16	1	1	0
     1571	2024-01-05 17:01:32	16	1	1	0
      425	2024-01-05 17:01:38	16	1	1	0
      425	2024-01-05 17:01:39	16	1	1	0
     2418	2024-01-05 17:01:56	16	1	1	0
      669	2024-01-05 17:02:10	16	1	1	0
      249	2024-01-05 17:02:46	16	1	1	0
     2114	2024-01-05 17:09:42	16	1	1	0
     1979	2024-01-05 17:26:06	16	1	1	0
     1979	2024-01-05 17:26:08	16	1	1	0
      975	2024-01-05 17:39:48	16	1	1	0
     1537	2024-01-05 18:20:52	16	0	1	0
     1537	2024-01-05 18:20:56	16	0	1	0
     1552	2024-01-05 21:28:55	16	0	1	0
     1552	2024-01-05 21:28:57	16	0	1	0
     1552	2024-01-05 21:29:00	16	0	1	0
     1437	2024-01-05 22:04:06	16	1	1	0
     1437	2024-01-05 22:04:07	16	1	1	0
     1437	2024-01-05 22:04:09	16	1	1	0
     1606	2024-01-05 22:04:19	16	1	1	0
     1606	2024-01-05 22:04:24	16	1	1	0
     1606	2024-01-05 22:04:27	16	1	1	0
     1359	2024-01-06 05:48:15	16	1	1	0
     1359	2024-01-06 05:48:24	16	0	1	0
     1359	2024-01-06 05:48:26	16	0	1	0
     1359	2024-01-06 05:48:28	16	0	1	0
     2187	2024-01-06 05:50:05	16	0	1	0
     2187	2024-01-06 05:50:08	16	0	1	0
     2187	2024-01-06 05:50:14	16	0	1	0
     1440	2024-01-06 05:51:42	16	0	1	0
     1440	2024-01-06 05:51:44	16	0	1	0
     1440	2024-01-06 05:51:47	16	0	1	0
     1552	2024-01-06 06:14:08	16	1	1	0
     1552	2024-01-06 06:14:10	16	1	1	0
     1552	2024-01-06 06:14:11	16	1	1	0
     1537	2024-01-06 06:14:38	16	1	1	0
     1537	2024-01-06 06:14:40	16	1	1	0
      975	2024-01-06 07:37:15	16	0	1	0
      975	2024-01-06 12:32:08	16	1	1	0
      975	2024-01-06 12:35:52	16	0	1	0
     1437	2024-01-06 13:06:39	16	0	1	0
     1437	2024-01-06 13:06:41	16	0	1	0
     1437	2024-01-06 13:06:42	16	0	1	0
     1606	2024-01-06 13:28:00	16	0	1	0
     1606	2024-01-06 13:28:04	16	0	1	0
     1606	2024-01-06 13:28:09	16	0	1	0
     1440	2024-01-06 14:01:18	16	1	1	0
     1440	2024-01-06 14:01:20	16	1	1	0
     1440	2024-01-06 14:01:22	16	1	1	0
     2187	2024-01-06 14:08:30	16	1	1	0
     2187	2024-01-06 14:08:33	16	1	1	0
     2187	2024-01-06 14:08:37	16	1	1	0
     1359	2024-01-06 14:09:57	16	1	1	0
     1359	2024-01-06 14:09:59	16	1	1	0
     1359	2024-01-06 14:10:00	16	1	1	0
      975	2024-01-06 18:02:56	16	1	1	0
     1537	2024-01-06 18:12:31	16	0	1	0
     1537	2024-01-06 18:12:33	16	0	1	0
     1552	2024-01-06 21:32:49	16	0	1	0
     1552	2024-01-06 21:32:52	16	0	1	0
     1552	2024-01-06 21:32:54	16	0	1	0
     1606	2024-01-06 22:02:44	16	1	1	0
     1606	2024-01-06 22:02:49	16	1	1	0
     1606	2024-01-06 22:02:53	16	1	1	0
     1437	2024-01-06 22:06:51	16	1	1	0
     1437	2024-01-06 22:06:54	16	1	1	0
     1437	2024-01-06 22:06:58	16	1	1	0
     1440	2024-01-07 05:37:44	16	0	1	0
     1440	2024-01-07 05:37:46	16	0	1	0
     1440	2024-01-07 05:37:48	16	0	1	0
     2187	2024-01-07 05:45:18	16	0	1	0
     2187	2024-01-07 05:45:22	16	0	1	0
     2187	2024-01-07 05:45:25	16	0	1	0
     1537	2024-01-07 06:01:21	16	1	1	0
     1537	2024-01-07 06:01:24	16	1	1	0
     1552	2024-01-07 06:03:47	16	1	1	0
     1552	2024-01-07 06:03:50	16	1	1	0
     1552	2024-01-07 06:03:53	16	1	1	0
      975	2024-01-07 07:05:16	16	0	1	0
     2114	2024-01-07 07:06:58	16	0	1	0
     1606	2024-01-07 12:07:29	16	0	1	0
     1606	2024-01-07 12:07:34	16	0	1	0
     1606	2024-01-07 12:07:37	16	0	1	0
     2114	2024-01-07 12:12:34	16	1	1	0
     2114	2024-01-07 12:31:03	16	0	1	0
      975	2024-01-07 12:32:28	16	1	1	0
      975	2024-01-07 12:34:02	16	0	1	0
     1359	2024-01-07 13:02:56	16	0	1	0
     1359	2024-01-07 13:02:58	16	0	1	0
     1359	2024-01-07 13:02:59	16	0	1	0
     1440	2024-01-07 14:01:08	16	1	1	0
     1440	2024-01-07 14:01:10	16	1	1	0
     1440	2024-01-07 14:01:12	16	1	1	0
     2187	2024-01-07 14:04:10	16	1	1	0
     2187	2024-01-07 14:04:13	16	1	1	0
     2187	2024-01-07 14:04:17	16	1	1	0
     2114	2024-01-07 17:07:51	16	1	1	0
      975	2024-01-07 17:15:47	16	1	1	0
     1552	2024-01-07 21:46:49	16	0	1	0
     1552	2024-01-07 21:46:51	16	0	1	0
     1552	2024-01-07 21:46:54	16	0	1	0
     1606	2024-01-07 22:03:34	16	1	1	0
     1606	2024-01-07 22:03:38	16	1	1	0
     1606	2024-01-07 22:03:43	16	1	1	0
     1537	2024-01-07 22:05:00	16	0	1	0
     1537	2024-01-07 22:05:04	16	0	1	0
     1359	2024-01-07 22:07:06	16	1	1	0
     1359	2024-01-07 22:07:08	16	1	1	0
     1359	2024-01-07 22:07:10	16	1	1	0
     1440	2024-01-08 05:35:13	16	0	1	0
     1440	2024-01-08 05:35:15	16	0	1	0
     1440	2024-01-08 05:35:17	16	0	1	0
     2187	2024-01-08 05:40:17	16	0	1	0
     2187	2024-01-08 05:40:23	16	0	1	0
     2187	2024-01-08 05:40:27	16	0	1	0
     2418	2024-01-08 06:00:43	16	0	1	0
     1537	2024-01-08 06:01:15	16	1	1	0
     1537	2024-01-08 06:01:17	16	1	1	0
     1552	2024-01-08 06:02:47	16	1	1	0
     1552	2024-01-08 06:02:49	16	1	1	0
     1552	2024-01-08 06:02:52	16	1	1	0
      425	2024-01-08 06:45:53	16	0	1	0
      425	2024-01-08 06:45:55	16	0	1	0
      967	2024-01-08 06:59:10	16	0	1	0
      967	2024-01-08 06:59:12	16	0	1	0
     1979	2024-01-08 07:01:02	16	0	1	0
     1979	2024-01-08 07:01:03	16	0	1	0
     1579	2024-01-08 07:08:12	16	0	1	0
     1579	2024-01-08 07:11:43	16	0	1	0
     2114	2024-01-08 07:14:00	16	0	1	0
      669	2024-01-08 07:17:24	16	0	1	0
      770	2024-01-08 07:21:13	16	0	1	0
      857	2024-01-08 07:23:41	16	0	1	0
      857	2024-01-08 07:23:43	16	0	1	0
     2452	2024-01-08 07:42:46	16	0	1	0
     2452	2024-01-08 07:42:47	16	0	1	0
      249	2024-01-08 07:47:42	16	0	1	0
     1876	2024-01-08 07:50:37	16	0	1	0
     1876	2024-01-08 07:50:42	16	0	1	0
     2685	2024-01-08 07:55:08	16	0	1	0
     2685	2024-01-08 07:55:09	16	0	1	0
     1571	2024-01-08 08:06:11	16	0	1	0
      387	2024-01-08 08:27:19	16	0	1	0
      770	2024-01-08 12:01:45	16	1	1	0
     2114	2024-01-08 12:02:56	16	1	1	0
     1579	2024-01-08 12:03:05	16	1	1	0
     1579	2024-01-08 12:03:09	16	1	1	0
     2685	2024-01-08 12:03:20	16	1	1	0
     2685	2024-01-08 12:03:22	16	1	1	0
      387	2024-01-08 12:05:22	16	1	1	0
     1579	2024-01-08 12:18:27	16	1	1	0
      967	2024-01-08 12:21:09	16	1	1	0
     1571	2024-01-08 12:21:17	16	1	1	0
     2452	2024-01-08 12:21:25	16	1	1	0
     2452	2024-01-08 12:21:27	16	1	1	0
     2418	2024-01-08 12:21:53	16	1	1	0
      249	2024-01-08 12:22:20	16	1	1	0
     1876	2024-01-08 12:23:01	16	1	1	0
     1876	2024-01-08 12:23:05	16	1	1	0
      425	2024-01-08 12:23:15	16	1	1	0
      425	2024-01-08 12:23:16	16	1	1	0
      669	2024-01-08 12:25:28	16	1	1	0
      425	2024-01-08 12:27:13	16	1	1	0
      857	2024-01-08 12:28:23	16	1	1	0
      857	2024-01-08 12:28:25	16	1	1	0
      857	2024-01-08 12:30:03	16	0	1	0
      857	2024-01-08 12:30:04	16	0	1	0
     1571	2024-01-08 12:30:28	16	0	1	0
     2685	2024-01-08 12:30:36	16	0	1	0
     2685	2024-01-08 12:30:37	16	0	1	0
     2418	2024-01-08 12:31:24	16	0	1	0
      669	2024-01-08 12:31:31	16	0	1	0
      249	2024-01-08 12:31:38	16	0	1	0
      967	2024-01-08 12:31:45	16	0	1	0
     1876	2024-01-08 12:31:59	16	0	1	0
     1876	2024-01-08 12:32:05	16	0	1	0
      425	2024-01-08 12:32:12	16	0	1	0
      425	2024-01-08 12:32:13	16	0	1	0
     2452	2024-01-08 12:32:28	16	0	1	0
     2452	2024-01-08 12:32:29	16	0	1	0
     1579	2024-01-08 12:32:40	16	0	1	0
     1579	2024-01-08 12:33:09	16	0	1	0
     2114	2024-01-08 12:34:10	16	0	1	0
     1437	2024-01-08 12:35:22	16	0	1	0
     1437	2024-01-08 12:35:24	16	0	1	0
     1437	2024-01-08 12:35:25	16	0	1	0
      387	2024-01-08 12:38:44	16	0	1	0
      770	2024-01-08 13:20:20	16	0	1	0
     1359	2024-01-08 13:51:44	16	0	1	0
     1359	2024-01-08 13:51:46	16	0	1	0
     1359	2024-01-08 13:51:48	16	0	1	0
     2187	2024-01-08 14:01:46	16	1	1	0
     2187	2024-01-08 14:01:50	16	1	1	0
     2187	2024-01-08 14:01:54	16	1	1	0
     1440	2024-01-08 14:02:43	16	1	1	0
     1440	2024-01-08 14:02:45	16	1	1	0
     1440	2024-01-08 14:02:47	16	1	1	0
     2114	2024-01-08 17:00:50	16	1	1	0
     1579	2024-01-08 17:00:57	16	1	1	0
     1579	2024-01-08 17:00:59	16	1	1	0
     2685	2024-01-08 17:01:13	16	1	1	0
     2685	2024-01-08 17:01:14	16	1	1	0
      387	2024-01-08 17:01:30	16	1	1	0
      770	2024-01-08 17:01:41	16	1	1	0
      770	2024-01-08 17:01:42	16	1	1	0
     2452	2024-01-08 17:05:52	16	1	1	0
     2452	2024-01-08 17:05:53	16	1	1	0
      425	2024-01-08 17:07:13	16	1	1	0
      425	2024-01-08 17:07:15	16	1	1	0
      857	2024-01-08 17:08:41	16	1	1	0
      857	2024-01-08 17:08:43	16	1	1	0
     1876	2024-01-08 17:09:30	16	1	1	0
     1876	2024-01-08 17:09:36	16	1	1	0
      669	2024-01-08 17:10:35	16	1	1	0
     2418	2024-01-08 17:10:58	16	1	1	0
      249	2024-01-08 17:11:04	16	1	1	0
      249	2024-01-08 17:11:06	16	1	1	0
     1571	2024-01-08 17:11:20	16	1	1	0
      967	2024-01-08 17:15:44	16	1	1	0
      967	2024-01-08 17:15:46	16	1	1	0
     1537	2024-01-08 20:54:00	16	0	1	0
     1537	2024-01-08 20:54:02	16	0	1	0
     1552	2024-01-08 21:38:09	16	0	1	0
     1552	2024-01-08 21:38:11	16	0	1	0
     1552	2024-01-08 21:38:14	16	0	1	0
     1359	2024-01-08 22:01:04	16	1	1	0
     1359	2024-01-08 22:01:06	16	1	1	0
     1359	2024-01-08 22:01:08	16	1	1	0
     1437	2024-01-08 22:01:11	16	1	1	0
     1437	2024-01-08 22:01:13	16	1	1	0
     1437	2024-01-08 22:01:15	16	1	1	0
     1440	2024-01-09 05:37:26	16	1	1	0
     1440	2024-01-09 05:37:28	16	1	1	0
     1440	2024-01-09 05:37:40	16	0	1	0
     1440	2024-01-09 05:37:42	16	0	1	0
     2187	2024-01-09 05:47:26	16	0	1	0
     2187	2024-01-09 05:47:30	16	0	1	0
     2187	2024-01-09 05:47:34	16	0	1	0
     1552	2024-01-09 06:00:03	16	1	1	0
     1552	2024-01-09 06:00:05	16	1	1	0
     1552	2024-01-09 06:00:08	16	1	1	0
     1537	2024-01-09 06:00:23	16	1	1	0
     1537	2024-01-09 06:00:25	16	1	1	0
     1537	2024-01-09 06:00:27	16	1	1	0
     1579	2024-01-09 07:04:15	16	0	1	0
     1979	2024-01-09 07:04:30	16	0	1	0
     1979	2024-01-09 07:04:32	16	0	1	0
     1579	2024-01-09 07:06:12	16	0	1	0
     2871	2024-01-09 07:14:29	16	0	1	0
      770	2024-01-09 07:16:25	16	0	1	0
      967	2024-01-09 07:21:43	16	0	1	0
      967	2024-01-09 07:21:45	16	0	1	0
      669	2024-01-09 07:21:51	16	0	1	0
     2685	2024-01-09 07:33:55	16	0	1	0
     2685	2024-01-09 07:33:56	16	0	1	0
      387	2024-01-09 07:37:25	16	0	1	0
     2418	2024-01-09 07:38:38	16	0	1	0
     2418	2024-01-09 07:38:41	16	0	1	0
     1571	2024-01-09 07:42:02	16	0	1	0
     2452	2024-01-09 07:48:47	16	0	1	0
     2452	2024-01-09 07:48:49	16	0	1	0
     1876	2024-01-09 07:55:48	16	0	1	0
     1876	2024-01-09 07:55:52	16	0	1	0
      857	2024-01-09 07:58:20	16	0	1	0
      857	2024-01-09 07:58:21	16	0	1	0
      249	2024-01-09 08:07:38	16	0	1	0
     2452	2024-01-09 12:00:38	16	1	1	0
     2452	2024-01-09 12:00:40	16	1	1	0
     2452	2024-01-09 12:00:41	16	1	1	0
      387	2024-01-09 12:01:15	16	1	1	0
     1579	2024-01-09 12:04:27	16	1	1	0
      770	2024-01-09 12:04:46	16	1	1	0
     1579	2024-01-09 12:05:17	16	1	1	0
     2418	2024-01-09 12:06:36	16	1	1	0
      249	2024-01-09 12:06:47	16	1	1	0
     1876	2024-01-09 12:06:57	16	1	1	0
     1876	2024-01-09 12:07:03	16	1	1	0
     2685	2024-01-09 12:07:08	16	1	1	0
     2685	2024-01-09 12:07:09	16	1	1	0
     1571	2024-01-09 12:07:24	16	1	1	0
      967	2024-01-09 12:07:57	16	1	1	0
      857	2024-01-09 12:08:31	16	1	1	0
      857	2024-01-09 12:08:33	16	1	1	0
     2871	2024-01-09 12:08:40	16	1	1	0
      669	2024-01-09 12:23:56	16	1	1	0
      770	2024-01-09 12:24:54	16	0	1	0
     2685	2024-01-09 12:30:06	16	0	1	0
     2685	2024-01-09 12:30:07	16	0	1	0
      387	2024-01-09 12:30:14	16	0	1	0
      669	2024-01-09 12:31:02	16	0	1	0
     1579	2024-01-09 12:31:42	16	0	1	0
     1579	2024-01-09 12:31:58	16	0	1	0
     2452	2024-01-09 12:36:28	16	0	1	0
     2452	2024-01-09 12:36:30	16	0	1	0
     2871	2024-01-09 12:46:04	16	0	1	0
     2418	2024-01-09 12:46:10	16	0	1	0
     1571	2024-01-09 12:46:36	16	0	1	0
      967	2024-01-09 12:46:43	16	0	1	0
      249	2024-01-09 12:47:46	16	0	1	0
      249	2024-01-09 12:47:52	16	0	1	0
      770	2024-01-09 12:47:57	16	0	1	0
     1876	2024-01-09 12:48:42	16	0	1	0
     1876	2024-01-09 12:48:48	16	0	1	0
      857	2024-01-09 12:50:45	16	0	1	0
      857	2024-01-09 12:50:47	16	0	1	0
     1437	2024-01-09 13:11:10	16	0	1	0
     1437	2024-01-09 13:11:12	16	0	1	0
     1437	2024-01-09 13:11:14	16	0	1	0
     1606	2024-01-09 13:12:50	16	0	1	0
     1606	2024-01-09 13:12:54	16	0	1	0
     1606	2024-01-09 13:12:56	16	0	1	0
     1440	2024-01-09 14:01:59	16	1	1	0
     1440	2024-01-09 14:02:00	16	1	1	0
     1440	2024-01-09 14:02:02	16	1	1	0
     2187	2024-01-09 14:02:26	16	1	1	0
     2187	2024-01-09 14:02:34	16	1	1	0
     2187	2024-01-09 14:02:37	16	1	1	0
     1876	2024-01-09 17:00:03	16	1	1	0
     1876	2024-01-09 17:00:04	16	1	1	0
     2685	2024-01-09 17:00:14	16	1	1	0
     2685	2024-01-09 17:00:15	16	1	1	0
     1579	2024-01-09 17:00:47	16	1	1	0
     1579	2024-01-09 17:00:48	16	1	1	0
     2418	2024-01-09 17:00:55	16	1	1	0
     2871	2024-01-09 17:01:19	16	1	1	0
      770	2024-01-09 17:01:34	16	1	1	0
     2452	2024-01-09 17:01:44	16	1	1	0
     2452	2024-01-09 17:01:46	16	1	1	0
      857	2024-01-09 17:01:57	16	1	1	0
      857	2024-01-09 17:01:59	16	1	1	0
     1579	2024-01-09 17:02:08	16	1	1	0
      249	2024-01-09 17:02:49	16	1	1	0
      669	2024-01-09 17:04:49	16	1	1	0
     1979	2024-01-09 17:14:04	16	1	1	0
     1979	2024-01-09 17:14:06	16	1	1	0
      967	2024-01-09 17:49:34	16	1	1	0
      967	2024-01-09 17:49:36	16	1	1	0
     1571	2024-01-09 17:50:39	16	1	1	0
     1552	2024-01-09 19:16:57	16	0	1	0
     1552	2024-01-09 19:16:59	16	0	1	0
     1552	2024-01-09 19:17:01	16	0	1	0
     1537	2024-01-09 19:18:29	16	0	1	0
     1537	2024-01-09 19:18:31	16	0	1	0
     1537	2024-01-09 19:18:35	16	0	1	0
     1359	2024-01-09 20:45:54	16	0	1	0
     1359	2024-01-09 20:45:56	16	0	1	0
     1359	2024-01-09 20:45:58	16	0	1	0
     1437	2024-01-09 22:42:54	16	1	1	0
     1437	2024-01-09 22:42:56	16	1	1	0
     1437	2024-01-09 22:42:57	16	1	1	0
     1606	2024-01-09 22:44:39	16	1	1	0
     1606	2024-01-09 22:44:41	16	1	1	0
     1606	2024-01-09 22:44:43	16	1	1	0
     1440	2024-01-10 05:31:48	16	0	1	0
     1440	2024-01-10 05:31:50	16	0	1	0
     1440	2024-01-10 05:31:52	16	0	1	0
     2187	2024-01-10 05:49:09	16	0	1	0
     2187	2024-01-10 05:49:15	16	0	1	0
     2187	2024-01-10 05:49:19	16	0	1	0
     1537	2024-01-10 06:01:19	16	1	1	0
     1537	2024-01-10 06:01:21	16	1	1	0
     1537	2024-01-10 06:01:22	16	1	1	0
     2418	2024-01-10 06:04:34	16	0	1	0
     1359	2024-01-10 06:04:58	16	1	1	0
     1359	2024-01-10 06:05:02	16	1	1	0
     1359	2024-01-10 06:05:04	16	1	1	0
     1979	2024-01-10 06:57:32	16	0	1	0
     1979	2024-01-10 06:57:35	16	0	1	0
     1552	2024-01-10 06:58:28	16	1	1	0
     1552	2024-01-10 06:58:30	16	1	1	0
     1552	2024-01-10 06:58:32	16	1	1	0
     1579	2024-01-10 07:03:42	16	0	1	0
     1579	2024-01-10 07:04:14	16	0	1	0
     1579	2024-01-10 07:05:08	16	0	1	0
      975	2024-01-10 07:10:59	16	0	1	0
     2871	2024-01-10 07:12:51	16	0	1	0
      967	2024-01-10 07:23:33	16	0	1	0
      967	2024-01-10 07:23:34	16	0	1	0
     2114	2024-01-10 07:28:00	16	0	1	0
      770	2024-01-10 07:32:48	16	0	1	0
      387	2024-01-10 07:40:10	16	0	1	0
     2685	2024-01-10 07:44:35	16	0	1	0
      669	2024-01-10 07:47:17	16	0	1	0
     1876	2024-01-10 07:49:20	16	0	1	0
     1876	2024-01-10 07:49:27	16	0	1	0
     2452	2024-01-10 07:55:13	16	0	1	0
     2452	2024-01-10 07:55:15	16	0	1	0
      249	2024-01-10 07:55:46	16	0	1	0
     1571	2024-01-10 07:57:57	16	0	1	0
      857	2024-01-10 07:58:04	16	0	1	0
      857	2024-01-10 07:58:10	16	0	1	0
      387	2024-01-10 12:02:24	16	1	1	0
     2871	2024-01-10 12:04:18	16	1	1	0
      967	2024-01-10 12:05:11	16	1	1	0
      967	2024-01-10 12:05:19	16	1	1	0
      967	2024-01-10 12:05:20	16	1	1	0
      857	2024-01-10 12:05:27	16	1	1	0
      857	2024-01-10 12:05:29	16	1	1	0
     2418	2024-01-10 12:05:33	16	1	1	0
     1579	2024-01-10 12:05:45	16	1	1	0
     2685	2024-01-10 12:06:03	16	1	1	0
     2685	2024-01-10 12:06:04	16	1	1	0
     1579	2024-01-10 12:07:26	16	1	1	0
     2452	2024-01-10 12:08:17	16	1	1	0
     2452	2024-01-10 12:08:18	16	1	1	0
      770	2024-01-10 12:09:52	16	1	1	0
      975	2024-01-10 12:29:01	16	1	1	0
      770	2024-01-10 12:29:28	16	0	1	0
      975	2024-01-10 12:30:02	16	0	1	0
     2114	2024-01-10 12:30:49	16	1	1	0
      669	2024-01-10 12:30:54	16	1	1	0
      669	2024-01-10 12:32:04	16	0	1	0
     2114	2024-01-10 12:32:17	16	0	1	0
     2452	2024-01-10 12:33:13	16	0	1	0
     2452	2024-01-10 12:33:15	16	0	1	0
      249	2024-01-10 12:34:09	16	1	1	0
     1876	2024-01-10 12:34:21	16	1	1	0
     1876	2024-01-10 12:34:25	16	1	1	0
     2685	2024-01-10 12:35:55	16	0	1	0
     2685	2024-01-10 12:35:56	16	0	1	0
      249	2024-01-10 12:37:47	16	0	1	0
     1876	2024-01-10 12:37:54	16	0	1	0
     1876	2024-01-10 12:38:00	16	0	1	0
     1579	2024-01-10 12:40:09	16	0	1	0
     1579	2024-01-10 12:41:07	16	0	1	0
      387	2024-01-10 12:41:48	16	0	1	0
     2418	2024-01-10 12:55:17	16	0	1	0
      967	2024-01-10 12:55:27	16	0	1	0
     1571	2024-01-10 12:55:35	16	1	1	0
     2871	2024-01-10 12:55:47	16	0	1	0
      857	2024-01-10 12:55:51	16	0	1	0
      857	2024-01-10 12:55:53	16	0	1	0
     1571	2024-01-10 12:57:05	16	0	1	0
     1606	2024-01-10 13:17:05	16	0	1	0
     1606	2024-01-10 13:17:07	16	0	1	0
     1606	2024-01-10 13:17:09	16	0	1	0
     1437	2024-01-10 13:31:54	16	0	1	0
     1437	2024-01-10 13:31:56	16	0	1	0
     1437	2024-01-10 13:31:57	16	0	1	0
     1440	2024-01-10 14:02:04	16	1	1	0
     1440	2024-01-10 14:02:06	16	1	1	0
     1440	2024-01-10 14:02:08	16	1	1	0
     2187	2024-01-10 14:11:08	16	1	1	0
     2187	2024-01-10 14:11:14	16	1	1	0
     2187	2024-01-10 14:11:18	16	1	1	0
     2685	2024-01-10 17:00:16	16	1	1	0
     2685	2024-01-10 17:00:17	16	1	1	0
      770	2024-01-10 17:00:23	16	1	1	0
      387	2024-01-10 17:00:30	16	1	1	0
     1579	2024-01-10 17:00:37	16	1	1	0
     1579	2024-01-10 17:00:39	16	1	1	0
     1876	2024-01-10 17:00:44	16	1	1	0
     1876	2024-01-10 17:00:47	16	1	1	0
      249	2024-01-10 17:01:04	16	1	1	0
     2452	2024-01-10 17:01:11	16	1	1	0
     2452	2024-01-10 17:01:12	16	1	1	0
     2418	2024-01-10 17:01:18	16	1	1	0
     2871	2024-01-10 17:01:23	16	1	1	0
      857	2024-01-10 17:01:27	16	1	1	0
      857	2024-01-10 17:01:29	16	1	1	0
      967	2024-01-10 17:01:34	16	1	1	0
      967	2024-01-10 17:01:38	16	1	1	0
     1571	2024-01-10 17:02:04	16	1	1	0
      669	2024-01-10 17:04:21	16	1	1	0
     2114	2024-01-10 17:04:45	16	1	1	0
     1979	2024-01-10 17:06:22	16	1	1	0
     1979	2024-01-10 17:06:23	16	1	1	0
     2114	2024-01-10 17:07:44	16	1	1	0
      975	2024-01-10 18:04:33	16	1	1	0
     1359	2024-01-10 20:45:54	16	0	1	0
     1359	2024-01-10 20:45:56	16	0	1	0
     1359	2024-01-10 20:45:58	16	0	1	0
     1552	2024-01-10 21:18:14	16	0	1	0
     1552	2024-01-10 21:18:16	16	0	1	0
     1552	2024-01-10 21:18:19	16	0	1	0
     1606	2024-01-10 22:00:07	16	1	1	0
     1606	2024-01-10 22:00:10	16	1	1	0
     1606	2024-01-10 22:00:13	16	1	1	0
     1437	2024-01-10 22:01:00	16	1	1	0
     1437	2024-01-10 22:01:01	16	1	1	0
     1437	2024-01-10 22:01:03	16	1	1	0
     1440	2024-01-11 05:36:23	16	0	1	0
     1440	2024-01-11 05:36:25	16	0	1	0
     1440	2024-01-11 05:36:28	16	0	1	0
     2187	2024-01-11 05:45:46	16	0	1	0
     2187	2024-01-11 05:45:49	16	0	1	0
     2187	2024-01-11 05:45:54	16	0	1	0
     1552	2024-01-11 06:01:29	16	1	1	0
     1552	2024-01-11 06:01:31	16	1	1	0
     1552	2024-01-11 06:01:34	16	1	1	0
     1359	2024-01-11 06:02:26	16	1	1	0
     1359	2024-01-11 06:02:28	16	1	1	0
     1359	2024-01-11 06:02:30	16	1	1	0
      592	2024-01-11 06:41:16	16	0	1	0
      669	2024-01-11 06:42:12	16	0	1	0
      975	2024-01-11 07:12:26	16	0	1	0
     2871	2024-01-11 07:15:12	16	0	1	0
      967	2024-01-11 07:15:25	16	0	1	0
      967	2024-01-11 07:15:27	16	0	1	0
     1579	2024-01-11 07:20:30	16	0	1	0
     1579	2024-01-11 07:21:14	16	0	1	0
     2114	2024-01-11 07:28:08	16	0	1	0
      770	2024-01-11 07:33:16	16	0	1	0
      770	2024-01-11 07:36:36	16	0	1	0
      770	2024-01-11 07:36:39	16	0	1	0
     2685	2024-01-11 07:44:04	16	0	1	0
     2685	2024-01-11 07:44:05	16	0	1	0
      425	2024-01-11 07:44:45	16	0	1	0
      425	2024-01-11 07:44:47	16	0	1	0
      387	2024-01-11 07:45:54	16	0	1	0
     2452	2024-01-11 07:49:45	16	0	1	0
     2452	2024-01-11 07:49:47	16	0	1	0
     2418	2024-01-11 07:50:19	16	0	1	0
     1876	2024-01-11 07:55:09	16	0	1	0
     1876	2024-01-11 07:55:14	16	0	1	0
     1571	2024-01-11 07:56:29	16	0	1	0
     2264	2024-01-11 07:56:40	16	0	1	0
     2264	2024-01-11 07:56:41	16	0	1	0
     2264	2024-01-11 07:56:58	16	0	1	0
      857	2024-01-11 07:58:11	16	0	1	0
      857	2024-01-11 07:58:13	16	0	1	0
      249	2024-01-11 08:08:12	16	0	1	0
     1579	2024-01-11 12:02:32	16	1	1	0
      387	2024-01-11 12:03:17	16	1	1	0
     1579	2024-01-11 12:03:48	16	1	1	0
     2114	2024-01-11 12:16:59	16	1	1	0
     2685	2024-01-11 12:17:11	16	1	1	0
     2685	2024-01-11 12:17:12	16	1	1	0
     2452	2024-01-11 12:21:42	16	1	1	0
     2452	2024-01-11 12:21:43	16	1	1	0
      669	2024-01-11 12:26:28	16	1	1	0
      857	2024-01-11 12:27:43	16	1	1	0
      857	2024-01-11 12:27:44	16	1	1	0
     2418	2024-01-11 12:27:59	16	1	1	0
     2418	2024-01-11 12:28:00	16	1	1	0
     1571	2024-01-11 12:28:26	16	1	1	0
      425	2024-01-11 12:28:33	16	1	1	0
      425	2024-01-11 12:28:35	16	1	1	0
      592	2024-01-11 12:29:00	16	1	1	0
      249	2024-01-11 12:29:36	16	1	1	0
     1876	2024-01-11 12:30:05	16	1	1	0
     1876	2024-01-11 12:30:06	16	1	1	0
     2264	2024-01-11 12:30:49	16	1	1	0
     2264	2024-01-11 12:30:50	16	1	1	0
     2871	2024-01-11 12:30:58	16	1	1	0
      967	2024-01-11 12:31:07	16	1	1	0
      592	2024-01-11 12:31:24	16	0	1	0
      592	2024-01-11 12:31:30	16	0	1	0
     2418	2024-01-11 12:31:46	16	0	1	0
     2418	2024-01-11 12:31:47	16	0	1	0
      975	2024-01-11 12:31:59	16	1	1	0
     1876	2024-01-11 12:32:59	16	0	1	0
     1876	2024-01-11 12:33:01	16	0	1	0
      967	2024-01-11 12:33:09	16	0	1	0
     2452	2024-01-11 12:33:15	16	0	1	0
     2452	2024-01-11 12:33:16	16	0	1	0
      249	2024-01-11 12:33:28	16	0	1	0
     2264	2024-01-11 12:33:34	16	0	1	0
     2264	2024-01-11 12:33:35	16	0	1	0
      975	2024-01-11 12:34:07	16	0	1	0
     1571	2024-01-11 12:34:16	16	0	1	0
     2685	2024-01-11 12:34:27	16	0	1	0
     2685	2024-01-11 12:34:28	16	0	1	0
      857	2024-01-11 12:34:38	16	0	1	0
      857	2024-01-11 12:34:40	16	0	1	0
     2114	2024-01-11 12:34:46	16	0	1	0
     2871	2024-01-11 12:34:56	16	0	1	0
      770	2024-01-11 12:35:04	16	1	1	0
      669	2024-01-11 12:36:11	16	0	1	0
     1579	2024-01-11 12:37:01	16	0	1	0
     1579	2024-01-11 12:38:14	16	0	1	0
      770	2024-01-11 12:39:26	16	0	1	0
      387	2024-01-11 12:40:11	16	0	1	0
     1437	2024-01-11 12:48:27	16	0	1	0
     1437	2024-01-11 12:48:29	16	0	1	0
     1437	2024-01-11 12:48:30	16	0	1	0
     1606	2024-01-11 13:27:23	16	0	1	0
     1606	2024-01-11 13:27:27	16	0	1	0
     1440	2024-01-11 14:02:17	16	1	1	0
     1440	2024-01-11 14:02:19	16	1	1	0
     1440	2024-01-11 14:02:21	16	1	1	0
     2187	2024-01-11 14:43:50	16	1	1	0
     2187	2024-01-11 14:43:56	16	1	1	0
     2187	2024-01-11 14:44:00	16	1	1	0
     1876	2024-01-11 17:00:04	16	1	1	0
     1876	2024-01-11 17:00:05	16	1	1	0
     1579	2024-01-11 17:00:12	16	1	1	0
     1579	2024-01-11 17:00:13	16	1	1	0
      249	2024-01-11 17:00:20	16	1	1	0
     1979	2024-01-11 17:00:29	16	1	1	0
     1979	2024-01-11 17:00:31	16	1	1	0
      425	2024-01-11 17:02:22	16	1	1	0
      425	2024-01-11 17:02:23	16	1	1	0
     2418	2024-01-11 17:06:18	16	1	1	0
     1571	2024-01-11 17:06:24	16	1	1	0
     2264	2024-01-11 17:06:28	16	1	1	0
     2264	2024-01-11 17:06:29	16	1	1	0
     2114	2024-01-11 17:06:34	16	1	1	0
     2871	2024-01-11 17:06:39	16	1	1	0
      669	2024-01-11 17:06:44	16	1	1	0
      857	2024-01-11 17:06:48	16	1	1	0
      857	2024-01-11 17:06:50	16	1	1	0
      592	2024-01-11 17:06:55	16	1	1	0
      592	2024-01-11 17:06:58	16	1	1	0
      967	2024-01-11 17:07:04	16	1	1	0
      967	2024-01-11 17:07:05	16	1	1	0
     2452	2024-01-11 17:08:44	16	1	1	0
     2452	2024-01-11 17:08:47	16	1	1	0
      770	2024-01-11 17:15:21	16	1	1	0
      975	2024-01-11 17:41:35	16	1	1	0
     1537	2024-01-11 18:51:57	16	0	1	0
     1537	2024-01-11 18:51:59	16	0	1	0
     1537	2024-01-11 18:52:00	16	0	1	0
     1552	2024-01-11 20:02:36	16	0	1	0
     1552	2024-01-11 20:02:38	16	0	1	0
     1552	2024-01-11 20:02:41	16	0	1	0
     1606	2024-01-11 22:01:56	16	1	1	0
     1606	2024-01-11 22:01:58	16	1	1	0
     1606	2024-01-11 22:02:00	16	1	1	0
     1437	2024-01-11 22:02:38	16	1	1	0
     1437	2024-01-11 22:02:40	16	1	1	0
     1437	2024-01-11 22:02:41	16	1	1	0
     1359	2024-01-12 05:42:02	16	0	1	0
     1359	2024-01-12 05:42:04	16	0	1	0
     1359	2024-01-12 05:42:06	16	0	1	0
     1440	2024-01-12 05:50:02	16	0	1	0
     1440	2024-01-12 05:50:04	16	0	1	0
     1440	2024-01-12 05:50:06	16	0	1	0
     2187	2024-01-12 05:52:37	16	0	1	0
     2187	2024-01-12 05:52:41	16	0	1	0
     2187	2024-01-12 05:52:44	16	0	1	0
     1537	2024-01-12 06:06:37	16	1	1	0
     1537	2024-01-12 06:06:39	16	1	1	0
     1537	2024-01-12 06:06:40	16	1	1	0
     1552	2024-01-12 06:10:17	16	1	1	0
     1552	2024-01-12 06:10:18	16	1	1	0
     1552	2024-01-12 06:10:21	16	1	1	0
     2418	2024-01-12 06:26:28	16	0	1	0
      592	2024-01-12 06:32:28	16	0	1	0
     2871	2024-01-12 07:14:38	16	0	1	0
      975	2024-01-12 07:15:26	16	0	1	0
     2114	2024-01-12 07:16:55	16	0	1	0
     1579	2024-01-12 07:28:59	16	0	1	0
     1579	2024-01-12 07:29:06	16	0	1	0
     1979	2024-01-12 07:30:09	16	0	1	0
     1979	2024-01-12 07:30:11	16	0	1	0
      669	2024-01-12 07:36:39	16	0	1	0
      387	2024-01-12 07:45:02	16	0	1	0
      425	2024-01-12 07:54:45	16	0	1	0
      425	2024-01-12 07:54:46	16	0	1	0
     2264	2024-01-12 07:55:04	16	0	1	0
     2264	2024-01-12 07:55:06	16	0	1	0
     1876	2024-01-12 07:55:41	16	0	1	0
     1876	2024-01-12 07:55:46	16	0	1	0
     2452	2024-01-12 07:56:07	16	0	1	0
     2452	2024-01-12 07:56:09	16	0	1	0
     2685	2024-01-12 07:57:55	16	0	1	0
     2685	2024-01-12 07:57:56	16	0	1	0
      857	2024-01-12 07:58:46	16	0	1	0
      857	2024-01-12 07:58:48	16	0	1	0
      249	2024-01-12 07:59:08	16	0	1	0
      770	2024-01-12 07:59:31	16	0	1	0
     1571	2024-01-12 08:07:21	16	0	1	0
     1579	2024-01-12 12:01:52	16	1	1	0
     1579	2024-01-12 12:02:30	16	1	1	0
      387	2024-01-12 12:02:54	16	1	1	0
     2685	2024-01-12 12:03:01	16	1	1	0
     2685	2024-01-12 12:03:02	16	1	1	0
      770	2024-01-12 12:04:11	16	1	1	0
      425	2024-01-12 12:11:32	16	1	1	0
      425	2024-01-12 12:11:33	16	1	1	0
     2452	2024-01-12 12:16:19	16	1	1	0
     2452	2024-01-12 12:16:21	16	1	1	0
      592	2024-01-12 12:25:08	16	1	1	0
      857	2024-01-12 12:26:39	16	1	1	0
      857	2024-01-12 12:26:40	16	1	1	0
      669	2024-01-12 12:31:04	16	1	1	0
     2114	2024-01-12 12:31:11	16	1	1	0
     1579	2024-01-12 12:31:40	16	0	1	0
     2685	2024-01-12 12:31:50	16	0	1	0
     2685	2024-01-12 12:31:51	16	0	1	0
      857	2024-01-12 12:32:07	16	0	1	0
      857	2024-01-12 12:32:08	16	0	1	0
      975	2024-01-12 12:32:15	16	1	1	0
     2452	2024-01-12 12:32:22	16	0	1	0
     2452	2024-01-12 12:32:23	16	0	1	0
     1579	2024-01-12 12:32:33	16	0	1	0
      592	2024-01-12 12:35:40	16	0	1	0
     2114	2024-01-12 12:35:50	16	0	1	0
      669	2024-01-12 12:35:56	16	0	1	0
     2871	2024-01-12 12:36:55	16	1	1	0
     2264	2024-01-12 12:37:01	16	1	1	0
     2264	2024-01-12 12:37:02	16	1	1	0
      249	2024-01-12 12:37:04	16	1	1	0
     2418	2024-01-12 12:37:11	16	1	1	0
     1571	2024-01-12 12:37:19	16	1	1	0
     1876	2024-01-12 12:37:26	16	1	1	0
     1876	2024-01-12 12:37:28	16	1	1	0
      975	2024-01-12 12:37:38	16	0	1	0
     2264	2024-01-12 12:40:08	16	0	1	0
     2264	2024-01-12 12:40:10	16	0	1	0
     2418	2024-01-12 12:40:31	16	0	1	0
     2418	2024-01-12 12:40:32	16	0	1	0
     2418	2024-01-12 12:40:34	16	0	1	0
      249	2024-01-12 12:40:46	16	0	1	0
     2871	2024-01-12 12:40:55	16	0	1	0
      425	2024-01-12 12:41:02	16	0	1	0
      425	2024-01-12 12:41:04	16	0	1	0
     1571	2024-01-12 12:41:13	16	0	1	0
     1876	2024-01-12 12:41:21	16	0	1	0
     1876	2024-01-12 12:41:23	16	0	1	0
      387	2024-01-12 12:42:11	16	0	1	0
     1437	2024-01-12 12:46:39	16	0	1	0
     1437	2024-01-12 12:46:40	16	0	1	0
     1437	2024-01-12 12:46:42	16	0	1	0
      770	2024-01-12 12:50:39	16	0	1	0
     1606	2024-01-12 13:17:55	16	0	1	0
     1606	2024-01-12 13:17:59	16	0	1	0
     1359	2024-01-12 14:01:35	16	1	1	0
     1359	2024-01-12 14:01:37	16	1	1	0
     1359	2024-01-12 14:01:39	16	1	1	0
     2187	2024-01-12 14:02:07	16	1	1	0
     2187	2024-01-12 14:02:11	16	1	1	0
     2187	2024-01-12 14:02:15	16	1	1	0
     1440	2024-01-12 16:11:21	16	1	1	0
     1440	2024-01-12 16:11:23	16	1	1	0
     1440	2024-01-12 16:11:25	16	1	1	0
     2685	2024-01-12 17:00:07	16	1	1	0
     2685	2024-01-12 17:00:08	16	1	1	0
      857	2024-01-12 17:00:13	16	1	1	0
      857	2024-01-12 17:00:15	16	1	1	0
     2418	2024-01-12 17:00:20	16	1	1	0
     2418	2024-01-12 17:00:21	16	1	1	0
      249	2024-01-12 17:00:24	16	1	1	0
     1571	2024-01-12 17:00:31	16	1	1	0
     1876	2024-01-12 17:00:35	16	1	1	0
     1876	2024-01-12 17:00:37	16	1	1	0
      387	2024-01-12 17:00:45	16	1	1	0
     1579	2024-01-12 17:00:50	16	1	1	0
     1579	2024-01-12 17:00:52	16	1	1	0
      425	2024-01-12 17:00:57	16	1	1	0
      425	2024-01-12 17:00:58	16	1	1	0
      592	2024-01-12 17:01:03	16	1	1	0
     2114	2024-01-12 17:01:08	16	1	1	0
     2871	2024-01-12 17:01:14	16	1	1	0
      770	2024-01-12 17:01:22	16	1	1	0
     2452	2024-01-12 17:01:27	16	1	1	0
     2452	2024-01-12 17:01:28	16	1	1	0
      669	2024-01-12 17:01:39	16	1	1	0
      975	2024-01-12 17:05:09	16	1	1	0
     2264	2024-01-12 18:14:35	16	1	1	0
     2264	2024-01-12 18:14:37	16	1	1	0
     1537	2024-01-12 18:18:43	16	0	1	0
     1537	2024-01-12 18:18:50	16	0	1	0
     1537	2024-01-12 18:18:53	16	0	1	0
     1552	2024-01-12 21:43:38	16	0	1	0
     1552	2024-01-12 21:43:40	16	0	1	0
     1552	2024-01-12 21:43:43	16	0	1	0
     1606	2024-01-12 22:03:16	16	1	1	0
     1606	2024-01-12 22:03:20	16	1	1	0
     1606	2024-01-12 22:03:25	16	1	1	0
     1437	2024-01-12 22:03:36	16	1	1	0
     1437	2024-01-12 22:03:38	16	1	1	0
     1437	2024-01-12 22:03:40	16	1	1	0
     1440	2024-01-13 05:42:05	16	0	1	0
     1440	2024-01-13 05:42:07	16	0	1	0
     1440	2024-01-13 05:42:09	16	0	1	0
     1359	2024-01-13 05:52:11	16	0	1	0
     1359	2024-01-13 05:52:12	16	0	1	0
     1359	2024-01-13 05:52:14	16	0	1	0
     1537	2024-01-13 06:00:37	16	1	1	0
     1537	2024-01-13 06:00:38	16	1	1	0
     1537	2024-01-13 06:00:40	16	1	1	0
     1552	2024-01-13 06:04:09	16	1	1	0
     1552	2024-01-13 06:04:11	16	1	1	0
     1552	2024-01-13 06:04:14	16	1	1	0
      592	2024-01-13 06:46:25	16	0	1	0
     2871	2024-01-13 07:06:04	16	0	1	0
      975	2024-01-13 07:10:32	16	0	1	0
      770	2024-01-13 07:42:26	16	0	1	0
     2452	2024-01-13 07:49:15	16	0	1	0
     2452	2024-01-13 07:49:16	16	0	1	0
     1571	2024-01-13 07:55:06	16	0	1	0
      425	2024-01-13 07:59:38	16	0	1	0
      425	2024-01-13 07:59:40	16	0	1	0
     2452	2024-01-13 12:05:11	16	1	1	0
     2452	2024-01-13 12:05:12	16	1	1	0
      770	2024-01-13 12:05:54	16	1	1	0
      975	2024-01-13 12:20:53	16	1	1	0
     2264	2024-01-13 12:35:16	16	0	1	0
     2264	2024-01-13 12:35:18	16	0	1	0
      425	2024-01-13 12:35:30	16	1	1	0
      425	2024-01-13 12:35:41	16	1	1	0
     2452	2024-01-13 12:35:57	16	0	1	0
     2452	2024-01-13 12:35:59	16	0	1	0
      770	2024-01-13 12:36:40	16	0	1	0
      592	2024-01-13 12:37:09	16	1	1	0
      592	2024-01-13 12:39:03	16	0	1	0
      592	2024-01-13 12:39:07	16	0	1	0
      770	2024-01-13 12:39:26	16	0	1	0
      425	2024-01-13 12:44:14	16	0	1	0
      425	2024-01-13 12:44:15	16	0	1	0
     1571	2024-01-13 12:44:23	16	1	1	0
     2871	2024-01-13 12:44:29	16	1	1	0
     2871	2024-01-13 12:45:21	16	0	1	0
     1571	2024-01-13 12:45:49	16	0	1	0
      975	2024-01-13 12:50:51	16	0	1	0
     1437	2024-01-13 12:58:11	16	0	1	0
     1437	2024-01-13 12:58:13	16	0	1	0
     1437	2024-01-13 12:58:15	16	0	1	0
     1606	2024-01-13 13:38:47	16	0	1	0
     1606	2024-01-13 13:38:49	16	0	1	0
     1606	2024-01-13 13:38:51	16	0	1	0
     1440	2024-01-13 14:01:09	16	1	1	0
     1440	2024-01-13 14:01:11	16	1	1	0
     1440	2024-01-13 14:01:13	16	1	1	0
     1359	2024-01-13 14:03:36	16	1	1	0
     1359	2024-01-13 14:03:38	16	1	1	0
     1359	2024-01-13 14:03:39	16	1	1	0
      592	2024-01-13 17:00:13	16	1	1	0
      770	2024-01-13 17:00:19	16	1	1	0
     2264	2024-01-13 17:00:34	16	1	1	0
     2264	2024-01-13 17:00:35	16	1	1	0
     2871	2024-01-13 17:00:52	16	1	1	0
     1571	2024-01-13 17:01:11	16	1	1	0
      425	2024-01-13 17:01:32	16	1	1	0
      425	2024-01-13 17:01:34	16	1	1	0
      975	2024-01-13 17:01:42	16	1	1	0
     2452	2024-01-13 17:11:06	16	1	1	0
     2452	2024-01-13 17:11:07	16	1	1	0
     1552	2024-01-13 21:30:10	16	0	1	0
     1552	2024-01-13 21:30:12	16	0	1	0
     1552	2024-01-13 21:30:17	16	0	1	0
     1606	2024-01-13 22:20:18	16	1	1	0
     1606	2024-01-13 22:20:19	16	1	1	0
     1606	2024-01-13 22:20:25	16	1	1	0
     1606	2024-01-13 22:20:29	16	1	1	0
     1437	2024-01-13 22:20:37	16	1	1	0
     1437	2024-01-13 22:20:39	16	1	1	0
     1437	2024-01-13 22:20:41	16	1	1	0
     1440	2024-01-14 05:39:50	16	0	1	0
     1440	2024-01-14 05:39:52	16	0	1	0
     1440	2024-01-14 05:39:54	16	0	1	0
     1437	2024-01-14 05:48:57	16	0	1	0
     1437	2024-01-14 05:48:58	16	0	1	0
     1437	2024-01-14 05:49:00	16	0	1	0
     2187	2024-01-14 05:53:02	16	0	1	0
     2187	2024-01-14 05:53:06	16	0	1	0
     2187	2024-01-14 05:53:10	16	0	1	0
     2187	2024-01-14 05:53:11	16	0	1	0
     2187	2024-01-14 05:53:14	16	0	1	0
     1552	2024-01-14 05:58:57	16	1	1	0
     1552	2024-01-14 06:00:05	16	1	1	0
     1552	2024-01-14 06:00:07	16	1	1	0
     1552	2024-01-14 06:00:10	16	1	1	0
     1552	2024-01-14 06:00:15	16	1	1	0
     2114	2024-01-14 06:11:01	16	0	1	0
      967	2024-01-14 06:51:25	16	0	1	0
      967	2024-01-14 06:51:27	16	0	1	0
     2871	2024-01-14 07:17:54	16	0	1	0
      975	2024-01-14 07:35:42	16	0	1	0
     2418	2024-01-14 07:57:24	16	0	1	0
     2418	2024-01-14 07:57:27	16	0	1	0
      425	2024-01-14 08:23:22	16	0	1	0
      425	2024-01-14 08:23:23	16	0	1	0
     2114	2024-01-14 12:14:22	16	1	1	0
      967	2024-01-14 12:18:06	16	1	1	0
      967	2024-01-14 12:18:09	16	1	1	0
      967	2024-01-14 12:18:12	16	1	1	0
     2418	2024-01-14 12:26:12	16	1	1	0
     2418	2024-01-14 12:26:15	16	1	1	0
     2871	2024-01-14 12:26:38	16	1	1	0
     2114	2024-01-14 12:32:26	16	0	1	0
     2871	2024-01-14 12:33:34	16	0	1	0
      967	2024-01-14 12:33:43	16	0	1	0
      967	2024-01-14 12:33:49	16	0	1	0
     2418	2024-01-14 12:34:21	16	0	1	0
      975	2024-01-14 12:35:38	16	1	1	0
      425	2024-01-14 12:36:19	16	1	1	0
      425	2024-01-14 12:36:20	16	1	1	0
      975	2024-01-14 12:37:02	16	0	1	0
      425	2024-01-14 12:37:06	16	0	1	0
      425	2024-01-14 12:37:07	16	0	1	0
     1606	2024-01-14 13:16:58	16	0	1	0
     1606	2024-01-14 13:17:07	16	0	1	0
     1606	2024-01-14 13:17:12	16	0	1	0
     1359	2024-01-14 13:29:42	16	0	1	0
     1359	2024-01-14 13:29:44	16	0	1	0
     1359	2024-01-14 13:29:46	16	0	1	0
     1440	2024-01-14 14:01:08	16	1	1	0
     1440	2024-01-14 14:01:09	16	1	1	0
     1440	2024-01-14 14:01:11	16	1	1	0
     2187	2024-01-14 14:02:44	16	1	1	0
     2187	2024-01-14 14:02:47	16	1	1	0
     2187	2024-01-14 14:02:51	16	1	1	0
     1437	2024-01-14 14:08:42	16	1	1	0
     1437	2024-01-14 14:08:45	16	1	1	0
     1437	2024-01-14 14:08:47	16	1	1	0
     1437	2024-01-14 14:08:49	16	1	1	0
     2418	2024-01-14 17:00:24	16	1	1	0
      425	2024-01-14 17:00:28	16	1	1	0
      425	2024-01-14 17:00:29	16	1	1	0
      967	2024-01-14 17:00:34	16	1	1	0
      967	2024-01-14 17:00:36	16	1	1	0
     2871	2024-01-14 17:00:44	16	1	1	0
     2114	2024-01-14 17:02:00	16	1	1	0
      975	2024-01-14 17:06:18	16	1	1	0
     1537	2024-01-14 21:34:01	16	0	1	0
     1537	2024-01-14 21:34:03	16	0	1	0
     1537	2024-01-14 21:34:05	16	0	1	0
     1552	2024-01-14 21:46:56	16	0	1	0
     1552	2024-01-14 21:46:59	16	0	1	0
     1552	2024-01-14 21:47:02	16	0	1	0
     1359	2024-01-14 22:01:04	16	1	1	0
     1359	2024-01-14 22:01:06	16	1	1	0
     1359	2024-01-14 22:01:08	16	1	1	0
     1606	2024-01-14 22:01:18	16	1	1	0
     1606	2024-01-14 22:01:22	16	1	1	0
     1606	2024-01-14 22:01:28	16	1	1	0
     1606	2024-01-15 05:20:09	16	0	1	0
     1606	2024-01-15 05:20:14	16	0	1	0
     1606	2024-01-15 05:20:19	16	0	1	0
     1440	2024-01-15 05:33:48	16	0	1	0
     1440	2024-01-15 05:33:50	16	0	1	0
     2187	2024-01-15 05:49:54	16	0	1	0
     2187	2024-01-15 05:50:00	16	0	1	0
     2187	2024-01-15 05:50:04	16	0	1	0
     1552	2024-01-15 06:00:03	16	1	1	0
     1552	2024-01-15 06:00:06	16	1	1	0
     1552	2024-01-15 06:00:09	16	1	1	0
     1537	2024-01-15 06:00:28	16	1	1	0
     1537	2024-01-15 06:00:29	16	1	1	0
     1537	2024-01-15 06:00:30	16	1	1	0
     1537	2024-01-15 06:00:33	16	1	1	0
      975	2024-01-15 06:06:30	16	4	1	0
     2418	2024-01-15 06:34:40	16	0	1	0
      669	2024-01-15 06:49:24	16	0	1	0
     2114	2024-01-15 06:51:45	16	0	1	0
      425	2024-01-15 06:55:07	16	0	1	0
      425	2024-01-15 06:55:09	16	0	1	0
     1979	2024-01-15 07:00:08	16	0	1	0
     1979	2024-01-15 07:00:10	16	0	1	0
      592	2024-01-15 07:01:09	16	0	1	0
     1579	2024-01-15 07:13:12	16	0	1	0
     1579	2024-01-15 07:16:41	16	0	1	0
      967	2024-01-15 07:22:12	16	0	1	0
      967	2024-01-15 07:22:14	16	0	1	0
     2452	2024-01-15 07:24:16	16	0	1	0
     2452	2024-01-15 07:24:17	16	0	1	0
      387	2024-01-15 07:41:11	16	0	1	0
      770	2024-01-15 07:45:58	16	0	1	0
      770	2024-01-15 07:46:33	16	0	1	0
      857	2024-01-15 07:46:45	16	0	1	0
      857	2024-01-15 07:46:47	16	0	1	0
     1876	2024-01-15 07:54:21	16	0	1	0
     1876	2024-01-15 07:54:27	16	0	1	0
      249	2024-01-15 08:02:12	16	0	1	0
     1571	2024-01-15 08:04:38	16	0	1	0
     2685	2024-01-15 09:46:16	16	0	1	0
     1579	2024-01-15 12:11:41	16	1	1	0
     1579	2024-01-15 12:13:16	16	1	1	0
     1437	2024-01-15 12:16:58	16	0	1	0
     1437	2024-01-15 12:17:00	16	0	1	0
     1437	2024-01-15 12:17:02	16	0	1	0
      669	2024-01-15 12:26:01	16	1	1	0
     2114	2024-01-15 12:26:09	16	1	1	0
      770	2024-01-15 12:26:52	16	1	1	0
      770	2024-01-15 12:26:53	16	1	1	0
      387	2024-01-15 12:27:40	16	1	1	0
     2685	2024-01-15 12:28:46	16	1	1	0
      975	2024-01-15 12:30:14	16	5	1	0
     2452	2024-01-15 12:30:48	16	1	1	0
     2452	2024-01-15 12:30:50	16	1	1	0
      669	2024-01-15 12:31:19	16	0	1	0
      975	2024-01-15 12:31:42	16	4	1	0
     2114	2024-01-15 12:32:04	16	0	1	0
      770	2024-01-15 12:32:26	16	0	1	0
     2452	2024-01-15 12:33:02	16	0	1	0
     2452	2024-01-15 12:33:04	16	0	1	0
     1579	2024-01-15 12:33:11	16	0	1	0
     1579	2024-01-15 12:34:31	16	0	1	0
      857	2024-01-15 12:35:43	16	1	1	0
      857	2024-01-15 12:35:45	16	1	1	0
      249	2024-01-15 12:36:24	16	1	1	0
     2418	2024-01-15 12:36:32	16	1	1	0
     1876	2024-01-15 12:36:45	16	1	1	0
     1876	2024-01-15 12:36:47	16	1	1	0
      967	2024-01-15 12:37:18	16	1	1	0
      425	2024-01-15 12:37:25	16	1	1	0
      425	2024-01-15 12:37:27	16	1	1	0
      592	2024-01-15 12:37:51	16	1	1	0
     1571	2024-01-15 12:38:25	16	1	1	0
      425	2024-01-15 12:39:14	16	1	1	0
      425	2024-01-15 12:39:15	16	1	1	0
     1876	2024-01-15 12:39:57	16	0	1	0
     1876	2024-01-15 12:39:58	16	0	1	0
      425	2024-01-15 12:40:03	16	0	1	0
      425	2024-01-15 12:40:04	16	0	1	0
      249	2024-01-15 12:40:07	16	0	1	0
     2418	2024-01-15 12:40:17	16	0	1	0
      967	2024-01-15 12:40:24	16	0	1	0
      857	2024-01-15 12:40:32	16	0	1	0
      857	2024-01-15 12:40:33	16	0	1	0
      592	2024-01-15 12:40:47	16	0	1	0
     2685	2024-01-15 12:40:54	16	0	1	0
     2685	2024-01-15 12:40:55	16	0	1	0
     1571	2024-01-15 12:41:09	16	0	1	0
      387	2024-01-15 12:42:44	16	0	1	0
     1359	2024-01-15 13:39:14	16	0	1	0
     1359	2024-01-15 13:39:16	16	0	1	0
     1359	2024-01-15 13:39:18	16	0	1	0
     1440	2024-01-15 14:01:32	16	1	1	0
     1440	2024-01-15 14:01:34	16	1	1	0
     1440	2024-01-15 14:01:36	16	1	1	0
     2187	2024-01-15 14:03:36	16	1	1	0
     2187	2024-01-15 14:03:41	16	1	1	0
     2187	2024-01-15 14:03:44	16	1	1	0
      387	2024-01-15 17:00:30	16	1	1	0
     2685	2024-01-15 17:00:37	16	1	1	0
     2685	2024-01-15 17:00:38	16	1	1	0
     1579	2024-01-15 17:00:43	16	1	1	0
     1579	2024-01-15 17:00:44	16	1	1	0
     2418	2024-01-15 17:00:56	16	1	1	0
     1579	2024-01-15 17:01:44	16	1	1	0
     1579	2024-01-15 17:01:45	16	1	1	0
      425	2024-01-15 17:02:02	16	1	1	0
      425	2024-01-15 17:02:03	16	1	1	0
      967	2024-01-15 17:02:05	16	1	1	0
      967	2024-01-15 17:02:07	16	1	1	0
     2452	2024-01-15 17:03:05	16	1	1	0
     2452	2024-01-15 17:03:06	16	1	1	0
      249	2024-01-15 17:03:31	16	1	1	0
     1571	2024-01-15 17:03:40	16	1	1	0
      592	2024-01-15 17:03:46	16	1	1	0
      592	2024-01-15 17:03:48	16	1	1	0
     1876	2024-01-15 17:04:04	16	1	1	0
     1876	2024-01-15 17:04:14	16	1	1	0
     1876	2024-01-15 17:04:24	16	1	1	0
      857	2024-01-15 17:08:07	16	1	1	0
      857	2024-01-15 17:08:09	16	1	1	0
     2114	2024-01-15 17:08:35	16	1	1	0
      669	2024-01-15 17:09:54	16	1	1	0
     1979	2024-01-15 17:33:25	16	1	1	0
     1979	2024-01-15 17:33:27	16	1	1	0
     1606	2024-01-15 17:37:31	16	1	1	0
     1606	2024-01-15 17:37:37	16	1	1	0
     1606	2024-01-15 17:37:43	16	1	1	0
      975	2024-01-15 17:50:48	16	5	1	0
     1537	2024-01-15 20:46:13	16	0	1	0
     1537	2024-01-15 20:46:14	16	0	1	0
     1537	2024-01-15 20:46:16	16	0	1	0
     1552	2024-01-15 21:39:11	16	0	1	0
     1552	2024-01-15 21:39:15	16	0	1	0
     1552	2024-01-15 21:39:19	16	0	1	0
     1552	2024-01-15 21:39:30	16	0	1	0
     1359	2024-01-15 22:01:04	16	1	1	0
     1359	2024-01-15 22:01:05	16	1	1	0
     1359	2024-01-15 22:01:07	16	1	1	0
     1437	2024-01-15 22:01:15	16	1	1	0
     1437	2024-01-15 22:01:27	16	1	1	0
     1437	2024-01-15 22:01:29	16	1	1	0
     1437	2024-01-15 22:01:35	16	1	1	0
     1437	2024-01-15 22:01:36	16	1	1	0
     1437	2024-01-15 22:01:38	16	1	1	0
     1437	2024-01-15 22:01:40	16	1	1	0
     1440	2024-01-16 05:58:10	16	0	1	0
     1440	2024-01-16 05:58:12	16	0	1	0
     1440	2024-01-16 05:58:17	16	0	1	0
     2187	2024-01-16 05:58:48	16	0	1	0
     2187	2024-01-16 05:59:01	16	0	1	0
     2187	2024-01-16 05:59:05	16	0	1	0
     2187	2024-01-16 05:59:17	16	0	1	0
     1552	2024-01-16 06:00:04	16	1	1	0
     1552	2024-01-16 06:00:06	16	1	1	0
     1552	2024-01-16 06:00:09	16	1	1	0
     1552	2024-01-16 06:00:15	16	1	1	0
     1537	2024-01-16 06:03:39	16	1	1	0
     1537	2024-01-16 06:03:40	16	1	1	0
     1537	2024-01-16 06:03:42	16	1	1	0
     2871	2024-01-16 07:09:26	16	0	1	0
      967	2024-01-16 07:13:33	16	0	1	0
      967	2024-01-16 07:13:34	16	0	1	0
      857	2024-01-16 07:35:48	16	0	1	0
      857	2024-01-16 07:35:49	16	0	1	0
     2418	2024-01-16 07:49:07	16	0	1	0
     2452	2024-01-16 07:54:51	16	0	1	0
     2452	2024-01-16 07:54:52	16	0	1	0
     2264	2024-01-16 08:01:18	16	0	1	0
     2264	2024-01-16 08:01:20	16	0	1	0
     2114	2024-01-16 08:01:51	16	0	1	0
      770	2024-01-16 08:04:02	16	0	1	0
     1571	2024-01-16 08:24:06	16	0	1	0
     2452	2024-01-16 12:00:02	16	1	1	0
     2452	2024-01-16 12:00:04	16	1	1	0
      770	2024-01-16 12:00:38	16	1	1	0
     2114	2024-01-16 12:01:06	16	1	1	0
     2418	2024-01-16 12:29:33	16	1	1	0
     2871	2024-01-16 12:29:43	16	1	1	0
      857	2024-01-16 12:29:47	16	1	1	0
      857	2024-01-16 12:29:48	16	1	1	0
      967	2024-01-16 12:29:56	16	1	1	0
     1571	2024-01-16 12:30:23	16	1	1	0
     2264	2024-01-16 12:30:44	16	1	1	0
     2264	2024-01-16 12:30:45	16	1	1	0
     2418	2024-01-16 12:31:19	16	0	1	0
     2871	2024-01-16 12:31:28	16	0	1	0
      857	2024-01-16 12:31:35	16	0	1	0
      857	2024-01-16 12:31:36	16	0	1	0
      967	2024-01-16 12:31:42	16	0	1	0
     2264	2024-01-16 12:32:01	16	0	1	0
     2264	2024-01-16 12:32:02	16	0	1	0
     1571	2024-01-16 12:32:09	16	0	1	0
     2452	2024-01-16 12:32:16	16	0	1	0
     2452	2024-01-16 12:32:19	16	0	1	0
     2114	2024-01-16 12:34:18	16	0	1	0
     1606	2024-01-16 12:42:44	16	0	1	0
     1606	2024-01-16 12:42:48	16	0	1	0
     1606	2024-01-16 12:42:53	16	0	1	0
      770	2024-01-16 12:43:11	16	0	1	0
     1437	2024-01-16 13:01:23	16	0	1	0
     1437	2024-01-16 13:01:25	16	0	1	0
     1437	2024-01-16 13:01:26	16	0	1	0
     1440	2024-01-16 14:03:08	16	1	1	0
     1440	2024-01-16 14:03:09	16	1	1	0
     1440	2024-01-16 14:03:11	16	1	1	0
     2187	2024-01-16 14:05:23	16	1	1	0
     2187	2024-01-16 14:05:26	16	1	1	0
     2187	2024-01-16 14:05:30	16	1	1	0
      770	2024-01-16 17:00:01	16	1	1	0
      857	2024-01-16 17:01:22	16	1	1	0
      857	2024-01-16 17:01:23	16	1	1	0
     2114	2024-01-16 17:01:33	16	1	1	0
     2264	2024-01-16 17:01:44	16	1	1	0
     2264	2024-01-16 17:01:46	16	1	1	0
     2418	2024-01-16 17:02:12	16	1	1	0
     2871	2024-01-16 17:02:58	16	1	1	0
      967	2024-01-16 17:03:41	16	1	1	0
      967	2024-01-16 17:03:42	16	1	1	0
     1571	2024-01-16 17:03:48	16	1	1	0
     2452	2024-01-16 17:04:39	16	1	1	0
     2452	2024-01-16 17:04:40	16	1	1	0
     1979	2024-01-16 17:25:51	16	1	1	0
     1979	2024-01-16 17:25:53	16	1	1	0
     1537	2024-01-16 18:27:36	16	0	1	0
     1537	2024-01-16 18:27:38	16	0	1	0
     1537	2024-01-16 18:27:39	16	0	1	0
     1359	2024-01-16 18:44:37	16	0	1	0
     1359	2024-01-16 18:44:50	16	0	1	0
     1359	2024-01-16 18:44:51	16	0	1	0
     1606	2024-01-16 22:22:22	16	1	1	0
     1606	2024-01-16 22:22:24	16	1	1	0
     1606	2024-01-16 22:22:29	16	1	1	0
     1440	2024-01-17 05:43:36	16	0	1	0
     1440	2024-01-17 05:43:38	16	0	1	0
     1440	2024-01-17 05:43:40	16	0	1	0
     2187	2024-01-17 05:52:24	16	0	1	0
     2187	2024-01-17 05:52:27	16	0	1	0
     2187	2024-01-17 05:52:30	16	0	1	0
     1537	2024-01-17 06:01:05	16	1	1	0
     1537	2024-01-17 06:01:07	16	1	1	0
     1537	2024-01-17 06:01:08	16	1	1	0
     1359	2024-01-17 06:01:16	16	1	1	0
     1359	2024-01-17 06:01:19	16	1	1	0
     1359	2024-01-17 06:01:21	16	1	1	0
      592	2024-01-17 06:58:25	16	0	1	0
     1579	2024-01-17 07:00:35	16	0	1	0
     1579	2024-01-17 07:01:56	16	0	1	0
      967	2024-01-17 07:06:12	16	0	1	0
      967	2024-01-17 07:06:13	16	0	1	0
      967	2024-01-17 07:06:14	16	0	1	0
     2871	2024-01-17 07:12:53	16	0	1	0
      669	2024-01-17 07:19:24	16	0	1	0
     2114	2024-01-17 07:23:14	16	0	1	0
     2452	2024-01-17 07:27:03	16	0	1	0
     2452	2024-01-17 07:27:04	16	0	1	0
      770	2024-01-17 07:32:56	16	0	1	0
      770	2024-01-17 07:34:10	16	0	1	0
     2685	2024-01-17 07:47:10	16	0	1	0
     2418	2024-01-17 07:48:32	16	0	1	0
     1876	2024-01-17 07:55:17	16	0	1	0
     1876	2024-01-17 07:55:22	16	0	1	0
      249	2024-01-17 08:00:16	16	0	1	0
     2264	2024-01-17 08:00:38	16	0	1	0
     2264	2024-01-17 08:00:41	16	0	1	0
     2264	2024-01-17 08:00:42	16	0	1	0
      857	2024-01-17 08:01:13	16	0	1	0
      857	2024-01-17 08:01:14	16	0	1	0
     1571	2024-01-17 08:03:00	16	0	1	0
