     1561	2023-12-31 07:54:34	17	0	1	0
     1561	2023-12-31 07:54:36	17	0	1	0
     1561	2023-12-31 07:59:46	17	0	1	0
     1561	2023-12-31 16:05:04	17	1	1	0
     1561	2023-12-31 16:05:06	17	1	1	0
     1561	2024-01-01 07:50:21	17	0	1	0
     1561	2024-01-01 07:50:24	17	0	1	0
     1561	2024-01-01 16:04:04	17	1	1	0
     1561	2024-01-01 16:04:06	17	1	1	0
     2128	2024-01-02 05:38:28	17	0	1	0
     2128	2024-01-02 05:38:30	17	0	1	0
     1173	2024-01-02 06:07:42	17	0	1	0
     1173	2024-01-02 06:07:46	17	0	1	0
     1902	2024-01-02 06:47:28	17	0	1	0
     1902	2024-01-02 06:47:32	17	0	1	0
     2889	2024-01-02 07:20:02	17	0	1	0
     2889	2024-01-02 07:20:07	17	0	1	0
      149	2024-01-02 07:28:19	17	0	1	0
      149	2024-01-02 07:28:22	17	0	1	0
     2611	2024-01-02 07:29:38	17	0	1	0
     2611	2024-01-02 07:29:44	17	0	1	0
      952	2024-01-02 07:39:04	17	0	1	0
      382	2024-01-02 07:43:05	17	0	1	0
      701	2024-01-02 07:43:22	17	0	1	0
      701	2024-01-02 07:43:25	17	0	1	0
      718	2024-01-02 07:44:40	17	0	1	0
      734	2024-01-02 07:46:13	17	0	1	0
      734	2024-01-02 07:46:17	17	0	1	0
     2857	2024-01-02 07:49:20	17	0	1	0
      970	2024-01-02 07:50:30	17	0	1	0
      970	2024-01-02 07:50:36	17	0	1	0
     1651	2024-01-02 07:52:51	17	0	1	0
     1651	2024-01-02 07:52:54	17	0	1	0
      499	2024-01-02 07:54:02	17	0	1	0
      499	2024-01-02 07:54:26	17	0	1	0
     1035	2024-01-02 08:05:32	17	0	1	0
     1035	2024-01-02 08:05:41	17	0	1	0
     1984	2024-01-02 08:15:23	17	0	1	0
     1984	2024-01-02 08:15:26	17	0	1	0
     2897	2024-01-02 08:17:56	17	0	1	0
     1902	2024-01-02 12:00:30	17	1	1	0
      149	2024-01-02 12:00:39	17	1	1	0
     1035	2024-01-02 12:00:50	17	1	1	0
     2611	2024-01-02 12:01:09	17	1	1	0
     1173	2024-01-02 12:01:15	17	1	1	0
     1651	2024-01-02 12:01:22	17	1	1	0
     2857	2024-01-02 12:01:31	17	1	1	0
     2897	2024-01-02 12:01:51	17	1	1	0
     1902	2024-01-02 12:02:28	17	0	1	0
      149	2024-01-02 12:02:37	17	0	1	0
     2897	2024-01-02 12:03:05	17	0	1	0
     1651	2024-01-02 12:03:13	17	0	1	0
     2857	2024-01-02 12:03:18	17	0	1	0
     1173	2024-01-02 12:03:30	17	0	1	0
     1173	2024-01-02 12:03:31	17	0	1	0
     1648	2024-01-02 12:04:30	17	0	1	0
     1984	2024-01-02 12:05:13	17	1	1	0
      970	2024-01-02 12:05:20	17	1	1	0
      382	2024-01-02 12:06:57	17	1	1	0
     1035	2024-01-02 12:07:53	17	0	1	0
     2611	2024-01-02 12:08:06	17	0	1	0
      701	2024-01-02 12:09:53	17	1	1	0
     1984	2024-01-02 12:10:14	17	0	1	0
      382	2024-01-02 12:11:10	17	0	1	0
      734	2024-01-02 12:11:30	17	1	1	0
      499	2024-01-02 12:11:41	17	1	1	0
      718	2024-01-02 12:11:53	17	1	1	0
      499	2024-01-02 12:12:05	17	0	1	0
      970	2024-01-02 12:12:13	17	0	1	0
      701	2024-01-02 12:12:18	17	0	1	0
      734	2024-01-02 12:13:14	17	0	1	0
      952	2024-01-02 12:42:48	17	1	1	0
      718	2024-01-02 12:43:25	17	0	1	0
      952	2024-01-02 12:45:06	17	0	1	0
     2128	2024-01-02 12:53:59	17	1	1	0
     2128	2024-01-02 12:55:13	17	0	1	0
      499	2024-01-02 17:00:05	17	1	1	0
      149	2024-01-02 17:00:22	17	1	1	0
     2857	2024-01-02 17:00:27	17	1	1	0
     2897	2024-01-02 17:00:32	17	1	1	0
     2897	2024-01-02 17:00:34	17	1	1	0
     1902	2024-01-02 17:00:39	17	1	1	0
      734	2024-01-02 17:00:45	17	1	1	0
      734	2024-01-02 17:00:50	17	1	1	0
     2611	2024-01-02 17:00:55	17	1	1	0
     2611	2024-01-02 17:00:59	17	1	1	0
     1035	2024-01-02 17:01:17	17	1	1	0
     1035	2024-01-02 17:01:21	17	1	1	0
      952	2024-01-02 17:01:56	17	1	1	0
      701	2024-01-02 17:02:05	17	1	1	0
      701	2024-01-02 17:02:07	17	1	1	0
     1984	2024-01-02 17:02:13	17	1	1	0
     1984	2024-01-02 17:02:18	17	1	1	0
      970	2024-01-02 17:02:31	17	1	1	0
      970	2024-01-02 17:02:36	17	1	1	0
     1648	2024-01-02 17:02:57	17	1	1	0
      382	2024-01-02 17:03:21	17	1	1	0
     1651	2024-01-02 17:04:17	17	1	1	0
     1651	2024-01-02 17:04:20	17	1	1	0
     1173	2024-01-02 17:06:13	17	1	1	0
     1173	2024-01-02 17:06:15	17	1	1	0
      718	2024-01-02 17:07:51	17	1	1	0
     2889	2024-01-02 17:38:54	17	1	1	0
     2889	2024-01-02 17:38:58	17	1	1	0
     2128	2024-01-02 17:40:31	17	1	1	0
     2128	2024-01-02 17:40:33	17	1	1	0
     1902	2024-01-03 06:32:13	17	0	1	0
     1651	2024-01-03 06:58:03	17	0	1	0
     1651	2024-01-03 06:58:06	17	0	1	0
      408	2024-01-03 06:58:12	17	0	1	0
     2128	2024-01-03 07:08:38	17	0	1	0
     2128	2024-01-03 07:08:40	17	0	1	0
      734	2024-01-03 07:10:19	17	0	1	0
      734	2024-01-03 07:10:21	17	0	1	0
      952	2024-01-03 07:15:17	17	0	1	0
      952	2024-01-03 07:15:20	17	0	1	0
      149	2024-01-03 07:16:34	17	0	1	0
      149	2024-01-03 07:16:37	17	0	1	0
     2611	2024-01-03 07:25:12	17	0	1	0
     2611	2024-01-03 07:25:16	17	0	1	0
      717	2024-01-03 07:29:19	17	0	1	0
      717	2024-01-03 07:29:21	17	0	1	0
     1984	2024-01-03 07:30:20	17	0	1	0
     1984	2024-01-03 07:30:23	17	0	1	0
      970	2024-01-03 07:35:43	17	0	1	0
      970	2024-01-03 07:35:48	17	0	1	0
      718	2024-01-03 07:37:22	17	0	1	0
     1648	2024-01-03 07:42:26	17	0	1	0
      440	2024-01-03 07:43:24	17	0	1	0
      440	2024-01-03 07:43:25	17	0	1	0
     2857	2024-01-03 07:44:53	17	0	1	0
     1561	2024-01-03 07:47:14	17	0	1	0
     1561	2024-01-03 07:47:16	17	0	1	0
     1119	2024-01-03 07:49:50	17	0	1	0
     1119	2024-01-03 07:49:52	17	0	1	0
     2889	2024-01-03 07:50:08	17	0	1	0
     2889	2024-01-03 07:50:18	17	0	1	0
     2897	2024-01-03 07:51:40	17	0	1	0
     2897	2024-01-03 07:51:42	17	0	1	0
     1035	2024-01-03 07:53:16	17	0	1	0
     1035	2024-01-03 07:53:21	17	0	1	0
     1173	2024-01-03 07:56:04	17	0	1	0
      382	2024-01-03 07:56:46	17	0	1	0
      701	2024-01-03 07:56:57	17	0	1	0
      701	2024-01-03 07:56:59	17	0	1	0
     1120	2024-01-03 08:05:28	17	0	1	0
     1120	2024-01-03 08:05:30	17	0	1	0
      794	2024-01-03 08:41:35	17	0	1	0
     2857	2024-01-03 12:00:05	17	1	1	0
     2897	2024-01-03 12:00:10	17	1	1	0
      149	2024-01-03 12:00:23	17	1	1	0
     1902	2024-01-03 12:00:31	17	1	1	0
     1902	2024-01-03 12:00:49	17	1	1	0
     2128	2024-01-03 12:01:02	17	1	1	0
     1651	2024-01-03 12:01:20	17	1	1	0
     1902	2024-01-03 12:02:04	17	0	1	0
      149	2024-01-03 12:02:10	17	0	1	0
     2857	2024-01-03 12:02:23	17	0	1	0
      794	2024-01-03 12:02:57	17	0	1	0
      794	2024-01-03 12:03:01	17	0	1	0
     2128	2024-01-03 12:03:24	17	0	1	0
      382	2024-01-03 12:03:35	17	1	1	0
     1651	2024-01-03 12:04:07	17	0	1	0
     1651	2024-01-03 12:04:09	17	0	1	0
     1651	2024-01-03 12:04:13	17	0	1	0
     2889	2024-01-03 12:04:22	17	1	1	0
      408	2024-01-03 12:04:34	17	1	1	0
      382	2024-01-03 12:05:07	17	0	1	0
     1035	2024-01-03 12:05:15	17	1	1	0
     2611	2024-01-03 12:05:21	17	1	1	0
      701	2024-01-03 12:05:26	17	1	1	0
      701	2024-01-03 12:07:09	17	0	1	0
     2897	2024-01-03 12:08:45	17	0	1	0
      970	2024-01-03 12:09:15	17	1	1	0
      408	2024-01-03 12:09:29	17	0	1	0
      952	2024-01-03 12:09:40	17	0	1	0
      718	2024-01-03 12:10:06	17	1	1	0
     1119	2024-01-03 12:10:13	17	1	1	0
      717	2024-01-03 12:11:45	17	1	1	0
     1120	2024-01-03 12:11:53	17	1	1	0
      734	2024-01-03 12:11:58	17	1	1	0
     1119	2024-01-03 12:12:05	17	0	1	0
      440	2024-01-03 12:12:26	17	1	1	0
      952	2024-01-03 12:12:40	17	0	1	0
      952	2024-01-03 12:12:44	17	0	1	0
      734	2024-01-03 12:13:16	17	0	1	0
     1120	2024-01-03 12:13:23	17	0	1	0
      718	2024-01-03 12:14:17	17	0	1	0
      717	2024-01-03 12:14:23	17	0	1	0
      717	2024-01-03 12:14:25	17	0	1	0
     2889	2024-01-03 12:15:38	17	0	1	0
      440	2024-01-03 12:15:43	17	0	1	0
      970	2024-01-03 12:15:50	17	0	1	0
     1035	2024-01-03 12:16:02	17	0	1	0
     2611	2024-01-03 12:16:23	17	0	1	0
     1648	2024-01-03 12:29:08	17	1	1	0
     1173	2024-01-03 12:29:41	17	1	1	0
     1648	2024-01-03 12:30:11	17	0	1	0
     1173	2024-01-03 12:32:00	17	0	1	0
     1173	2024-01-03 12:32:02	17	0	1	0
      966	2024-01-03 12:32:54	17	0	1	0
      966	2024-01-03 12:32:56	17	0	1	0
      717	2024-01-03 12:36:28	17	0	1	0
      717	2024-01-03 12:36:29	17	0	1	0
     1561	2024-01-03 16:03:03	17	1	1	0
     1561	2024-01-03 16:03:06	17	1	1	0
     2128	2024-01-03 17:00:01	17	1	1	0
     2128	2024-01-03 17:00:04	17	1	1	0
      408	2024-01-03 17:00:07	17	1	1	0
      149	2024-01-03 17:00:12	17	1	1	0
     2897	2024-01-03 17:00:16	17	1	1	0
     2897	2024-01-03 17:00:18	17	1	1	0
     1120	2024-01-03 17:00:22	17	1	1	0
     1120	2024-01-03 17:00:24	17	1	1	0
      952	2024-01-03 17:00:29	17	1	1	0
     2857	2024-01-03 17:00:34	17	1	1	0
      717	2024-01-03 17:00:37	17	1	1	0
      717	2024-01-03 17:00:39	17	1	1	0
     1902	2024-01-03 17:00:43	17	1	1	0
      734	2024-01-03 17:00:47	17	1	1	0
      734	2024-01-03 17:00:50	17	1	1	0
      970	2024-01-03 17:00:55	17	1	1	0
      970	2024-01-03 17:01:00	17	1	1	0
     1035	2024-01-03 17:01:08	17	1	1	0
     1035	2024-01-03 17:01:15	17	1	1	0
     1648	2024-01-03 17:01:20	17	1	1	0
     2889	2024-01-03 17:01:26	17	1	1	0
     2889	2024-01-03 17:01:31	17	1	1	0
     1984	2024-01-03 17:01:35	17	1	1	0
     1984	2024-01-03 17:01:38	17	1	1	0
      701	2024-01-03 17:01:45	17	1	1	0
      701	2024-01-03 17:01:48	17	1	1	0
      382	2024-01-03 17:01:57	17	1	1	0
      966	2024-01-03 17:02:01	17	1	1	0
      718	2024-01-03 17:02:21	17	1	1	0
     1119	2024-01-03 17:03:03	17	1	1	0
     1119	2024-01-03 17:03:04	17	1	1	0
      440	2024-01-03 17:03:57	17	1	1	0
      440	2024-01-03 17:03:59	17	1	1	0
     1173	2024-01-03 17:06:48	17	0	1	0
     1173	2024-01-03 17:06:50	17	0	1	0
     2611	2024-01-03 17:08:48	17	1	1	0
     2611	2024-01-03 17:08:52	17	1	1	0
     1651	2024-01-03 17:30:49	17	1	1	0
     1651	2024-01-03 17:30:53	17	1	1	0
     1902	2024-01-04 06:56:04	17	0	1	0
     2128	2024-01-04 07:10:39	17	0	1	0
     2128	2024-01-04 07:10:41	17	0	1	0
     1651	2024-01-04 07:11:06	17	0	1	0
     1651	2024-01-04 07:11:08	17	0	1	0
     1651	2024-01-04 07:11:14	17	0	1	0
      952	2024-01-04 07:21:56	17	0	1	0
      734	2024-01-04 07:22:55	17	0	1	0
      734	2024-01-04 07:22:58	17	0	1	0
      149	2024-01-04 07:26:20	17	0	1	0
      149	2024-01-04 07:26:26	17	0	1	0
     2611	2024-01-04 07:30:35	17	0	1	0
     2611	2024-01-04 07:30:39	17	0	1	0
      408	2024-01-04 07:36:50	17	0	1	0
      970	2024-01-04 07:39:31	17	0	1	0
      970	2024-01-04 07:39:36	17	0	1	0
      718	2024-01-04 07:41:31	17	0	1	0
      440	2024-01-04 07:43:13	17	0	1	0
      440	2024-01-04 07:43:15	17	0	1	0
      499	2024-01-04 07:44:28	17	0	1	0
     2857	2024-01-04 07:47:16	17	0	1	0
     1648	2024-01-04 07:47:49	17	0	1	0
     1561	2024-01-04 07:50:15	17	0	1	0
     1561	2024-01-04 07:50:17	17	0	1	0
     1035	2024-01-04 07:52:59	17	0	1	0
     1035	2024-01-04 07:53:03	17	0	1	0
     2897	2024-01-04 07:53:38	17	0	1	0
     2897	2024-01-04 07:53:40	17	0	1	0
     1984	2024-01-04 07:56:15	17	0	1	0
     1984	2024-01-04 07:56:18	17	0	1	0
     2889	2024-01-04 07:57:38	17	0	1	0
     2889	2024-01-04 07:57:43	17	0	1	0
     1173	2024-01-04 07:58:58	17	0	1	0
     1173	2024-01-04 07:58:59	17	0	1	0
      382	2024-01-04 07:59:24	17	0	1	0
      701	2024-01-04 07:59:28	17	0	1	0
      701	2024-01-04 07:59:30	17	0	1	0
      717	2024-01-04 08:03:54	17	0	1	0
      717	2024-01-04 08:03:57	17	0	1	0
     1120	2024-01-04 08:13:18	17	0	1	0
     1120	2024-01-04 08:13:20	17	0	1	0
     1119	2024-01-04 08:19:26	17	0	1	0
     1119	2024-01-04 08:19:28	17	0	1	0
      794	2024-01-04 08:27:11	17	0	1	0
      966	2024-01-04 08:50:24	17	0	1	0
      966	2024-01-04 08:50:26	17	0	1	0
      952	2024-01-04 12:00:03	17	1	1	0
     1902	2024-01-04 12:00:08	17	1	1	0
     1651	2024-01-04 12:00:19	17	1	1	0
      440	2024-01-04 12:01:04	17	1	1	0
     1173	2024-01-04 12:01:09	17	1	1	0
     1120	2024-01-04 12:01:22	17	1	1	0
      952	2024-01-04 12:02:06	17	0	1	0
      952	2024-01-04 12:02:10	17	0	1	0
      408	2024-01-04 12:02:23	17	1	1	0
     1119	2024-01-04 12:02:33	17	1	1	0
     1902	2024-01-04 12:03:00	17	0	1	0
     2897	2024-01-04 12:03:18	17	1	1	0
     1651	2024-01-04 12:03:26	17	0	1	0
     1651	2024-01-04 12:03:29	17	0	1	0
     1120	2024-01-04 12:03:47	17	0	1	0
     1173	2024-01-04 12:04:04	17	0	1	0
     1173	2024-01-04 12:04:06	17	0	1	0
     1119	2024-01-04 12:04:14	17	0	1	0
      499	2024-01-04 12:04:27	17	1	1	0
     2128	2024-01-04 12:04:36	17	1	1	0
      149	2024-01-04 12:04:59	17	1	1	0
      499	2024-01-04 12:05:10	17	0	1	0
      499	2024-01-04 12:05:13	17	0	1	0
     2611	2024-01-04 12:05:25	17	1	1	0
      149	2024-01-04 12:06:05	17	0	1	0
     2128	2024-01-04 12:06:52	17	0	1	0
     2889	2024-01-04 12:06:58	17	1	1	0
      440	2024-01-04 12:07:19	17	0	1	0
     2857	2024-01-04 12:08:21	17	1	1	0
     1035	2024-01-04 12:08:32	17	1	1	0
      717	2024-01-04 12:08:52	17	1	1	0
      440	2024-01-04 12:09:31	17	0	1	0
     2857	2024-01-04 12:10:06	17	0	1	0
      717	2024-01-04 12:10:12	17	0	1	0
      717	2024-01-04 12:10:14	17	0	1	0
      970	2024-01-04 12:10:49	17	1	1	0
     1035	2024-01-04 12:11:11	17	0	1	0
     1984	2024-01-04 12:12:11	17	1	1	0
      970	2024-01-04 12:12:19	17	0	1	0
      408	2024-01-04 12:15:31	17	0	1	0
      734	2024-01-04 12:16:56	17	1	1	0
     1984	2024-01-04 12:20:01	17	0	1	0
      701	2024-01-04 12:20:08	17	1	1	0
      382	2024-01-04 12:20:22	17	1	1	0
      718	2024-01-04 12:21:32	17	1	1	0
      701	2024-01-04 12:22:09	17	0	1	0
     2897	2024-01-04 12:23:19	17	1	1	0
      734	2024-01-04 12:23:45	17	0	1	0
      382	2024-01-04 12:24:18	17	0	1	0
     2611	2024-01-04 12:26:15	17	0	1	0
      718	2024-01-04 12:26:22	17	0	1	0
     2897	2024-01-04 12:27:05	17	0	1	0
     1648	2024-01-04 12:27:57	17	1	1	0
     2889	2024-01-04 12:28:12	17	0	1	0
      734	2024-01-04 12:28:36	17	0	1	0
     1648	2024-01-04 12:29:45	17	0	1	0
      794	2024-01-04 12:50:38	17	1	1	0
      794	2024-01-04 12:52:17	17	0	1	0
      794	2024-01-04 12:52:20	17	0	1	0
     1561	2024-01-04 16:04:17	17	1	1	0
     1561	2024-01-04 16:04:19	17	1	1	0
      952	2024-01-04 17:00:03	17	1	1	0
      149	2024-01-04 17:00:08	17	1	1	0
     2128	2024-01-04 17:00:12	17	1	1	0
     2857	2024-01-04 17:00:16	17	1	1	0
     1902	2024-01-04 17:00:21	17	1	1	0
     2897	2024-01-04 17:00:29	17	1	1	0
     2897	2024-01-04 17:00:35	17	1	1	0
     2611	2024-01-04 17:00:43	17	1	1	0
     2611	2024-01-04 17:00:47	17	1	1	0
     1120	2024-01-04 17:00:51	17	1	1	0
     1120	2024-01-04 17:00:52	17	1	1	0
     1648	2024-01-04 17:01:00	17	1	1	0
     1119	2024-01-04 17:01:04	17	1	1	0
     1119	2024-01-04 17:01:08	17	1	1	0
      966	2024-01-04 17:01:12	17	1	1	0
      966	2024-01-04 17:01:14	17	1	1	0
     1984	2024-01-04 17:01:21	17	1	1	0
     1984	2024-01-04 17:01:24	17	1	1	0
      734	2024-01-04 17:01:28	17	1	1	0
      734	2024-01-04 17:01:30	17	1	1	0
      717	2024-01-04 17:01:34	17	1	1	0
      717	2024-01-04 17:01:36	17	1	1	0
     2889	2024-01-04 17:01:42	17	1	1	0
     2889	2024-01-04 17:01:46	17	1	1	0
      701	2024-01-04 17:01:50	17	1	1	0
      701	2024-01-04 17:01:53	17	1	1	0
      382	2024-01-04 17:01:57	17	1	1	0
     1651	2024-01-04 17:02:06	17	1	1	0
     1651	2024-01-04 17:02:09	17	1	1	0
      499	2024-01-04 17:02:15	17	1	1	0
      440	2024-01-04 17:02:24	17	1	1	0
      440	2024-01-04 17:02:25	17	1	1	0
     1035	2024-01-04 17:02:35	17	1	1	0
     1035	2024-01-04 17:02:39	17	1	1	0
      970	2024-01-04 17:02:51	17	1	1	0
      970	2024-01-04 17:02:57	17	1	1	0
      718	2024-01-04 17:05:19	17	1	1	0
      408	2024-01-04 17:09:58	17	1	1	0
     1173	2024-01-04 17:11:29	17	1	1	0
     1173	2024-01-04 17:11:31	17	1	1	0
     1173	2024-01-04 17:12:06	17	0	1	0
     1902	2024-01-05 06:00:23	17	0	1	0
     1651	2024-01-05 06:56:15	17	0	1	0
     1651	2024-01-05 06:56:18	17	0	1	0
      952	2024-01-05 07:11:20	17	0	1	0
     2128	2024-01-05 07:15:56	17	0	1	0
      149	2024-01-05 07:22:00	17	0	1	0
      408	2024-01-05 07:22:56	17	0	1	0
      440	2024-01-05 07:23:52	17	0	1	0
      440	2024-01-05 07:23:56	17	0	1	0
      149	2024-01-05 07:27:51	17	0	1	0
      734	2024-01-05 07:31:31	17	0	1	0
      734	2024-01-05 07:31:33	17	0	1	0
     2889	2024-01-05 07:34:25	17	0	1	0
     2889	2024-01-05 07:34:41	17	0	1	0
     2611	2024-01-05 07:36:54	17	0	1	0
     2611	2024-01-05 07:36:58	17	0	1	0
      970	2024-01-05 07:37:40	17	0	1	0
      970	2024-01-05 07:37:45	17	0	1	0
     1035	2024-01-05 07:46:10	17	0	1	0
     1035	2024-01-05 07:46:14	17	0	1	0
      499	2024-01-05 07:50:17	17	0	1	0
     2857	2024-01-05 07:50:24	17	0	1	0
     1648	2024-01-05 07:51:36	17	0	1	0
     1561	2024-01-05 07:51:51	17	0	1	0
     1561	2024-01-05 07:51:53	17	0	1	0
      717	2024-01-05 07:52:06	17	0	1	0
      717	2024-01-05 07:52:08	17	0	1	0
     2897	2024-01-05 07:56:36	17	0	1	0
     2897	2024-01-05 07:56:39	17	0	1	0
     1984	2024-01-05 07:58:39	17	0	1	0
     1984	2024-01-05 07:58:42	17	0	1	0
     1119	2024-01-05 08:00:12	17	0	1	0
     1119	2024-01-05 08:00:14	17	0	1	0
      718	2024-01-05 08:01:38	17	0	1	0
      382	2024-01-05 08:01:44	17	0	1	0
      701	2024-01-05 08:01:57	17	0	1	0
      701	2024-01-05 08:02:00	17	0	1	0
     1173	2024-01-05 08:02:07	17	0	1	0
     1173	2024-01-05 08:02:10	17	0	1	0
     1120	2024-01-05 08:02:46	17	0	1	0
     1120	2024-01-05 08:02:48	17	0	1	0
      794	2024-01-05 08:30:02	17	0	1	0
      966	2024-01-05 08:35:26	17	0	1	0
      966	2024-01-05 08:35:28	17	0	1	0
     1902	2024-01-05 12:00:05	17	1	1	0
      149	2024-01-05 12:00:10	17	1	1	0
     2128	2024-01-05 12:00:16	17	1	1	0
     2857	2024-01-05 12:00:22	17	1	1	0
     2611	2024-01-05 12:00:34	17	1	1	0
     1173	2024-01-05 12:01:20	17	1	1	0
      794	2024-01-05 12:01:55	17	1	1	0
      408	2024-01-05 12:02:01	17	1	1	0
     2857	2024-01-05 12:02:08	17	0	1	0
      149	2024-01-05 12:02:15	17	0	1	0
     2128	2024-01-05 12:02:49	17	0	1	0
      499	2024-01-05 12:03:26	17	1	1	0
      717	2024-01-05 12:03:32	17	1	1	0
      717	2024-01-05 12:03:34	17	1	1	0
      794	2024-01-05 12:04:26	17	0	1	0
      794	2024-01-05 12:04:30	17	0	1	0
      440	2024-01-05 12:04:55	17	1	1	0
      408	2024-01-05 12:05:08	17	0	1	0
      717	2024-01-05 12:05:12	17	0	1	0
      717	2024-01-05 12:05:13	17	0	1	0
      499	2024-01-05 12:05:18	17	0	1	0
     1173	2024-01-05 12:05:24	17	0	1	0
     1173	2024-01-05 12:05:26	17	0	1	0
      440	2024-01-05 12:06:14	17	0	1	0
     1119	2024-01-05 12:06:43	17	1	1	0
     1120	2024-01-05 12:07:50	17	1	1	0
     1651	2024-01-05 12:08:04	17	1	1	0
      382	2024-01-05 12:08:13	17	1	1	0
      734	2024-01-05 12:08:25	17	1	1	0
     1984	2024-01-05 12:08:29	17	1	1	0
     1902	2024-01-05 12:08:36	17	0	1	0
      952	2024-01-05 12:08:45	17	1	1	0
     1648	2024-01-05 12:09:02	17	1	1	0
      970	2024-01-05 12:09:19	17	1	1	0
     1120	2024-01-05 12:09:50	17	0	1	0
     1119	2024-01-05 12:10:02	17	0	1	0
     1648	2024-01-05 12:10:31	17	0	1	0
     1651	2024-01-05 12:10:42	17	0	1	0
      734	2024-01-05 12:11:04	17	0	1	0
      970	2024-01-05 12:11:19	17	0	1	0
      382	2024-01-05 12:11:28	17	0	1	0
     2897	2024-01-05 12:11:49	17	1	1	0
     1984	2024-01-05 12:12:08	17	1	1	0
     1984	2024-01-05 12:12:12	17	0	1	0
      952	2024-01-05 12:13:03	17	0	1	0
     2611	2024-01-05 12:13:12	17	0	1	0
     2897	2024-01-05 12:15:07	17	0	1	0
      966	2024-01-05 12:33:51	17	1	1	0
      966	2024-01-05 12:34:08	17	0	1	0
      966	2024-01-05 12:34:10	17	0	1	0
      701	2024-01-05 13:00:22	17	1	1	0
      701	2024-01-05 13:02:03	17	0	1	0
     1561	2024-01-05 16:02:44	17	1	1	0
     1561	2024-01-05 16:02:46	17	1	1	0
     1120	2024-01-05 17:00:02	17	1	1	0
     1120	2024-01-05 17:00:04	17	1	1	0
      149	2024-01-05 17:00:10	17	1	1	0
      952	2024-01-05 17:00:18	17	1	1	0
     1902	2024-01-05 17:00:22	17	1	1	0
     2128	2024-01-05 17:00:26	17	1	1	0
     2857	2024-01-05 17:00:29	17	1	1	0
      717	2024-01-05 17:00:34	17	1	1	0
      717	2024-01-05 17:00:36	17	1	1	0
     2897	2024-01-05 17:00:40	17	0	1	0
     2897	2024-01-05 17:00:45	17	1	1	0
     2897	2024-01-05 17:00:47	17	1	1	0
     1648	2024-01-05 17:00:54	17	1	1	0
     2889	2024-01-05 17:01:03	17	1	1	0
     2889	2024-01-05 17:01:08	17	1	1	0
     1035	2024-01-05 17:01:21	17	1	1	0
     1035	2024-01-05 17:01:26	17	1	1	0
      734	2024-01-05 17:01:30	17	1	1	0
      734	2024-01-05 17:01:32	17	1	1	0
      966	2024-01-05 17:01:36	17	1	1	0
      966	2024-01-05 17:01:37	17	1	1	0
      499	2024-01-05 17:01:40	17	1	1	0
     1984	2024-01-05 17:01:44	17	1	1	0
     1984	2024-01-05 17:01:47	17	1	1	0
     1119	2024-01-05 17:01:53	17	1	1	0
     1119	2024-01-05 17:01:55	17	1	1	0
     2611	2024-01-05 17:02:02	17	1	1	0
     2611	2024-01-05 17:02:06	17	1	1	0
     1651	2024-01-05 17:02:13	17	1	1	0
     1651	2024-01-05 17:02:16	17	1	1	0
      970	2024-01-05 17:02:24	17	1	1	0
      970	2024-01-05 17:02:35	17	1	1	0
      970	2024-01-05 17:02:40	17	1	1	0
      382	2024-01-05 17:02:46	17	1	1	0
      440	2024-01-05 17:03:04	17	1	1	0
      440	2024-01-05 17:03:06	17	1	1	0
      701	2024-01-05 17:03:15	17	1	1	0
      701	2024-01-05 17:03:18	17	1	1	0
     1173	2024-01-05 17:10:21	17	1	1	0
     1173	2024-01-05 17:10:23	17	1	1	0
      408	2024-01-05 17:12:28	17	1	1	0
      794	2024-01-05 17:50:10	17	1	1	0
      718	2024-01-05 18:13:59	17	1	1	0
     1561	2024-01-06 07:52:20	17	0	1	0
     1561	2024-01-06 07:52:22	17	0	1	0
     1561	2024-01-06 16:05:39	17	1	1	0
     1561	2024-01-06 16:05:41	17	1	1	0
     1561	2024-01-07 07:52:07	17	0	1	0
     1561	2024-01-07 07:52:09	17	0	1	0
     1561	2024-01-07 16:18:26	17	1	1	0
     1561	2024-01-07 16:18:28	17	1	1	0
     1902	2024-01-08 06:20:15	17	0	1	0
     1173	2024-01-08 06:30:45	17	0	1	0
     1173	2024-01-08 06:30:47	17	0	1	0
     1651	2024-01-08 07:04:03	17	0	1	0
     1651	2024-01-08 07:04:06	17	0	1	0
      149	2024-01-08 07:15:45	17	0	1	0
      734	2024-01-08 07:17:45	17	0	1	0
      734	2024-01-08 07:17:47	17	0	1	0
     2128	2024-01-08 07:20:59	17	0	1	0
     2128	2024-01-08 07:21:01	17	0	1	0
      499	2024-01-08 07:21:20	17	0	1	0
      499	2024-01-08 07:21:22	17	0	1	0
      408	2024-01-08 07:23:47	17	0	1	0
     2611	2024-01-08 07:27:15	17	0	1	0
     2611	2024-01-08 07:27:19	17	0	1	0
      952	2024-01-08 07:27:38	17	0	1	0
      440	2024-01-08 07:34:16	17	0	1	0
      440	2024-01-08 07:34:18	17	0	1	0
     2889	2024-01-08 07:34:28	17	0	1	0
     2889	2024-01-08 07:34:38	17	0	1	0
     1648	2024-01-08 07:46:39	17	0	1	0
     1648	2024-01-08 07:47:26	17	1	1	0
      970	2024-01-08 07:47:47	17	0	1	0
      970	2024-01-08 07:47:53	17	0	1	0
     1984	2024-01-08 07:49:02	17	0	1	0
     1984	2024-01-08 07:49:05	17	0	1	0
     1984	2024-01-08 07:49:20	17	0	1	0
     1561	2024-01-08 07:49:30	17	0	1	0
     1561	2024-01-08 07:49:32	17	0	1	0
     2857	2024-01-08 07:52:10	17	0	1	0
     1035	2024-01-08 07:54:53	17	0	1	0
     1035	2024-01-08 07:54:57	17	0	1	0
     2897	2024-01-08 07:56:47	17	0	1	0
     2897	2024-01-08 07:56:51	17	0	1	0
      382	2024-01-08 07:57:41	17	0	1	0
     1120	2024-01-08 08:09:33	17	0	1	0
     1120	2024-01-08 08:09:35	17	0	1	0
      794	2024-01-08 08:15:58	17	0	1	0
     2046	2024-01-08 08:25:09	17	0	1	0
     2046	2024-01-08 08:25:11	17	0	1	0
      717	2024-01-08 08:26:57	17	0	1	0
      717	2024-01-08 08:26:59	17	0	1	0
      966	2024-01-08 08:41:04	17	0	1	0
      966	2024-01-08 08:41:05	17	0	1	0
      440	2024-01-08 12:00:03	17	1	1	0
      149	2024-01-08 12:00:09	17	1	1	0
      499	2024-01-08 12:00:15	17	1	1	0
      952	2024-01-08 12:00:30	17	1	1	0
     2611	2024-01-08 12:00:39	17	1	1	0
      794	2024-01-08 12:00:57	17	1	1	0
     2897	2024-01-08 12:01:04	17	1	1	0
      499	2024-01-08 12:01:19	17	0	1	0
     2857	2024-01-08 12:01:28	17	1	1	0
     1984	2024-01-08 12:01:38	17	1	1	0
     1902	2024-01-08 12:01:55	17	1	1	0
     2046	2024-01-08 12:02:03	17	0	1	0
      149	2024-01-08 12:02:15	17	0	1	0
     1173	2024-01-08 12:02:42	17	1	1	0
     2857	2024-01-08 12:03:03	17	0	1	0
     1651	2024-01-08 12:03:10	17	1	1	0
      794	2024-01-08 12:03:20	17	0	1	0
      794	2024-01-08 12:03:24	17	0	1	0
     1902	2024-01-08 12:03:43	17	0	1	0
     1984	2024-01-08 12:04:02	17	0	1	0
     2046	2024-01-08 12:04:06	17	0	1	0
     1173	2024-01-08 12:04:19	17	0	1	0
     1173	2024-01-08 12:04:20	17	0	1	0
     1648	2024-01-08 12:04:27	17	1	1	0
      382	2024-01-08 12:04:39	17	1	1	0
      734	2024-01-08 12:05:54	17	1	1	0
      382	2024-01-08 12:06:08	17	0	1	0
     1648	2024-01-08 12:06:31	17	0	1	0
     1651	2024-01-08 12:06:50	17	0	1	0
     1651	2024-01-08 12:06:53	17	0	1	0
     1120	2024-01-08 12:07:04	17	1	1	0
      440	2024-01-08 12:07:26	17	0	1	0
      734	2024-01-08 12:07:46	17	0	1	0
      970	2024-01-08 12:08:32	17	1	1	0
     1120	2024-01-08 12:08:50	17	0	1	0
      970	2024-01-08 12:10:25	17	0	1	0
      952	2024-01-08 12:11:04	17	0	1	0
      408	2024-01-08 12:11:12	17	1	1	0
     2611	2024-01-08 12:11:35	17	0	1	0
      408	2024-01-08 12:13:31	17	0	1	0
     2897	2024-01-08 12:21:44	17	0	1	0
      717	2024-01-08 12:57:29	17	1	1	0
      717	2024-01-08 12:57:31	17	1	1	0
      966	2024-01-08 12:57:40	17	1	1	0
      717	2024-01-08 12:58:04	17	0	1	0
      717	2024-01-08 12:58:06	17	0	1	0
      966	2024-01-08 12:58:24	17	0	1	0
      966	2024-01-08 12:58:26	17	0	1	0
     1561	2024-01-08 16:07:18	17	1	1	0
     1561	2024-01-08 16:07:20	17	1	1	0
     1120	2024-01-08 17:00:02	17	0	1	0
     1120	2024-01-08 17:00:04	17	0	1	0
      966	2024-01-08 17:00:10	17	1	1	0
      966	2024-01-08 17:00:11	17	1	1	0
     2897	2024-01-08 17:00:14	17	1	1	0
     2897	2024-01-08 17:00:16	17	1	1	0
     2857	2024-01-08 17:00:20	17	1	1	0
      952	2024-01-08 17:00:31	17	1	1	0
     1902	2024-01-08 17:00:35	17	1	1	0
     1902	2024-01-08 17:00:43	17	1	1	0
      970	2024-01-08 17:00:48	17	1	1	0
      382	2024-01-08 17:00:53	17	1	1	0
      382	2024-01-08 17:00:57	17	1	1	0
      734	2024-01-08 17:01:02	17	1	1	0
      734	2024-01-08 17:01:05	17	1	1	0
      499	2024-01-08 17:01:09	17	1	1	0
      717	2024-01-08 17:01:14	17	1	1	0
      717	2024-01-08 17:01:17	17	1	1	0
     2889	2024-01-08 17:01:28	17	1	1	0
     2889	2024-01-08 17:01:34	17	1	1	0
     1651	2024-01-08 17:01:43	17	1	1	0
     1651	2024-01-08 17:01:46	17	1	1	0
      440	2024-01-08 17:02:01	17	1	1	0
      440	2024-01-08 17:02:03	17	1	1	0
     2046	2024-01-08 17:02:07	17	1	1	0
      149	2024-01-08 17:02:16	17	1	1	0
     1648	2024-01-08 17:02:21	17	1	1	0
     2128	2024-01-08 17:03:03	17	1	1	0
     2128	2024-01-08 17:03:05	17	1	1	0
     2611	2024-01-08 17:04:36	17	1	1	0
     2611	2024-01-08 17:04:40	17	1	1	0
     1984	2024-01-08 17:05:47	17	1	1	0
     1984	2024-01-08 17:05:50	17	1	1	0
     1035	2024-01-08 17:10:28	17	1	1	0
     1035	2024-01-08 17:10:31	17	1	1	0
      408	2024-01-08 17:11:16	17	1	1	0
     1173	2024-01-08 17:11:21	17	1	1	0
     1173	2024-01-08 17:11:22	17	1	1	0
      794	2024-01-08 18:39:03	17	1	1	0
      794	2024-01-08 18:39:06	17	1	1	0
     2046	2024-01-09 05:56:29	17	0	1	0
     2046	2024-01-09 05:56:30	17	0	1	0
     1902	2024-01-09 06:25:22	17	0	1	0
      952	2024-01-09 07:21:42	17	0	1	0
      952	2024-01-09 07:21:45	17	0	1	0
     1651	2024-01-09 07:23:50	17	0	1	0
     1651	2024-01-09 07:23:53	17	0	1	0
      734	2024-01-09 07:24:12	17	0	1	0
      734	2024-01-09 07:24:15	17	0	1	0
      718	2024-01-09 07:25:19	17	0	1	0
     2128	2024-01-09 07:25:31	17	0	1	0
     2128	2024-01-09 07:25:34	17	0	1	0
      440	2024-01-09 07:28:03	17	0	1	0
      408	2024-01-09 07:35:25	17	0	1	0
     2611	2024-01-09 07:39:23	17	0	1	0
     2611	2024-01-09 07:39:28	17	0	1	0
     2857	2024-01-09 07:45:15	17	0	1	0
      149	2024-01-09 07:46:43	17	0	1	0
      970	2024-01-09 07:47:53	17	0	1	0
      970	2024-01-09 07:47:57	17	0	1	0
     2889	2024-01-09 07:48:20	17	0	1	0
     2889	2024-01-09 07:48:26	17	0	1	0
     1119	2024-01-09 07:49:10	17	0	1	0
     1119	2024-01-09 07:49:12	17	0	1	0
      382	2024-01-09 07:54:58	17	0	1	0
     1173	2024-01-09 07:59:06	17	0	1	0
     1173	2024-01-09 07:59:07	17	0	1	0
     1120	2024-01-09 08:00:14	17	0	1	0
     1120	2024-01-09 08:00:16	17	0	1	0
      717	2024-01-09 08:00:39	17	0	1	0
      717	2024-01-09 08:00:41	17	0	1	0
     2897	2024-01-09 08:06:15	17	0	1	0
     2897	2024-01-09 08:06:20	17	0	1	0
     1035	2024-01-09 08:07:13	17	0	1	0
     1035	2024-01-09 08:07:17	17	0	1	0
     1984	2024-01-09 08:28:21	17	0	1	0
     1984	2024-01-09 08:28:24	17	0	1	0
     1648	2024-01-09 08:37:58	17	0	1	0
      794	2024-01-09 08:43:44	17	0	1	0
      966	2024-01-09 08:46:16	17	0	1	0
      966	2024-01-09 08:46:18	17	0	1	0
      440	2024-01-09 12:00:06	17	1	1	0
     2857	2024-01-09 12:00:16	17	1	1	0
     2897	2024-01-09 12:00:21	17	1	1	0
     1902	2024-01-09 12:00:27	17	1	1	0
     2611	2024-01-09 12:00:36	17	1	1	0
      149	2024-01-09 12:00:40	17	1	1	0
     1651	2024-01-09 12:01:05	17	1	1	0
     2889	2024-01-09 12:01:16	17	1	1	0
     1035	2024-01-09 12:01:56	17	1	1	0
     2857	2024-01-09 12:02:05	17	0	1	0
     1173	2024-01-09 12:02:10	17	1	1	0
      149	2024-01-09 12:02:19	17	0	1	0
     1902	2024-01-09 12:02:24	17	0	1	0
     1651	2024-01-09 12:03:16	17	0	1	0
     1651	2024-01-09 12:03:19	17	0	1	0
     1984	2024-01-09 12:03:36	17	1	1	0
      382	2024-01-09 12:03:42	17	1	1	0
      718	2024-01-09 12:04:11	17	1	1	0
     1173	2024-01-09 12:04:19	17	0	1	0
     1173	2024-01-09 12:04:22	17	0	1	0
      408	2024-01-09 12:04:29	17	1	1	0
      952	2024-01-09 12:04:59	17	1	1	0
      794	2024-01-09 12:05:18	17	1	1	0
      440	2024-01-09 12:06:46	17	0	1	0
      382	2024-01-09 12:06:53	17	0	1	0
     1984	2024-01-09 12:07:12	17	0	1	0
      718	2024-01-09 12:07:31	17	0	1	0
     2889	2024-01-09 12:07:42	17	0	1	0
      952	2024-01-09 12:07:48	17	0	1	0
     2611	2024-01-09 12:07:56	17	0	1	0
      794	2024-01-09 12:08:47	17	0	1	0
      794	2024-01-09 12:08:51	17	0	1	0
     1119	2024-01-09 12:09:12	17	1	1	0
     1035	2024-01-09 12:09:29	17	0	1	0
     1119	2024-01-09 12:10:23	17	0	1	0
      734	2024-01-09 12:11:11	17	1	1	0
     1120	2024-01-09 12:11:47	17	1	1	0
      734	2024-01-09 12:12:05	17	0	1	0
     2897	2024-01-09 12:12:30	17	0	1	0
      408	2024-01-09 12:16:17	17	0	1	0
      966	2024-01-09 12:16:39	17	1	1	0
     1120	2024-01-09 12:17:18	17	0	1	0
      966	2024-01-09 12:21:33	17	0	1	0
      966	2024-01-09 12:21:34	17	0	1	0
     1648	2024-01-09 12:34:19	17	1	1	0
     1648	2024-01-09 12:35:07	17	0	1	0
      734	2024-01-09 17:00:02	17	1	1	0
      734	2024-01-09 17:00:05	17	1	1	0
     2857	2024-01-09 17:00:09	17	1	1	0
     2897	2024-01-09 17:00:12	17	1	1	0
     2897	2024-01-09 17:00:14	17	1	1	0
      149	2024-01-09 17:00:18	17	1	1	0
     1902	2024-01-09 17:00:22	17	1	1	0
      952	2024-01-09 17:00:32	17	1	1	0
     2611	2024-01-09 17:00:40	17	1	1	0
     2611	2024-01-09 17:00:44	17	1	1	0
     2128	2024-01-09 17:00:48	17	1	1	0
     2128	2024-01-09 17:00:51	17	1	1	0
     1120	2024-01-09 17:00:57	17	1	1	0
     1120	2024-01-09 17:00:58	17	1	1	0
      970	2024-01-09 17:01:15	17	1	1	0
      970	2024-01-09 17:01:20	17	1	1	0
     2889	2024-01-09 17:01:25	17	1	1	0
     2889	2024-01-09 17:01:31	17	1	1	0
      717	2024-01-09 17:01:35	17	1	1	0
      717	2024-01-09 17:01:37	17	1	1	0
     1648	2024-01-09 17:01:41	17	1	1	0
     1035	2024-01-09 17:01:49	17	1	1	0
     1035	2024-01-09 17:01:53	17	1	1	0
     1984	2024-01-09 17:02:23	17	1	1	0
     1984	2024-01-09 17:02:27	17	1	1	0
      382	2024-01-09 17:03:09	17	1	1	0
      440	2024-01-09 17:03:32	17	1	1	0
      440	2024-01-09 17:03:34	17	1	1	0
      718	2024-01-09 17:04:09	17	1	1	0
     1119	2024-01-09 17:04:40	17	1	1	0
     1119	2024-01-09 17:09:57	17	1	1	0
     1173	2024-01-09 17:15:31	17	1	1	0
     1173	2024-01-09 17:15:32	17	1	1	0
      408	2024-01-09 17:16:07	17	1	1	0
     2046	2024-01-09 17:26:35	17	1	1	0
     2046	2024-01-09 17:26:36	17	1	1	0
     1651	2024-01-09 17:43:33	17	1	1	0
     1651	2024-01-09 17:43:37	17	1	1	0
     1902	2024-01-10 06:21:51	17	0	1	0
     1651	2024-01-10 07:06:03	17	0	1	0
     1651	2024-01-10 07:06:07	17	0	1	0
      408	2024-01-10 07:11:09	17	0	1	0
      952	2024-01-10 07:11:48	17	0	1	0
      734	2024-01-10 07:15:11	17	0	1	0
      734	2024-01-10 07:15:15	17	0	1	0
      149	2024-01-10 07:16:09	17	0	1	0
     2046	2024-01-10 07:17:43	17	0	1	0
      440	2024-01-10 07:20:25	17	0	1	0
      440	2024-01-10 07:20:27	17	0	1	0
     2128	2024-01-10 07:28:31	17	0	1	0
     2128	2024-01-10 07:28:33	17	0	1	0
      718	2024-01-10 07:35:25	17	1	1	0
     2611	2024-01-10 07:36:12	17	0	1	0
     2611	2024-01-10 07:36:16	17	0	1	0
     1648	2024-01-10 07:42:20	17	1	1	0
     1648	2024-01-10 07:43:11	17	0	1	0
     2128	2024-01-10 07:46:22	17	0	1	0
     2857	2024-01-10 07:51:19	17	0	1	0
      970	2024-01-10 07:51:50	17	0	1	0
      970	2024-01-10 07:51:56	17	0	1	0
      382	2024-01-10 07:52:05	17	0	1	0
     1561	2024-01-10 07:52:16	17	0	1	0
     1561	2024-01-10 07:52:19	17	0	1	0
     2889	2024-01-10 07:55:10	17	0	1	0
     2889	2024-01-10 07:55:16	17	0	1	0
     2897	2024-01-10 07:55:59	17	0	1	0
     2897	2024-01-10 07:56:01	17	0	1	0
     1120	2024-01-10 07:57:18	17	0	1	0
     1120	2024-01-10 07:57:20	17	0	1	0
      794	2024-01-10 07:58:03	17	0	1	0
      794	2024-01-10 07:58:06	17	0	1	0
     1984	2024-01-10 07:58:10	17	0	1	0
     1984	2024-01-10 07:58:13	17	0	1	0
     1173	2024-01-10 08:00:16	17	0	1	0
     1173	2024-01-10 08:00:18	17	0	1	0
     1119	2024-01-10 08:00:30	17	0	1	0
     1119	2024-01-10 08:00:32	17	0	1	0
      717	2024-01-10 08:00:41	17	0	1	0
      717	2024-01-10 08:00:44	17	0	1	0
      499	2024-01-10 08:05:22	17	0	1	0
     1035	2024-01-10 08:07:52	17	0	1	0
     1035	2024-01-10 08:07:58	17	0	1	0
      966	2024-01-10 08:40:24	17	0	1	0
      966	2024-01-10 08:40:26	17	0	1	0
      408	2024-01-10 12:00:06	17	1	1	0
     1173	2024-01-10 12:00:10	17	1	1	0
      734	2024-01-10 12:00:25	17	1	1	0
      149	2024-01-10 12:00:33	17	1	1	0
     2897	2024-01-10 12:01:18	17	1	1	0
     1120	2024-01-10 12:01:41	17	1	1	0
     2857	2024-01-10 12:02:02	17	1	1	0
     1120	2024-01-10 12:02:08	17	0	1	0
      149	2024-01-10 12:02:12	17	0	1	0
     2889	2024-01-10 12:02:20	17	1	1	0
     2046	2024-01-10 12:02:23	17	1	1	0
     2611	2024-01-10 12:02:31	17	1	1	0
      408	2024-01-10 12:03:07	17	0	1	0
     1902	2024-01-10 12:03:28	17	1	1	0
     2857	2024-01-10 12:04:03	17	0	1	0
      499	2024-01-10 12:04:07	17	0	1	0
      499	2024-01-10 12:04:12	17	1	1	0
     2046	2024-01-10 12:04:21	17	0	1	0
     1035	2024-01-10 12:04:31	17	1	1	0
     1173	2024-01-10 12:04:56	17	0	1	0
     1173	2024-01-10 12:04:59	17	0	1	0
     1902	2024-01-10 12:05:05	17	0	1	0
      794	2024-01-10 12:05:43	17	1	1	0
      440	2024-01-10 12:06:18	17	1	1	0
      970	2024-01-10 12:06:27	17	1	1	0
     1984	2024-01-10 12:07:14	17	1	1	0
      970	2024-01-10 12:08:04	17	0	1	0
     1984	2024-01-10 12:09:02	17	0	1	0
      794	2024-01-10 12:09:10	17	0	1	0
      794	2024-01-10 12:09:15	17	0	1	0
      499	2024-01-10 12:09:38	17	0	1	0
      952	2024-01-10 12:09:52	17	1	1	0
      952	2024-01-10 12:11:05	17	0	1	0
      717	2024-01-10 12:12:25	17	1	1	0
      717	2024-01-10 12:12:26	17	1	1	0
     1648	2024-01-10 12:12:32	17	1	1	0
     1648	2024-01-10 12:13:31	17	0	1	0
      717	2024-01-10 12:14:02	17	0	1	0
      717	2024-01-10 12:14:05	17	0	1	0
     2611	2024-01-10 12:15:21	17	0	1	0
      382	2024-01-10 12:18:07	17	1	1	0
      382	2024-01-10 12:20:05	17	0	1	0
      440	2024-01-10 12:22:07	17	0	1	0
     1119	2024-01-10 12:22:13	17	1	1	0
     1119	2024-01-10 12:23:08	17	0	1	0
      718	2024-01-10 12:23:32	17	1	1	0
     2897	2024-01-10 12:27:08	17	0	1	0
      718	2024-01-10 12:27:26	17	0	1	0
     2889	2024-01-10 12:33:18	17	0	1	0
     1035	2024-01-10 12:33:48	17	0	1	0
     1651	2024-01-10 12:45:25	17	1	1	0
     1651	2024-01-10 12:48:10	17	0	1	0
     2128	2024-01-10 12:54:47	17	1	1	0
     2128	2024-01-10 12:57:05	17	0	1	0
      966	2024-01-10 12:59:11	17	1	1	0
      966	2024-01-10 12:59:15	17	1	1	0
      966	2024-01-10 13:00:07	17	0	1	0
      966	2024-01-10 13:00:08	17	0	1	0
     1561	2024-01-10 16:03:05	17	1	1	0
     1561	2024-01-10 16:03:07	17	1	1	0
     2128	2024-01-10 17:00:03	17	1	1	0
     2128	2024-01-10 17:00:05	17	1	1	0
     2897	2024-01-10 17:00:09	17	1	1	0
     2897	2024-01-10 17:00:11	17	1	1	0
      952	2024-01-10 17:00:16	17	1	1	0
     1902	2024-01-10 17:00:20	17	1	1	0
     2857	2024-01-10 17:00:25	17	1	1	0
     1120	2024-01-10 17:00:29	17	1	1	0
      717	2024-01-10 17:00:32	17	1	1	0
      717	2024-01-10 17:00:33	17	1	1	0
     1648	2024-01-10 17:00:37	17	1	1	0
      966	2024-01-10 17:00:41	17	1	1	0
      966	2024-01-10 17:00:43	17	1	1	0
      382	2024-01-10 17:00:48	17	1	1	0
      149	2024-01-10 17:01:07	17	1	1	0
     1984	2024-01-10 17:01:14	17	0	1	0
     1984	2024-01-10 17:01:18	17	0	1	0
     1119	2024-01-10 17:01:26	17	0	1	0
     1119	2024-01-10 17:01:28	17	0	1	0
     1035	2024-01-10 17:01:36	17	1	1	0
     1035	2024-01-10 17:01:42	17	1	1	0
      970	2024-01-10 17:01:57	17	1	1	0
      970	2024-01-10 17:02:01	17	1	1	0
      499	2024-01-10 17:02:08	17	1	1	0
     2046	2024-01-10 17:05:29	17	1	1	0
     2046	2024-01-10 17:05:41	17	1	1	0
      718	2024-01-10 17:06:46	17	1	1	0
     1651	2024-01-10 17:09:27	17	1	1	0
     1651	2024-01-10 17:09:30	17	1	1	0
      408	2024-01-10 17:11:12	17	1	1	0
      408	2024-01-10 17:11:16	17	1	1	0
     1173	2024-01-10 17:14:10	17	1	1	0
     1173	2024-01-10 17:14:11	17	1	1	0
     2889	2024-01-10 17:17:01	17	1	1	0
     2889	2024-01-10 17:17:06	17	1	1	0
     2611	2024-01-10 17:17:14	17	1	1	0
     2611	2024-01-10 17:17:22	17	1	1	0
      440	2024-01-10 17:20:38	17	1	1	0
      440	2024-01-10 17:20:44	17	1	1	0
     1902	2024-01-11 06:42:39	17	0	1	0
      149	2024-01-11 07:09:47	17	0	1	0
      149	2024-01-11 07:09:51	17	0	1	0
      499	2024-01-11 07:15:03	17	0	1	0
      952	2024-01-11 07:16:37	17	0	1	0
      952	2024-01-11 07:16:40	17	0	1	0
      408	2024-01-11 07:17:32	17	0	1	0
      440	2024-01-11 07:26:03	17	0	1	0
      970	2024-01-11 07:26:55	17	0	1	0
      970	2024-01-11 07:26:59	17	0	1	0
     2128	2024-01-11 07:27:09	17	0	1	0
     2128	2024-01-11 07:27:11	17	0	1	0
     1651	2024-01-11 07:28:44	17	0	1	0
     1651	2024-01-11 07:28:47	17	0	1	0
     2611	2024-01-11 07:30:41	17	0	1	0
     2611	2024-01-11 07:30:46	17	0	1	0
     1648	2024-01-11 07:31:43	17	1	1	0
     2889	2024-01-11 07:33:24	17	0	1	0
     2889	2024-01-11 07:33:30	17	0	1	0
      718	2024-01-11 07:42:36	17	0	1	0
     2857	2024-01-11 07:48:25	17	0	1	0
     1561	2024-01-11 07:50:07	17	0	1	0
     1561	2024-01-11 07:50:09	17	0	1	0
     1984	2024-01-11 07:52:37	17	0	1	0
     1984	2024-01-11 07:52:40	17	0	1	0
     1120	2024-01-11 07:54:56	17	0	1	0
     1120	2024-01-11 07:55:07	17	0	1	0
     1173	2024-01-11 07:55:12	17	0	1	0
     1173	2024-01-11 07:55:14	17	0	1	0
      717	2024-01-11 07:56:04	17	0	1	0
      717	2024-01-11 07:56:06	17	0	1	0
     2046	2024-01-11 07:56:59	17	0	1	0
     2046	2024-01-11 07:57:02	17	0	1	0
     2897	2024-01-11 07:58:43	17	0	1	0
     2897	2024-01-11 07:58:44	17	0	1	0
     1119	2024-01-11 08:02:47	17	0	1	0
     1119	2024-01-11 08:02:49	17	0	1	0
      382	2024-01-11 08:03:16	17	0	1	0
     1035	2024-01-11 08:12:06	17	0	1	0
     1035	2024-01-11 08:12:10	17	0	1	0
      794	2024-01-11 08:19:45	17	0	1	0
      794	2024-01-11 08:19:48	17	0	1	0
      966	2024-01-11 08:46:18	17	0	1	0
      966	2024-01-11 08:46:19	17	0	1	0
     1035	2024-01-11 12:00:22	17	1	1	0
     2857	2024-01-11 12:00:25	17	1	1	0
      382	2024-01-11 12:00:31	17	1	1	0
     1902	2024-01-11 12:00:35	17	1	1	0
     2611	2024-01-11 12:00:42	17	1	1	0
      952	2024-01-11 12:01:51	17	1	1	0
      408	2024-01-11 12:02:06	17	1	1	0
     2857	2024-01-11 12:02:14	17	0	1	0
     2889	2024-01-11 12:02:21	17	1	1	0
      149	2024-01-11 12:02:25	17	1	1	0
     2046	2024-01-11 12:02:28	17	1	1	0
     2897	2024-01-11 12:02:38	17	1	1	0
     1902	2024-01-11 12:02:57	17	0	1	0
      149	2024-01-11 12:04:10	17	0	1	0
      149	2024-01-11 12:04:16	17	0	1	0
     1648	2024-01-11 12:04:39	17	1	1	0
      408	2024-01-11 12:05:02	17	0	1	0
      952	2024-01-11 12:05:11	17	0	1	0
      952	2024-01-11 12:05:14	17	0	1	0
     1648	2024-01-11 12:05:44	17	1	1	0
     1648	2024-01-11 12:07:15	17	0	1	0
     2046	2024-01-11 12:07:56	17	0	1	0
     2889	2024-01-11 12:08:47	17	0	1	0
      970	2024-01-11 12:09:06	17	1	1	0
     2611	2024-01-11 12:09:15	17	0	1	0
     1035	2024-01-11 12:09:33	17	0	1	0
     1173	2024-01-11 12:10:53	17	1	1	0
      382	2024-01-11 12:11:25	17	0	1	0
      970	2024-01-11 12:11:37	17	0	1	0
      440	2024-01-11 12:12:01	17	0	1	0
     1173	2024-01-11 12:12:19	17	0	1	0
     1173	2024-01-11 12:12:21	17	0	1	0
     1120	2024-01-11 12:12:31	17	1	1	0
     1120	2024-01-11 12:13:22	17	0	1	0
     1119	2024-01-11 12:14:01	17	1	1	0
     1984	2024-01-11 12:14:29	17	1	1	0
     1119	2024-01-11 12:15:11	17	0	1	0
     1984	2024-01-11 12:16:05	17	0	1	0
      440	2024-01-11 12:18:55	17	0	1	0
      718	2024-01-11 12:22:05	17	1	1	0
     2128	2024-01-11 12:27:22	17	1	1	0
      717	2024-01-11 12:35:09	17	1	1	0
     2897	2024-01-11 12:35:48	17	0	1	0
      718	2024-01-11 12:38:24	17	0	1	0
      966	2024-01-11 12:40:09	17	1	1	0
      717	2024-01-11 12:40:20	17	0	1	0
      717	2024-01-11 12:40:22	17	0	1	0
      966	2024-01-11 12:41:12	17	0	1	0
      966	2024-01-11 12:41:16	17	0	1	0
     1651	2024-01-11 12:43:24	17	1	1	0
     2128	2024-01-11 12:45:11	17	0	1	0
     1651	2024-01-11 12:46:23	17	0	1	0
      794	2024-01-11 12:58:31	17	1	1	0
      794	2024-01-11 13:00:08	17	0	1	0
      794	2024-01-11 13:00:10	17	0	1	0
     1561	2024-01-11 16:06:37	17	1	1	0
     1561	2024-01-11 16:06:39	17	1	1	0
     1902	2024-01-11 17:00:03	17	1	1	0
     1120	2024-01-11 17:00:07	17	1	1	0
     1120	2024-01-11 17:00:09	17	1	1	0
     2128	2024-01-11 17:00:12	17	1	1	0
     2128	2024-01-11 17:00:14	17	1	1	0
      717	2024-01-11 17:00:18	17	1	1	0
      717	2024-01-11 17:00:20	17	1	1	0
     2857	2024-01-11 17:00:24	17	1	1	0
      970	2024-01-11 17:00:31	17	1	1	0
      970	2024-01-11 17:00:36	17	1	1	0
     1119	2024-01-11 17:00:41	17	1	1	0
     1119	2024-01-11 17:00:43	17	1	1	0
     1035	2024-01-11 17:00:50	17	1	1	0
     1035	2024-01-11 17:00:54	17	1	1	0
      966	2024-01-11 17:01:00	17	1	1	0
      966	2024-01-11 17:01:02	17	1	1	0
     2611	2024-01-11 17:01:14	17	1	1	0
     2611	2024-01-11 17:01:18	17	1	1	0
     1648	2024-01-11 17:01:35	17	1	1	0
     1651	2024-01-11 17:02:04	17	1	1	0
     1651	2024-01-11 17:02:07	17	1	1	0
      149	2024-01-11 17:02:11	17	1	1	0
      149	2024-01-11 17:02:15	17	1	1	0
     2897	2024-01-11 17:02:19	17	1	1	0
     2897	2024-01-11 17:02:21	17	1	1	0
      382	2024-01-11 17:02:38	17	1	1	0
     1984	2024-01-11 17:04:01	17	1	1	0
     1984	2024-01-11 17:04:04	17	1	1	0
      718	2024-01-11 17:06:27	17	1	1	0
      718	2024-01-11 17:07:40	17	1	1	0
     1173	2024-01-11 17:08:03	17	1	1	0
     1173	2024-01-11 17:08:04	17	1	1	0
     2046	2024-01-11 17:12:37	17	1	1	0
      952	2024-01-11 17:13:27	17	1	1	0
     2889	2024-01-11 17:15:32	17	1	1	0
     2889	2024-01-11 17:15:39	17	1	1	0
      408	2024-01-11 17:21:08	17	1	1	0
      440	2024-01-11 17:26:15	17	1	1	0
      440	2024-01-11 17:26:17	17	1	1	0
      499	2024-01-11 17:39:27	17	1	1	0
     1902	2024-01-12 06:30:02	17	0	1	0
     1651	2024-01-12 06:41:05	17	0	1	0
     1651	2024-01-12 06:41:08	17	0	1	0
      499	2024-01-12 06:52:08	17	0	1	0
     2889	2024-01-12 07:11:06	17	0	1	0
     2889	2024-01-12 07:11:12	17	0	1	0
      952	2024-01-12 07:16:16	17	0	1	0
     2128	2024-01-12 07:23:46	17	0	1	0
     2128	2024-01-12 07:23:48	17	0	1	0
      149	2024-01-12 07:30:23	17	0	1	0
      149	2024-01-12 07:30:27	17	0	1	0
      408	2024-01-12 07:31:11	17	0	1	0
      734	2024-01-12 07:33:06	17	0	1	0
      734	2024-01-12 07:33:08	17	0	1	0
      440	2024-01-12 07:35:57	17	0	1	0
      440	2024-01-12 07:35:59	17	0	1	0
     2611	2024-01-12 07:36:30	17	0	1	0
     2611	2024-01-12 07:36:34	17	0	1	0
     2046	2024-01-12 07:46:00	17	0	1	0
     2046	2024-01-12 07:46:01	17	0	1	0
     1035	2024-01-12 07:46:30	17	0	1	0
     1035	2024-01-12 07:46:40	17	0	1	0
      970	2024-01-12 07:50:53	17	0	1	0
      970	2024-01-12 07:50:57	17	0	1	0
     2857	2024-01-12 07:51:42	17	0	1	0
     1561	2024-01-12 07:51:55	17	0	1	0
     1561	2024-01-12 07:51:58	17	0	1	0
     1984	2024-01-12 07:52:21	17	0	1	0
     1984	2024-01-12 07:52:25	17	0	1	0
      382	2024-01-12 07:55:01	17	0	1	0
     1173	2024-01-12 07:59:31	17	0	1	0
     1173	2024-01-12 07:59:33	17	0	1	0
     2897	2024-01-12 08:00:20	17	0	1	0
      794	2024-01-12 08:00:29	17	0	1	0
      794	2024-01-12 08:00:34	17	0	1	0
      717	2024-01-12 08:07:11	17	0	1	0
      717	2024-01-12 08:07:13	17	0	1	0
     1120	2024-01-12 08:08:53	17	0	1	0
     1120	2024-01-12 08:08:57	17	0	1	0
     1119	2024-01-12 08:10:43	17	0	1	0
     1119	2024-01-12 08:10:45	17	0	1	0
      718	2024-01-12 08:16:35	17	0	1	0
     1648	2024-01-12 08:16:46	17	0	1	0
      966	2024-01-12 08:28:55	17	0	1	0
      966	2024-01-12 08:28:57	17	0	1	0
      440	2024-01-12 12:00:03	17	1	1	0
      794	2024-01-12 12:00:13	17	1	1	0
     2128	2024-01-12 12:00:22	17	1	1	0
      149	2024-01-12 12:00:31	17	1	1	0
     2897	2024-01-12 12:00:44	17	1	1	0
     1173	2024-01-12 12:00:56	17	1	1	0
     2857	2024-01-12 12:01:12	17	1	1	0
     1902	2024-01-12 12:01:33	17	0	1	0
     1902	2024-01-12 12:01:43	17	1	1	0
     1651	2024-01-12 12:01:51	17	1	1	0
      149	2024-01-12 12:02:11	17	0	1	0
     2128	2024-01-12 12:02:20	17	0	1	0
      734	2024-01-12 12:02:29	17	1	1	0
      794	2024-01-12 12:02:45	17	0	1	0
      408	2024-01-12 12:02:52	17	1	1	0
     2611	2024-01-12 12:03:01	17	1	1	0
     2857	2024-01-12 12:03:08	17	0	1	0
     1173	2024-01-12 12:03:13	17	0	1	0
     1173	2024-01-12 12:03:14	17	0	1	0
     1651	2024-01-12 12:03:22	17	0	1	0
     1902	2024-01-12 12:03:53	17	0	1	0
      734	2024-01-12 12:04:05	17	0	1	0
      952	2024-01-12 12:04:14	17	1	1	0
     1648	2024-01-12 12:04:28	17	1	1	0
      408	2024-01-12 12:05:06	17	0	1	0
      440	2024-01-12 12:05:15	17	0	1	0
     1648	2024-01-12 12:06:10	17	0	1	0
      970	2024-01-12 12:08:02	17	1	1	0
      718	2024-01-12 12:08:12	17	1	1	0
     1984	2024-01-12 12:09:03	17	1	1	0
      970	2024-01-12 12:09:12	17	0	1	0
      382	2024-01-12 12:09:21	17	1	1	0
      952	2024-01-12 12:09:49	17	0	1	0
     1984	2024-01-12 12:11:10	17	0	1	0
      382	2024-01-12 12:11:24	17	0	1	0
     1120	2024-01-12 12:12:53	17	1	1	0
     2611	2024-01-12 12:13:06	17	0	1	0
     2046	2024-01-12 12:13:20	17	1	1	0
      966	2024-01-12 12:13:33	17	1	1	0
      966	2024-01-12 12:14:17	17	0	1	0
      966	2024-01-12 12:14:18	17	0	1	0
     2046	2024-01-12 12:14:24	17	0	1	0
     1120	2024-01-12 12:17:44	17	0	1	0
     1119	2024-01-12 12:17:55	17	1	1	0
     1119	2024-01-12 12:19:13	17	0	1	0
     2897	2024-01-12 12:26:14	17	0	1	0
     1561	2024-01-12 16:03:42	17	1	1	0
     1561	2024-01-12 16:03:44	17	1	1	0
     1902	2024-01-12 17:00:02	17	1	1	0
     2857	2024-01-12 17:00:06	17	1	1	0
     1120	2024-01-12 17:00:14	17	1	1	0
     1120	2024-01-12 17:00:15	17	1	1	0
      149	2024-01-12 17:00:20	17	1	1	0
      149	2024-01-12 17:00:23	17	1	1	0
      734	2024-01-12 17:00:26	17	1	1	0
      734	2024-01-12 17:00:28	17	1	1	0
     2897	2024-01-12 17:00:31	17	1	1	0
     2897	2024-01-12 17:00:36	17	1	1	0
      952	2024-01-12 17:00:41	17	1	1	0
     2046	2024-01-12 17:00:45	17	1	1	0
     2128	2024-01-12 17:00:50	17	1	1	0
     2128	2024-01-12 17:00:52	17	1	1	0
     1984	2024-01-12 17:01:02	17	1	1	0
     1984	2024-01-12 17:01:06	17	1	1	0
     2889	2024-01-12 17:01:12	17	1	1	0
     2889	2024-01-12 17:01:16	17	1	1	0
     1119	2024-01-12 17:01:20	17	1	1	0
     1119	2024-01-12 17:01:22	17	1	1	0
      970	2024-01-12 17:01:28	17	1	1	0
      970	2024-01-12 17:01:33	17	1	1	0
      440	2024-01-12 17:01:42	17	1	1	0
      440	2024-01-12 17:01:44	17	1	1	0
     2611	2024-01-12 17:01:48	17	1	1	0
     2611	2024-01-12 17:01:52	17	1	1	0
     1648	2024-01-12 17:01:57	17	1	1	0
     1035	2024-01-12 17:02:02	17	1	1	0
     1035	2024-01-12 17:02:06	17	1	1	0
      717	2024-01-12 17:02:28	17	1	1	0
      717	2024-01-12 17:02:31	17	1	1	0
     1651	2024-01-12 17:02:39	17	1	1	0
     1651	2024-01-12 17:02:42	17	1	1	0
      382	2024-01-12 17:05:54	17	1	1	0
      718	2024-01-12 17:06:02	17	1	1	0
     1173	2024-01-12 17:06:16	17	1	1	0
     1173	2024-01-12 17:06:17	17	1	1	0
      718	2024-01-12 17:06:57	17	1	1	0
     1173	2024-01-12 17:07:06	17	0	1	0
      408	2024-01-12 17:18:19	17	1	1	0
      499	2024-01-12 17:29:38	17	1	1	0
     1561	2024-01-13 06:01:12	17	0	1	0
     1561	2024-01-13 06:01:15	17	0	1	0
     1561	2024-01-13 16:03:46	17	1	1	0
     1561	2024-01-13 16:03:48	17	1	1	0
     1561	2024-01-14 07:51:57	17	0	1	0
     1561	2024-01-14 07:51:59	17	0	1	0
     1561	2024-01-14 16:10:21	17	1	1	0
     1561	2024-01-14 16:10:23	17	1	1	0
     1561	2024-01-14 16:11:02	17	1	1	0
     2128	2024-01-15 06:03:52	17	0	1	0
     2128	2024-01-15 06:03:54	17	0	1	0
     1173	2024-01-15 06:28:13	17	0	1	0
     1173	2024-01-15 06:28:14	17	0	1	0
     1902	2024-01-15 06:31:42	17	0	1	0
      149	2024-01-15 06:55:34	17	0	1	0
      149	2024-01-15 06:55:38	17	0	1	0
      794	2024-01-15 07:10:33	17	0	1	0
      794	2024-01-15 07:10:38	17	0	1	0
      734	2024-01-15 07:15:40	17	0	1	0
      734	2024-01-15 07:15:42	17	0	1	0
     1651	2024-01-15 07:18:15	17	0	1	0
     1651	2024-01-15 07:18:18	17	0	1	0
      408	2024-01-15 07:19:46	17	0	1	0
      440	2024-01-15 07:24:25	17	0	1	0
      440	2024-01-15 07:24:27	17	0	1	0
     2611	2024-01-15 07:30:19	17	0	1	0
     2611	2024-01-15 07:30:24	17	0	1	0
      952	2024-01-15 07:31:13	17	0	1	0
      952	2024-01-15 07:31:30	17	0	1	0
      701	2024-01-15 07:33:03	17	0	1	0
      701	2024-01-15 07:33:07	17	0	1	0
      382	2024-01-15 07:33:12	17	0	1	0
     1984	2024-01-15 07:45:19	17	0	1	0
     1984	2024-01-15 07:45:23	17	0	1	0
      970	2024-01-15 07:46:56	17	0	1	0
      970	2024-01-15 07:47:00	17	0	1	0
     2897	2024-01-15 07:48:05	17	0	1	0
     2897	2024-01-15 07:48:07	17	0	1	0
     2889	2024-01-15 07:48:13	17	0	1	0
     2889	2024-01-15 07:48:22	17	0	1	0
     1120	2024-01-15 07:51:11	17	0	1	0
     1120	2024-01-15 07:51:14	17	0	1	0
     2857	2024-01-15 07:51:49	17	0	1	0
     1561	2024-01-15 07:52:42	17	0	1	0
     1561	2024-01-15 07:52:45	17	0	1	0
      718	2024-01-15 07:53:04	17	0	1	0
     1119	2024-01-15 07:57:51	17	0	1	0
     1119	2024-01-15 07:57:55	17	0	1	0
     1035	2024-01-15 07:59:11	17	0	1	0
     1035	2024-01-15 07:59:15	17	0	1	0
      499	2024-01-15 08:01:02	17	0	1	0
      717	2024-01-15 08:02:53	17	0	1	0
      717	2024-01-15 08:02:55	17	0	1	0
      966	2024-01-15 08:37:07	17	0	1	0
      966	2024-01-15 08:37:09	17	0	1	0
     2046	2024-01-15 08:52:14	17	0	1	0
     2046	2024-01-15 08:52:16	17	0	1	0
     1035	2024-01-15 12:00:13	17	1	1	0
     2857	2024-01-15 12:00:17	17	1	1	0
      499	2024-01-15 12:00:21	17	1	1	0
      794	2024-01-15 12:00:28	17	1	1	0
     2889	2024-01-15 12:00:35	17	1	1	0
     1902	2024-01-15 12:00:50	17	1	1	0
      952	2024-01-15 12:00:58	17	1	1	0
      499	2024-01-15 12:01:28	17	0	1	0
      149	2024-01-15 12:01:52	17	1	1	0
     2857	2024-01-15 12:02:02	17	0	1	0
      794	2024-01-15 12:02:08	17	0	1	0
      794	2024-01-15 12:02:11	17	0	1	0
     1902	2024-01-15 12:02:16	17	0	1	0
     1651	2024-01-15 12:02:23	17	1	1	0
     2897	2024-01-15 12:02:28	17	1	1	0
      952	2024-01-15 12:03:03	17	0	1	0
      149	2024-01-15 12:03:07	17	0	1	0
     2611	2024-01-15 12:03:19	17	1	1	0
     1035	2024-01-15 12:03:34	17	0	1	0
      382	2024-01-15 12:03:40	17	1	1	0
      701	2024-01-15 12:04:11	17	0	1	0
     2889	2024-01-15 12:04:31	17	0	1	0
      408	2024-01-15 12:04:39	17	1	1	0
      440	2024-01-15 12:05:02	17	1	1	0
      970	2024-01-15 12:05:08	17	1	1	0
     1651	2024-01-15 12:05:27	17	0	1	0
      701	2024-01-15 12:06:04	17	0	1	0
      734	2024-01-15 12:06:17	17	1	1	0
      970	2024-01-15 12:07:10	17	0	1	0
     2611	2024-01-15 12:07:58	17	0	1	0
      440	2024-01-15 12:08:29	17	0	1	0
      718	2024-01-15 12:08:51	17	1	1	0
     1984	2024-01-15 12:09:01	17	1	1	0
      408	2024-01-15 12:09:15	17	0	1	0
     1119	2024-01-15 12:09:48	17	1	1	0
      734	2024-01-15 12:10:12	17	0	1	0
     1120	2024-01-15 12:10:20	17	1	1	0
     1984	2024-01-15 12:11:03	17	0	1	0
     1119	2024-01-15 12:11:13	17	0	1	0
     1120	2024-01-15 12:11:26	17	0	1	0
      382	2024-01-15 12:14:03	17	0	1	0
      718	2024-01-15 12:16:46	17	0	1	0
     2897	2024-01-15 12:25:55	17	0	1	0
     1173	2024-01-15 12:33:11	17	1	1	0
     2046	2024-01-15 12:34:56	17	1	1	0
     2046	2024-01-15 12:36:03	17	0	1	0
     1173	2024-01-15 12:38:58	17	0	1	0
     1173	2024-01-15 12:38:59	17	0	1	0
     1648	2024-01-15 13:01:48	17	0	1	0
     1561	2024-01-15 16:02:04	17	1	1	0
     1561	2024-01-15 16:02:06	17	1	1	0
     1902	2024-01-15 17:00:19	17	1	1	0
     2857	2024-01-15 17:00:24	17	1	1	0
      952	2024-01-15 17:00:30	17	1	1	0
      952	2024-01-15 17:00:40	17	1	1	0
      149	2024-01-15 17:01:16	17	0	1	0
      149	2024-01-15 17:01:21	17	1	1	0
      149	2024-01-15 17:01:31	17	1	1	0
     1651	2024-01-15 17:01:41	17	1	1	0
     1651	2024-01-15 17:01:44	17	1	1	0
     2897	2024-01-15 17:01:58	17	1	1	0
     2897	2024-01-15 17:02:01	17	1	1	0
     1648	2024-01-15 17:02:13	17	1	1	0
      499	2024-01-15 17:02:18	17	1	1	0
     1120	2024-01-15 17:02:22	17	1	1	0
     1120	2024-01-15 17:02:24	17	1	1	0
      970	2024-01-15 17:02:51	17	1	1	0
      970	2024-01-15 17:02:57	17	1	1	0
     2889	2024-01-15 17:03:12	17	1	1	0
     2889	2024-01-15 17:03:19	17	1	1	0
      734	2024-01-15 17:03:33	17	1	1	0
      734	2024-01-15 17:03:36	17	1	1	0
      382	2024-01-15 17:03:52	17	1	1	0
      718	2024-01-15 17:05:18	17	1	1	0
     1035	2024-01-15 17:05:28	17	1	1	0
     1035	2024-01-15 17:05:35	17	1	1	0
     1984	2024-01-15 17:05:39	17	1	1	0
     1984	2024-01-15 17:05:42	17	1	1	0
      701	2024-01-15 17:06:28	17	1	1	0
      701	2024-01-15 17:06:30	17	1	1	0
      440	2024-01-15 17:06:34	17	1	1	0
      440	2024-01-15 17:06:36	17	1	1	0
     1173	2024-01-15 17:10:59	17	1	1	0
     1173	2024-01-15 17:12:05	17	1	1	0
      966	2024-01-15 17:13:08	17	1	1	0
      966	2024-01-15 17:13:09	17	1	1	0
      966	2024-01-15 17:15:50	17	1	1	0
     2611	2024-01-15 17:16:58	17	0	1	0
     2611	2024-01-15 17:17:02	17	0	1	0
      408	2024-01-15 17:17:56	17	1	1	0
      717	2024-01-15 17:20:24	17	1	1	0
      717	2024-01-15 17:20:26	17	1	1	0
     2128	2024-01-15 18:40:33	17	1	1	0
     2128	2024-01-15 18:40:35	17	1	1	0
     2128	2024-01-15 18:43:05	17	1	1	0
     1119	2024-01-15 18:46:34	17	1	1	0
     1119	2024-01-15 18:46:38	17	1	1	0
      794	2024-01-15 21:15:26	17	1	1	0
      149	2024-01-16 07:16:49	17	0	1	0
      440	2024-01-16 07:39:04	17	0	1	0
     1120	2024-01-16 07:46:29	17	0	1	0
     1120	2024-01-16 07:46:31	17	0	1	0
      952	2024-01-16 07:52:22	17	0	1	0
     2611	2024-01-16 07:52:37	17	0	1	0
     2611	2024-01-16 07:52:45	17	0	1	0
      970	2024-01-16 07:55:31	17	0	1	0
      970	2024-01-16 07:55:35	17	0	1	0
      408	2024-01-16 07:58:13	17	0	1	0
     1173	2024-01-16 08:07:50	17	0	1	0
     1173	2024-01-16 08:07:53	17	0	1	0
     1648	2024-01-16 08:15:42	17	0	1	0
      149	2024-01-16 12:02:11	17	1	1	0
      149	2024-01-16 12:02:15	17	1	1	0
      408	2024-01-16 12:03:47	17	1	1	0
      149	2024-01-16 12:04:14	17	0	1	0
      149	2024-01-16 12:04:18	17	0	1	0
      408	2024-01-16 12:06:15	17	0	1	0
     1120	2024-01-16 12:07:11	17	1	1	0
     1120	2024-01-16 12:15:06	17	0	1	0
     1648	2024-01-16 12:15:18	17	1	1	0
     1648	2024-01-16 12:21:53	17	0	1	0
      440	2024-01-16 12:41:14	17	1	1	0
      440	2024-01-16 12:45:22	17	0	1	0
     1173	2024-01-16 12:51:23	17	1	1	0
     1173	2024-01-16 12:58:06	17	0	1	0
     1173	2024-01-16 12:58:07	17	0	1	0
      952	2024-01-16 13:01:15	17	1	1	0
      952	2024-01-16 13:02:02	17	0	1	0
      952	2024-01-16 13:02:10	17	0	1	0
      440	2024-01-16 17:00:05	17	1	1	0
      440	2024-01-16 17:00:08	17	1	1	0
      149	2024-01-16 17:00:14	17	1	1	0
      952	2024-01-16 17:00:30	17	1	1	0
      952	2024-01-16 17:00:33	17	1	1	0
     1120	2024-01-16 17:00:51	17	1	1	0
     1648	2024-01-16 17:01:28	17	1	1	0
      408	2024-01-16 17:02:54	17	1	1	0
      970	2024-01-16 17:18:24	17	1	1	0
      970	2024-01-16 17:18:28	17	1	1	0
     1173	2024-01-16 17:25:23	17	1	1	0
     1173	2024-01-16 17:25:35	17	1	1	0
     1902	2024-01-17 06:08:18	17	0	1	0
     1651	2024-01-17 06:54:32	17	0	1	0
     1651	2024-01-17 06:54:35	17	0	1	0
      952	2024-01-17 07:08:10	17	0	1	0
      952	2024-01-17 07:08:13	17	0	1	0
     2046	2024-01-17 07:12:44	17	0	1	0
     2046	2024-01-17 07:12:46	17	0	1	0
     2128	2024-01-17 07:12:58	17	0	1	0
     2128	2024-01-17 07:13:00	17	0	1	0
      734	2024-01-17 07:18:56	17	0	1	0
      734	2024-01-17 07:18:57	17	0	1	0
      149	2024-01-17 07:23:41	17	0	1	0
      149	2024-01-17 07:23:46	17	0	1	0
      440	2024-01-17 07:25:18	17	0	1	0
      440	2024-01-17 07:25:22	17	0	1	0
     2611	2024-01-17 07:40:12	17	0	1	0
     2611	2024-01-17 07:40:16	17	0	1	0
     2889	2024-01-17 07:44:07	17	0	1	0
     2889	2024-01-17 07:44:14	17	0	1	0
     2857	2024-01-17 07:45:21	17	0	1	0
      718	2024-01-17 07:45:24	17	0	1	0
      499	2024-01-17 07:50:56	17	0	1	0
     1120	2024-01-17 07:52:53	17	0	1	0
     1561	2024-01-17 07:53:17	17	0	1	0
     1561	2024-01-17 07:53:19	17	0	1	0
      408	2024-01-17 07:54:34	17	0	1	0
      382	2024-01-17 07:55:10	17	0	1	0
      701	2024-01-17 07:55:41	17	1	1	0
      701	2024-01-17 07:55:49	17	0	1	0
      701	2024-01-17 07:55:52	17	0	1	0
     2897	2024-01-17 07:56:25	17	0	1	0
     2897	2024-01-17 07:56:27	17	0	1	0
      794	2024-01-17 07:56:38	17	0	1	0
      794	2024-01-17 07:56:41	17	0	1	0
      970	2024-01-17 08:00:04	17	0	1	0
      970	2024-01-17 08:00:09	17	0	1	0
     1173	2024-01-17 08:00:28	17	0	1	0
     1173	2024-01-17 08:00:31	17	0	1	0
     1648	2024-01-17 08:02:04	17	0	1	0
     1035	2024-01-17 08:13:22	17	0	1	0
     1035	2024-01-17 08:13:27	17	0	1	0
     1984	2024-01-17 08:21:41	17	0	1	0
     1984	2024-01-17 08:21:44	17	0	1	0
      966	2024-01-17 08:28:10	17	0	1	0
      966	2024-01-17 08:28:11	17	0	1	0
     1119	2024-01-17 08:40:53	17	0	1	0
