     1851	2023-12-31 11:33:35	21	0	1	0
     1851	2023-12-31 19:36:53	21	1	1	0
      271	2024-01-02 07:48:06	21	0	1	0
      367	2024-01-02 07:48:11	21	0	1	0
      844	2024-01-02 07:48:28	21	0	1	0
      488	2024-01-02 07:48:39	21	0	1	0
      439	2024-01-02 07:48:45	21	0	1	0
      358	2024-01-02 07:48:48	21	0	1	0
      358	2024-01-02 07:48:50	21	0	1	0
       27	2024-01-02 07:49:01	21	0	1	0
       27	2024-01-02 07:49:03	21	0	1	0
       47	2024-01-02 07:51:51	21	0	1	0
     2383	2024-01-02 07:51:59	21	0	1	0
     2970	2024-01-02 07:52:41	21	0	1	0
     2970	2024-01-02 07:52:43	21	0	1	0
     2970	2024-01-02 07:52:44	21	0	1	0
      447	2024-01-02 07:57:15	21	0	1	0
     2313	2024-01-02 07:57:24	21	0	1	0
      503	2024-01-02 07:58:12	21	0	1	0
      110	2024-01-02 07:59:27	21	0	1	0
      903	2024-01-02 08:01:15	21	0	1	0
      492	2024-01-02 08:04:42	21	0	1	0
      492	2024-01-02 08:04:43	21	0	1	0
     2145	2024-01-02 08:06:50	21	0	1	0
     1190	2024-01-02 08:06:58	21	0	1	0
     1190	2024-01-02 08:07:00	21	0	1	0
      221	2024-01-02 08:07:28	21	0	1	0
     1111	2024-01-02 08:10:01	21	0	1	0
     2051	2024-01-02 08:19:59	21	0	1	0
     2051	2024-01-02 08:20:01	21	0	1	0
      958	2024-01-02 08:22:25	21	0	1	0
       47	2024-01-02 12:00:01	21	1	1	0
       27	2024-01-02 12:00:46	21	1	1	0
       27	2024-01-02 12:00:47	21	1	1	0
      488	2024-01-02 12:00:53	21	1	1	0
      903	2024-01-02 12:01:01	21	1	1	0
      958	2024-01-02 12:01:07	21	1	1	0
      903	2024-01-02 12:01:12	21	1	1	0
     2145	2024-01-02 12:02:01	21	1	1	0
     2313	2024-01-02 12:02:25	21	1	1	0
      358	2024-01-02 12:02:36	21	1	1	0
      110	2024-01-02 12:02:48	21	1	1	0
      271	2024-01-02 12:03:23	21	1	1	0
      367	2024-01-02 12:03:28	21	1	1	0
      844	2024-01-02 12:04:21	21	1	1	0
      447	2024-01-02 12:04:25	21	1	1	0
     1190	2024-01-02 12:04:33	21	1	1	0
     1190	2024-01-02 12:04:35	21	1	1	0
      221	2024-01-02 12:04:52	21	1	1	0
     2970	2024-01-02 12:05:01	21	1	1	0
     2970	2024-01-02 12:05:03	21	1	1	0
     2970	2024-01-02 12:05:04	21	1	1	0
     2383	2024-01-02 12:05:09	21	1	1	0
     2145	2024-01-02 12:11:02	21	0	1	0
      503	2024-01-02 12:11:09	21	1	1	0
      367	2024-01-02 12:15:57	21	0	1	0
      358	2024-01-02 12:16:20	21	0	1	0
      358	2024-01-02 12:16:24	21	0	1	0
       27	2024-01-02 12:16:31	21	0	1	0
       27	2024-01-02 12:16:33	21	0	1	0
       27	2024-01-02 12:16:35	21	0	1	0
     1111	2024-01-02 12:17:50	21	1	1	0
     1190	2024-01-02 12:18:28	21	0	1	0
     1190	2024-01-02 12:18:29	21	0	1	0
      958	2024-01-02 12:18:38	21	0	1	0
      844	2024-01-02 12:18:53	21	0	1	0
      439	2024-01-02 12:19:06	21	1	1	0
     2970	2024-01-02 12:22:21	21	0	1	0
     2970	2024-01-02 12:22:24	21	0	1	0
     2970	2024-01-02 12:22:26	21	0	1	0
      110	2024-01-02 12:23:33	21	0	1	0
      221	2024-01-02 12:23:52	21	0	1	0
     2383	2024-01-02 12:24:11	21	0	1	0
      271	2024-01-02 12:24:19	21	0	1	0
      492	2024-01-02 12:25:39	21	1	1	0
       47	2024-01-02 12:29:07	21	0	1	0
      503	2024-01-02 12:30:42	21	0	1	0
      503	2024-01-02 12:30:49	21	1	1	0
      903	2024-01-02 12:31:25	21	0	1	0
      903	2024-01-02 12:31:27	21	0	1	0
     2313	2024-01-02 12:32:03	21	0	1	0
      503	2024-01-02 12:32:56	21	0	1	0
      439	2024-01-02 12:36:32	21	0	1	0
      447	2024-01-02 12:39:01	21	0	1	0
     2051	2024-01-02 12:42:01	21	1	1	0
     2051	2024-01-02 12:42:03	21	1	1	0
      488	2024-01-02 12:46:38	21	0	1	0
     1111	2024-01-02 12:48:19	21	0	1	0
     2051	2024-01-02 12:52:23	21	0	1	0
     2051	2024-01-02 12:52:27	21	0	1	0
      492	2024-01-02 12:52:48	21	0	1	0
       47	2024-01-02 17:00:24	21	1	1	0
      958	2024-01-02 17:05:27	21	1	1	0
      110	2024-01-02 17:06:22	21	1	1	0
     2313	2024-01-02 17:06:37	21	1	1	0
      488	2024-01-02 17:06:42	21	1	1	0
      488	2024-01-02 17:07:19	21	1	1	0
      358	2024-01-02 17:08:08	21	1	1	0
       27	2024-01-02 17:10:59	21	1	1	0
       27	2024-01-02 17:11:01	21	1	1	0
       27	2024-01-02 17:11:03	21	1	1	0
      903	2024-01-02 17:14:15	21	1	1	0
      903	2024-01-02 17:14:16	21	1	1	0
     1190	2024-01-02 17:14:30	21	1	1	0
     1190	2024-01-02 17:14:33	21	1	1	0
      503	2024-01-02 17:16:23	21	1	1	0
     2970	2024-01-02 17:22:28	21	1	1	0
     2970	2024-01-02 17:22:30	21	1	1	0
     2970	2024-01-02 17:22:32	21	1	1	0
      439	2024-01-02 17:22:41	21	1	1	0
      221	2024-01-02 17:22:50	21	1	1	0
      844	2024-01-02 17:23:12	21	1	1	0
      447	2024-01-02 17:24:17	21	1	1	0
     2145	2024-01-02 17:25:33	21	1	1	0
     2145	2024-01-02 17:25:35	21	1	1	0
      958	2024-01-02 17:26:24	21	1	1	0
     2383	2024-01-02 17:35:11	21	1	1	0
     2145	2024-01-02 17:35:43	21	1	1	0
    10006	2024-01-02 17:56:58	21	1	1	0
      492	2024-01-02 18:14:31	21	1	1	0
      492	2024-01-02 18:14:37	21	1	1	0
      463	2024-01-02 18:16:15	21	1	1	0
      367	2024-01-02 18:16:58	21	1	1	0
      271	2024-01-02 18:17:17	21	1	1	0
     2051	2024-01-02 18:17:31	21	1	1	0
     2051	2024-01-02 18:17:33	21	1	1	0
     1111	2024-01-02 18:19:23	21	1	1	0
      271	2024-01-03 07:44:16	21	0	1	0
      367	2024-01-03 07:44:22	21	0	1	0
      272	2024-01-03 07:44:33	21	0	1	0
      358	2024-01-03 07:44:39	21	0	1	0
      358	2024-01-03 07:44:40	21	0	1	0
      488	2024-01-03 07:44:57	21	0	1	0
      844	2024-01-03 07:45:05	21	0	1	0
       27	2024-01-03 07:45:24	21	0	1	0
       27	2024-01-03 07:45:26	21	0	1	0
     2970	2024-01-03 07:45:43	21	0	1	0
     2970	2024-01-03 07:45:46	21	0	1	0
     2383	2024-01-03 07:46:03	21	0	1	0
       47	2024-01-03 07:46:10	21	0	1	0
     2145	2024-01-03 07:46:14	21	0	1	0
      503	2024-01-03 07:49:46	21	0	1	0
      221	2024-01-03 07:55:45	21	0	1	0
     1111	2024-01-03 07:56:35	21	0	1	0
     2313	2024-01-03 07:56:51	21	0	1	0
      447	2024-01-03 07:57:02	21	0	1	0
     1190	2024-01-03 07:57:39	21	0	1	0
     1190	2024-01-03 07:57:40	21	0	1	0
      492	2024-01-03 07:59:54	21	0	1	0
      492	2024-01-03 07:59:55	21	0	1	0
      958	2024-01-03 08:00:45	21	0	1	0
     2051	2024-01-03 08:18:20	21	0	1	0
     2051	2024-01-03 08:18:21	21	0	1	0
     2970	2024-01-03 12:00:05	21	1	1	0
     2970	2024-01-03 12:00:06	21	1	1	0
     2970	2024-01-03 12:00:08	21	1	1	0
     2313	2024-01-03 12:00:43	21	1	1	0
       27	2024-01-03 12:00:48	21	1	1	0
       27	2024-01-03 12:00:49	21	1	1	0
       27	2024-01-03 12:00:51	21	1	1	0
      463	2024-01-03 12:01:10	21	1	1	0
     1190	2024-01-03 12:02:06	21	1	1	0
     2383	2024-01-03 12:04:00	21	1	1	0
     2145	2024-01-03 12:04:05	21	1	1	0
     1111	2024-01-03 12:05:16	21	1	1	0
      358	2024-01-03 12:06:22	21	1	1	0
      463	2024-01-03 12:07:05	21	0	1	0
     2970	2024-01-03 12:12:14	21	0	1	0
     2970	2024-01-03 12:12:16	21	0	1	0
     2970	2024-01-03 12:12:18	21	0	1	0
     1190	2024-01-03 12:15:57	21	0	1	0
     1190	2024-01-03 12:15:59	21	0	1	0
       47	2024-01-03 12:16:30	21	1	1	0
      221	2024-01-03 12:16:37	21	1	1	0
      844	2024-01-03 12:20:35	21	1	1	0
      488	2024-01-03 12:20:53	21	1	1	0
       27	2024-01-03 12:21:00	21	0	1	0
       27	2024-01-03 12:21:03	21	0	1	0
      958	2024-01-03 12:21:51	21	1	1	0
     2145	2024-01-03 12:22:52	21	0	1	0
     2051	2024-01-03 12:23:30	21	1	1	0
      447	2024-01-03 12:27:11	21	1	1	0
     2383	2024-01-03 12:27:40	21	0	1	0
      492	2024-01-03 12:32:04	21	1	1	0
      358	2024-01-03 12:32:35	21	0	1	0
      272	2024-01-03 12:32:40	21	1	1	0
      271	2024-01-03 12:32:47	21	1	1	0
      221	2024-01-03 12:32:53	21	1	1	0
      221	2024-01-03 12:33:01	21	0	1	0
      958	2024-01-03 12:33:31	21	0	1	0
      958	2024-01-03 12:33:41	21	0	1	0
      503	2024-01-03 12:35:09	21	1	1	0
      503	2024-01-03 12:35:28	21	1	1	0
     2313	2024-01-03 12:36:53	21	0	1	0
     1111	2024-01-03 12:37:28	21	0	1	0
      844	2024-01-03 12:41:09	21	0	1	0
      447	2024-01-03 12:41:19	21	0	1	0
      447	2024-01-03 12:41:41	21	1	1	0
      272	2024-01-03 12:41:49	21	0	1	0
       47	2024-01-03 12:45:07	21	0	1	0
      503	2024-01-03 12:48:59	21	0	1	0
      447	2024-01-03 12:52:18	21	0	1	0
      488	2024-01-03 12:54:54	21	0	1	0
      271	2024-01-03 12:57:11	21	0	1	0
    10006	2024-01-03 13:43:38	21	0	1	0
       47	2024-01-03 17:01:04	21	1	1	0
     2313	2024-01-03 17:02:46	21	1	1	0
      358	2024-01-03 17:03:07	21	1	1	0
      358	2024-01-03 17:03:09	21	1	1	0
     2970	2024-01-03 17:14:17	21	1	1	0
     2970	2024-01-03 17:14:18	21	1	1	0
     2970	2024-01-03 17:14:20	21	1	1	0
     2145	2024-01-03 17:14:27	21	1	1	0
     2145	2024-01-03 17:14:28	21	1	1	0
     2383	2024-01-03 17:14:30	21	1	1	0
      492	2024-01-03 17:15:53	21	1	1	0
      492	2024-01-03 17:15:55	21	1	1	0
      958	2024-01-03 17:16:00	21	1	1	0
      958	2024-01-03 17:16:03	21	1	1	0
      463	2024-01-03 17:16:11	21	1	1	0
      221	2024-01-03 17:16:21	21	1	1	0
      503	2024-01-03 17:16:37	21	1	1	0
      272	2024-01-03 17:16:49	21	1	1	0
      447	2024-01-03 17:17:12	21	1	1	0
      447	2024-01-03 17:17:19	21	1	1	0
     1190	2024-01-03 17:18:26	21	1	1	0
       27	2024-01-03 17:18:47	21	1	1	0
       27	2024-01-03 17:18:49	21	1	1	0
     2051	2024-01-03 17:18:53	21	1	1	0
     2051	2024-01-03 17:18:55	21	1	1	0
      367	2024-01-03 17:19:26	21	1	1	0
      488	2024-01-03 17:19:30	21	1	1	0
      844	2024-01-03 17:19:35	21	1	1	0
     1111	2024-01-03 17:19:58	21	1	1	0
     1111	2024-01-03 17:20:14	21	1	1	0
      271	2024-01-03 17:20:32	21	1	1	0
     2051	2024-01-03 17:21:18	21	1	1	0
     2051	2024-01-03 17:21:20	21	1	1	0
      271	2024-01-04 07:46:20	21	0	1	0
      367	2024-01-04 07:46:27	21	0	1	0
     2051	2024-01-04 07:46:47	21	0	1	0
     2051	2024-01-04 07:46:49	21	0	1	0
      272	2024-01-04 07:46:55	21	0	1	0
      844	2024-01-04 07:47:02	21	0	1	0
       47	2024-01-04 07:47:12	21	0	1	0
       27	2024-01-04 07:47:21	21	0	1	0
       27	2024-01-04 07:47:22	21	0	1	0
       27	2024-01-04 07:47:25	21	0	1	0
      488	2024-01-04 07:47:48	21	0	1	0
     2383	2024-01-04 07:47:54	21	0	1	0
      447	2024-01-04 07:48:26	21	0	1	0
      358	2024-01-04 07:51:18	21	0	1	0
      358	2024-01-04 07:51:20	21	0	1	0
     1111	2024-01-04 07:51:26	21	0	1	0
     2313	2024-01-04 07:51:46	21	0	1	0
      221	2024-01-04 07:52:06	21	0	1	0
      958	2024-01-04 07:52:13	21	0	1	0
      958	2024-01-04 07:52:19	21	0	1	0
      110	2024-01-04 07:53:30	21	0	1	0
      503	2024-01-04 08:00:49	21	0	1	0
      492	2024-01-04 08:04:04	21	0	1	0
      492	2024-01-04 08:04:06	21	0	1	0
     2145	2024-01-04 08:19:45	21	0	1	0
     1190	2024-01-04 08:31:57	21	0	1	0
     1190	2024-01-04 08:31:59	21	0	1	0
     2313	2024-01-04 12:01:15	21	1	1	0
      358	2024-01-04 12:01:20	21	1	1	0
      358	2024-01-04 12:01:21	21	1	1	0
     2145	2024-01-04 12:03:20	21	1	1	0
       47	2024-01-04 12:04:22	21	1	1	0
      110	2024-01-04 12:04:40	21	1	1	0
     1190	2024-01-04 12:04:55	21	1	1	0
     1190	2024-01-04 12:04:57	21	1	1	0
     2051	2024-01-04 12:06:55	21	1	1	0
     2051	2024-01-04 12:06:57	21	1	1	0
       27	2024-01-04 12:07:03	21	1	1	0
       27	2024-01-04 12:07:06	21	1	1	0
      844	2024-01-04 12:07:17	21	1	1	0
      958	2024-01-04 12:09:02	21	1	1	0
      958	2024-01-04 12:09:11	21	1	1	0
      272	2024-01-04 12:10:15	21	1	1	0
     2383	2024-01-04 12:10:51	21	1	1	0
     2145	2024-01-04 12:13:10	21	0	1	0
      488	2024-01-04 12:14:11	21	1	1	0
      221	2024-01-04 12:16:38	21	1	1	0
      447	2024-01-04 12:16:46	21	1	1	0
      844	2024-01-04 12:17:17	21	0	1	0
      110	2024-01-04 12:17:37	21	0	1	0
      503	2024-01-04 12:18:18	21	1	1	0
      272	2024-01-04 12:19:59	21	0	1	0
     1190	2024-01-04 12:20:02	21	0	1	0
     2383	2024-01-04 12:20:20	21	0	1	0
      958	2024-01-04 12:20:43	21	0	1	0
      958	2024-01-04 12:20:52	21	0	1	0
       27	2024-01-04 12:23:38	21	0	1	0
       27	2024-01-04 12:23:40	21	0	1	0
       27	2024-01-04 12:23:42	21	0	1	0
      503	2024-01-04 12:28:18	21	0	1	0
      488	2024-01-04 12:28:34	21	0	1	0
       47	2024-01-04 12:29:28	21	0	1	0
      492	2024-01-04 12:31:58	21	1	1	0
      221	2024-01-04 12:42:35	21	0	1	0
      447	2024-01-04 12:44:05	21	0	1	0
     2313	2024-01-04 12:48:23	21	0	1	0
     2051	2024-01-04 12:54:03	21	0	1	0
     2051	2024-01-04 12:54:05	21	0	1	0
      492	2024-01-04 12:59:32	21	1	1	0
      492	2024-01-04 12:59:33	21	1	1	0
       47	2024-01-04 17:00:07	21	1	1	0
     2313	2024-01-04 17:00:17	21	1	1	0
      358	2024-01-04 17:01:17	21	1	1	0
      110	2024-01-04 17:01:45	21	1	1	0
      221	2024-01-04 17:01:54	21	1	1	0
      503	2024-01-04 17:01:59	21	1	1	0
      488	2024-01-04 17:02:11	21	1	1	0
      447	2024-01-04 17:06:22	21	1	1	0
      272	2024-01-04 17:06:52	21	1	1	0
     1190	2024-01-04 17:08:19	21	0	1	0
     1190	2024-01-04 17:08:20	21	0	1	0
      958	2024-01-04 17:08:36	21	1	1	0
       27	2024-01-04 17:08:50	21	1	1	0
       27	2024-01-04 17:08:52	21	1	1	0
       27	2024-01-04 17:08:54	21	1	1	0
      958	2024-01-04 17:09:34	21	1	1	0
      844	2024-01-04 17:09:42	21	1	1	0
     2051	2024-01-04 17:10:05	21	1	1	0
     2051	2024-01-04 17:10:06	21	1	1	0
     2051	2024-01-04 17:10:33	21	1	1	0
     2383	2024-01-04 17:48:35	21	1	1	0
     2145	2024-01-04 17:50:57	21	1	1	0
     2145	2024-01-04 17:50:58	21	1	1	0
     1111	2024-01-04 18:00:56	21	1	1	0
      367	2024-01-04 18:01:13	21	1	1	0
      271	2024-01-04 18:01:29	21	1	1	0
      488	2024-01-05 07:42:53	21	0	1	0
     2383	2024-01-05 07:43:06	21	0	1	0
     2970	2024-01-05 07:43:12	21	0	1	0
     2970	2024-01-05 07:43:14	21	0	1	0
      447	2024-01-05 07:45:14	21	0	1	0
      271	2024-01-05 07:46:41	21	0	1	0
      367	2024-01-05 07:46:47	21	0	1	0
      272	2024-01-05 07:46:59	21	0	1	0
      358	2024-01-05 07:47:07	21	0	1	0
      358	2024-01-05 07:47:08	21	0	1	0
      844	2024-01-05 07:47:22	21	0	1	0
      958	2024-01-05 07:47:33	21	0	1	0
      958	2024-01-05 07:47:52	21	0	1	0
       27	2024-01-05 07:48:08	21	0	1	0
       27	2024-01-05 07:48:10	21	0	1	0
       27	2024-01-05 07:48:12	21	0	1	0
     2145	2024-01-05 07:49:24	21	0	1	0
       47	2024-01-05 07:50:38	21	0	1	0
      110	2024-01-05 07:52:40	21	0	1	0
      903	2024-01-05 07:52:46	21	0	1	0
      903	2024-01-05 07:52:47	21	0	1	0
      503	2024-01-05 07:54:28	21	0	1	0
     1111	2024-01-05 07:55:54	21	0	1	0
     2313	2024-01-05 07:56:01	21	0	1	0
       77	2024-01-05 07:56:57	21	0	1	0
     2051	2024-01-05 07:58:23	21	0	1	0
     2051	2024-01-05 07:58:24	21	0	1	0
      221	2024-01-05 08:03:21	21	0	1	0
     1190	2024-01-05 08:11:06	21	0	1	0
     1190	2024-01-05 08:11:07	21	0	1	0
     2313	2024-01-05 12:00:46	21	1	1	0
      110	2024-01-05 12:01:49	21	1	1	0
      358	2024-01-05 12:02:12	21	1	1	0
      358	2024-01-05 12:02:13	21	1	1	0
      271	2024-01-05 12:02:29	21	1	1	0
       47	2024-01-05 12:03:08	21	1	1	0
     2970	2024-01-05 12:04:37	21	1	1	0
     2970	2024-01-05 12:04:38	21	1	1	0
      367	2024-01-05 12:06:18	21	1	1	0
     2145	2024-01-05 12:06:24	21	1	1	0
       77	2024-01-05 12:07:08	21	1	1	0
     2383	2024-01-05 12:07:39	21	1	1	0
      488	2024-01-05 12:08:03	21	1	1	0
     1111	2024-01-05 12:08:38	21	1	1	0
      903	2024-01-05 12:08:44	21	1	1	0
      903	2024-01-05 12:08:46	21	1	1	0
      271	2024-01-05 12:11:59	21	0	1	0
     2145	2024-01-05 12:12:53	21	0	1	0
      221	2024-01-05 12:14:22	21	1	1	0
      503	2024-01-05 12:14:43	21	1	1	0
       47	2024-01-05 12:14:56	21	0	1	0
       27	2024-01-05 12:16:03	21	1	1	0
       27	2024-01-05 12:16:05	21	1	1	0
       27	2024-01-05 12:16:07	21	1	1	0
     2970	2024-01-05 12:16:54	21	0	1	0
     2970	2024-01-05 12:16:56	21	0	1	0
     2970	2024-01-05 12:16:58	21	0	1	0
      844	2024-01-05 12:17:45	21	1	1	0
     1190	2024-01-05 12:17:48	21	1	1	0
      958	2024-01-05 12:18:41	21	1	1	0
      958	2024-01-05 12:18:51	21	1	1	0
      367	2024-01-05 12:19:30	21	0	1	0
       77	2024-01-05 12:21:06	21	0	1	0
       27	2024-01-05 12:21:16	21	0	1	0
       27	2024-01-05 12:21:19	21	0	1	0
      272	2024-01-05 12:21:27	21	1	1	0
      488	2024-01-05 12:21:36	21	0	1	0
     1190	2024-01-05 12:22:25	21	1	1	0
      110	2024-01-05 12:23:23	21	0	1	0
      358	2024-01-05 12:23:37	21	0	1	0
      358	2024-01-05 12:23:39	21	0	1	0
     1111	2024-01-05 12:27:58	21	0	1	0
      272	2024-01-05 12:28:30	21	0	1	0
      958	2024-01-05 12:29:33	21	0	1	0
      958	2024-01-05 12:29:43	21	0	1	0
      447	2024-01-05 12:30:07	21	1	1	0
      903	2024-01-05 12:31:34	21	0	1	0
      844	2024-01-05 12:32:30	21	0	1	0
     1190	2024-01-05 12:33:42	21	0	1	0
     1190	2024-01-05 12:33:44	21	0	1	0
      221	2024-01-05 12:35:52	21	0	1	0
      503	2024-01-05 12:39:05	21	0	1	0
      447	2024-01-05 12:41:53	21	0	1	0
     2051	2024-01-05 12:42:21	21	1	1	0
     2051	2024-01-05 12:42:25	21	1	1	0
     2313	2024-01-05 12:42:42	21	0	1	0
     2383	2024-01-05 12:46:59	21	0	1	0
     2051	2024-01-05 12:56:39	21	0	1	0
     2051	2024-01-05 12:56:40	21	0	1	0
     2383	2024-01-05 12:58:30	21	0	1	0
      358	2024-01-05 16:01:05	21	0	1	0
      358	2024-01-05 16:01:11	21	1	1	0
      358	2024-01-05 16:01:16	21	1	1	0
     2313	2024-01-05 17:01:21	21	1	1	0
       47	2024-01-05 17:01:52	21	1	1	0
      903	2024-01-05 17:02:19	21	1	1	0
      903	2024-01-05 17:02:21	21	1	1	0
       77	2024-01-05 17:03:01	21	1	1	0
      110	2024-01-05 17:06:51	21	1	1	0
      221	2024-01-05 17:07:00	21	1	1	0
      447	2024-01-05 17:07:09	21	1	1	0
      503	2024-01-05 17:07:16	21	1	1	0
      488	2024-01-05 17:07:45	21	1	1	0
      271	2024-01-05 17:13:21	21	1	1	0
     2051	2024-01-05 17:14:12	21	1	1	0
     2051	2024-01-05 17:14:13	21	1	1	0
      958	2024-01-05 17:15:24	21	1	1	0
      958	2024-01-05 17:15:35	21	1	1	0
       27	2024-01-05 17:15:51	21	1	1	0
       27	2024-01-05 17:15:53	21	1	1	0
       27	2024-01-05 17:15:55	21	1	1	0
      272	2024-01-05 17:18:02	21	1	1	0
     1190	2024-01-05 17:18:16	21	1	1	0
     1190	2024-01-05 17:18:17	21	1	1	0
     2970	2024-01-05 17:19:36	21	1	1	0
     2970	2024-01-05 17:19:38	21	1	1	0
     2383	2024-01-05 17:25:03	21	1	1	0
     2145	2024-01-05 17:25:31	21	1	1	0
     2145	2024-01-05 17:25:32	21	1	1	0
      844	2024-01-05 17:27:46	21	1	1	0
      463	2024-01-05 17:32:16	21	1	1	0
     2145	2024-01-05 17:32:22	21	1	1	0
      367	2024-01-05 17:32:59	21	1	1	0
     1111	2024-01-05 17:40:03	21	1	1	0
      358	2024-01-08 07:27:51	21	0	1	0
      358	2024-01-08 07:27:55	21	0	1	0
       27	2024-01-08 07:33:30	21	0	1	0
       27	2024-01-08 07:33:32	21	0	1	0
     2383	2024-01-08 07:36:08	21	0	1	0
     2383	2024-01-08 07:36:14	21	0	1	0
      958	2024-01-08 07:38:45	21	0	1	0
      958	2024-01-08 07:39:12	21	0	1	0
      488	2024-01-08 07:41:15	21	0	1	0
       77	2024-01-08 07:43:42	21	0	1	0
      447	2024-01-08 07:45:22	21	0	1	0
      271	2024-01-08 07:45:38	21	0	1	0
      272	2024-01-08 07:45:47	21	0	1	0
      439	2024-01-08 07:46:09	21	0	1	0
      844	2024-01-08 07:46:15	21	0	1	0
      367	2024-01-08 07:46:37	21	0	1	0
     2970	2024-01-08 07:47:55	21	0	1	0
     2970	2024-01-08 07:47:57	21	0	1	0
     2970	2024-01-08 07:47:58	21	0	1	0
      110	2024-01-08 07:48:42	21	0	1	0
     1111	2024-01-08 07:55:17	21	0	1	0
     2313	2024-01-08 07:55:21	21	0	1	0
     2145	2024-01-08 07:55:58	21	0	1	0
     2051	2024-01-08 07:56:26	21	0	1	0
     2051	2024-01-08 07:56:27	21	0	1	0
       47	2024-01-08 07:58:25	21	0	1	0
     1190	2024-01-08 08:00:25	21	0	1	0
     1190	2024-01-08 08:00:26	21	0	1	0
      903	2024-01-08 08:00:28	21	0	1	0
      903	2024-01-08 08:00:29	21	0	1	0
      503	2024-01-08 08:02:43	21	0	1	0
      221	2024-01-08 08:03:08	21	0	1	0
      492	2024-01-08 08:03:13	21	0	1	0
      492	2024-01-08 08:03:17	21	0	1	0
     2051	2024-01-08 12:01:26	21	1	1	0
     2051	2024-01-08 12:01:27	21	1	1	0
       27	2024-01-08 12:01:34	21	1	1	0
       27	2024-01-08 12:01:36	21	1	1	0
       27	2024-01-08 12:01:38	21	1	1	0
      844	2024-01-08 12:02:29	21	1	1	0
      110	2024-01-08 12:03:44	21	1	1	0
     1190	2024-01-08 12:03:57	21	1	1	0
     1190	2024-01-08 12:03:58	21	1	1	0
     2970	2024-01-08 12:04:44	21	1	1	0
     2970	2024-01-08 12:04:46	21	1	1	0
      903	2024-01-08 12:06:54	21	1	1	0
      958	2024-01-08 12:07:03	21	1	1	0
      272	2024-01-08 12:07:12	21	1	1	0
      447	2024-01-08 12:09:13	21	1	1	0
     2383	2024-01-08 12:09:20	21	1	1	0
      271	2024-01-08 12:09:26	21	1	1	0
      503	2024-01-08 12:10:19	21	1	1	0
       47	2024-01-08 12:11:11	21	1	1	0
      221	2024-01-08 12:13:21	21	1	1	0
      439	2024-01-08 12:13:27	21	1	1	0
      439	2024-01-08 12:13:51	21	1	1	0
       27	2024-01-08 12:14:05	21	0	1	0
       27	2024-01-08 12:14:07	21	0	1	0
       27	2024-01-08 12:14:08	21	0	1	0
       27	2024-01-08 12:14:10	21	0	1	0
      488	2024-01-08 12:16:46	21	1	1	0
       77	2024-01-08 12:17:08	21	1	1	0
      358	2024-01-08 12:18:20	21	1	1	0
     2313	2024-01-08 12:18:30	21	1	1	0
     2145	2024-01-08 12:18:47	21	1	1	0
       77	2024-01-08 12:21:02	21	0	1	0
      271	2024-01-08 12:21:14	21	0	1	0
      492	2024-01-08 12:23:42	21	1	1	0
     1111	2024-01-08 12:27:24	21	1	1	0
     1190	2024-01-08 12:32:27	21	0	1	0
     1190	2024-01-08 12:32:29	21	0	1	0
      272	2024-01-08 12:32:41	21	0	1	0
      903	2024-01-08 12:33:15	21	0	1	0
     2051	2024-01-08 12:33:26	21	0	1	0
     2051	2024-01-08 12:33:28	21	0	1	0
     2145	2024-01-08 12:33:38	21	0	1	0
      439	2024-01-08 12:33:57	21	0	1	0
     2383	2024-01-08 12:34:08	21	0	1	0
     2970	2024-01-08 12:34:23	21	0	1	0
     2970	2024-01-08 12:34:25	21	0	1	0
      110	2024-01-08 12:35:09	21	0	1	0
      221	2024-01-08 12:35:14	21	0	1	0
      503	2024-01-08 12:35:18	21	0	1	0
      958	2024-01-08 12:35:23	21	0	1	0
      958	2024-01-08 12:35:27	21	0	1	0
      492	2024-01-08 12:35:46	21	0	1	0
      447	2024-01-08 12:36:45	21	0	1	0
      844	2024-01-08 12:36:57	21	0	1	0
     2313	2024-01-08 12:38:35	21	0	1	0
      358	2024-01-08 12:41:48	21	0	1	0
     1111	2024-01-08 12:47:52	21	0	1	0
     1190	2024-01-08 12:52:10	21	0	1	0
       47	2024-01-08 12:53:48	21	0	1	0
      367	2024-01-08 12:58:08	21	0	1	0
      488	2024-01-08 12:58:32	21	0	1	0
       47	2024-01-08 17:00:57	21	1	1	0
     2313	2024-01-08 17:02:22	21	1	1	0
       77	2024-01-08 17:05:02	21	1	1	0
      221	2024-01-08 17:06:05	21	1	1	0
      110	2024-01-08 17:06:12	21	1	1	0
      903	2024-01-08 17:06:23	21	1	1	0
      903	2024-01-08 17:06:50	21	1	1	0
      903	2024-01-08 17:06:52	21	1	1	0
      844	2024-01-08 17:07:14	21	1	1	0
      439	2024-01-08 17:08:00	21	1	1	0
      439	2024-01-08 17:08:04	21	1	1	0
      358	2024-01-08 17:08:15	21	1	1	0
      358	2024-01-08 17:08:16	21	1	1	0
      488	2024-01-08 17:09:25	21	1	1	0
      492	2024-01-08 17:11:25	21	1	1	0
      492	2024-01-08 17:11:26	21	1	1	0
      958	2024-01-08 17:12:22	21	1	1	0
      447	2024-01-08 17:12:39	21	1	1	0
     2970	2024-01-08 17:13:42	21	1	1	0
     2970	2024-01-08 17:13:43	21	1	1	0
      503	2024-01-08 17:14:33	21	1	1	0
       27	2024-01-08 17:15:51	21	1	1	0
       27	2024-01-08 17:15:53	21	1	1	0
       27	2024-01-08 17:15:55	21	1	1	0
     1190	2024-01-08 17:19:37	21	0	1	0
     1190	2024-01-08 17:19:40	21	0	1	0
      272	2024-01-08 17:22:47	21	1	1	0
     2051	2024-01-08 17:36:59	21	1	1	0
     2051	2024-01-08 17:37:00	21	1	1	0
     2145	2024-01-08 18:09:13	21	1	1	0
     2145	2024-01-08 18:09:14	21	1	1	0
     2383	2024-01-08 18:09:33	21	1	1	0
      271	2024-01-08 18:10:14	21	1	1	0
      367	2024-01-08 18:12:55	21	1	1	0
      958	2024-01-08 18:13:55	21	1	1	0
      958	2024-01-08 18:15:46	21	1	1	0
     1111	2024-01-08 18:16:23	21	1	1	0
     1111	2024-01-09 07:32:23	21	0	1	0
      447	2024-01-09 07:39:34	21	0	1	0
      358	2024-01-09 07:43:19	21	0	1	0
     2970	2024-01-09 07:45:51	21	0	1	0
     2970	2024-01-09 07:45:52	21	0	1	0
      958	2024-01-09 07:48:10	21	0	1	0
       27	2024-01-09 07:48:26	21	0	1	0
       27	2024-01-09 07:48:27	21	0	1	0
      958	2024-01-09 07:48:34	21	0	1	0
     2383	2024-01-09 07:48:54	21	0	1	0
       47	2024-01-09 07:49:31	21	0	1	0
      367	2024-01-09 07:50:05	21	0	1	0
      272	2024-01-09 07:50:15	21	0	1	0
      439	2024-01-09 07:50:26	21	0	1	0
      844	2024-01-09 07:50:32	21	0	1	0
      110	2024-01-09 07:50:40	21	0	1	0
      271	2024-01-09 07:50:50	21	0	1	0
       77	2024-01-09 07:53:52	21	0	1	0
     2145	2024-01-09 07:58:23	21	0	1	0
      903	2024-01-09 07:59:43	21	0	1	0
      903	2024-01-09 07:59:45	21	0	1	0
      492	2024-01-09 08:00:14	21	0	1	0
      492	2024-01-09 08:00:15	21	0	1	0
      503	2024-01-09 08:01:37	21	0	1	0
     1190	2024-01-09 08:03:07	21	0	1	0
     1190	2024-01-09 08:03:08	21	0	1	0
     2313	2024-01-09 08:03:15	21	0	1	0
      221	2024-01-09 08:06:49	21	0	1	0
     2051	2024-01-09 08:11:26	21	0	1	0
     2051	2024-01-09 08:11:27	21	0	1	0
      488	2024-01-09 08:15:50	21	0	1	0
       27	2024-01-09 12:00:17	21	1	1	0
       27	2024-01-09 12:00:19	21	1	1	0
       27	2024-01-09 12:00:21	21	1	1	0
     2313	2024-01-09 12:01:31	21	1	1	0
      844	2024-01-09 12:01:46	21	1	1	0
      488	2024-01-09 12:02:32	21	1	1	0
     2145	2024-01-09 12:02:36	21	1	1	0
      958	2024-01-09 12:03:33	21	1	1	0
       47	2024-01-09 12:03:45	21	1	1	0
      958	2024-01-09 12:03:50	21	1	1	0
       77	2024-01-09 12:03:59	21	1	1	0
      903	2024-01-09 12:05:56	21	1	1	0
     2145	2024-01-09 12:06:49	21	0	1	0
     1190	2024-01-09 12:08:07	21	1	1	0
     1190	2024-01-09 12:08:08	21	1	1	0
     2970	2024-01-09 12:08:17	21	1	1	0
     2970	2024-01-09 12:08:20	21	1	1	0
      358	2024-01-09 12:08:26	21	1	1	0
     2051	2024-01-09 12:09:03	21	1	1	0
     2051	2024-01-09 12:09:05	21	1	1	0
      844	2024-01-09 12:09:19	21	0	1	0
      272	2024-01-09 12:10:41	21	1	1	0
      463	2024-01-09 12:12:23	21	0	1	0
      447	2024-01-09 12:12:32	21	1	1	0
      492	2024-01-09 12:12:40	21	1	1	0
      110	2024-01-09 12:14:14	21	1	1	0
      358	2024-01-09 12:14:26	21	0	1	0
      358	2024-01-09 12:14:29	21	0	1	0
     2383	2024-01-09 12:14:39	21	1	1	0
       47	2024-01-09 12:14:52	21	0	1	0
     1190	2024-01-09 12:15:03	21	0	1	0
      221	2024-01-09 12:16:58	21	1	1	0
      439	2024-01-09 12:17:20	21	1	1	0
      492	2024-01-09 12:20:19	21	0	1	0
      503	2024-01-09 12:22:08	21	1	1	0
       27	2024-01-09 12:24:01	21	0	1	0
       27	2024-01-09 12:24:04	21	0	1	0
      503	2024-01-09 12:24:13	21	0	1	0
       77	2024-01-09 12:28:00	21	0	1	0
      110	2024-01-09 12:29:22	21	0	1	0
      439	2024-01-09 12:29:29	21	0	1	0
      439	2024-01-09 12:29:30	21	0	1	0
      272	2024-01-09 12:29:41	21	0	1	0
      958	2024-01-09 12:29:48	21	0	1	0
      958	2024-01-09 12:29:50	21	0	1	0
     2383	2024-01-09 12:30:17	21	0	1	0
      221	2024-01-09 12:33:58	21	0	1	0
      447	2024-01-09 12:39:03	21	0	1	0
      903	2024-01-09 12:39:59	21	0	1	0
      903	2024-01-09 12:40:00	21	0	1	0
      488	2024-01-09 12:42:13	21	0	1	0
     2051	2024-01-09 12:42:50	21	0	1	0
     2051	2024-01-09 12:42:51	21	0	1	0
     2313	2024-01-09 12:43:19	21	0	1	0
     2970	2024-01-09 12:45:05	21	4	1	0
     2970	2024-01-09 12:45:06	21	4	1	0
       47	2024-01-09 17:00:02	21	1	1	0
       77	2024-01-09 17:00:16	21	1	1	0
       77	2024-01-09 17:00:36	21	1	1	0
     2313	2024-01-09 17:01:12	21	1	1	0
      903	2024-01-09 17:01:16	21	1	1	0
      903	2024-01-09 17:01:19	21	1	1	0
      358	2024-01-09 17:01:32	21	1	1	0
      488	2024-01-09 17:01:43	21	1	1	0
     1190	2024-01-09 17:02:36	21	1	1	0
     1190	2024-01-09 17:02:37	21	1	1	0
     2145	2024-01-09 17:04:53	21	1	1	0
     2145	2024-01-09 17:04:54	21	1	1	0
      447	2024-01-09 17:06:36	21	1	1	0
     2383	2024-01-09 17:07:24	21	1	1	0
      503	2024-01-09 17:08:55	21	1	1	0
      272	2024-01-09 17:12:56	21	1	1	0
      958	2024-01-09 17:13:53	21	1	1	0
      958	2024-01-09 17:14:07	21	1	1	0
      110	2024-01-09 17:14:13	21	1	1	0
       27	2024-01-09 17:14:25	21	1	1	0
       27	2024-01-09 17:14:27	21	1	1	0
       27	2024-01-09 17:14:28	21	1	1	0
      221	2024-01-09 17:15:25	21	1	1	0
      439	2024-01-09 17:15:37	21	1	1	0
      844	2024-01-09 17:15:59	21	1	1	0
      447	2024-01-09 17:17:34	21	0	1	0
     2970	2024-01-09 17:29:12	21	1	1	0
     2970	2024-01-09 17:29:14	21	1	1	0
      492	2024-01-09 17:55:38	21	1	1	0
      492	2024-01-09 17:55:40	21	1	1	0
     2051	2024-01-09 18:41:47	21	1	1	0
     2051	2024-01-09 18:41:48	21	1	1	0
      447	2024-01-09 19:38:53	21	1	1	0
      447	2024-01-10 07:39:20	21	0	1	0
      358	2024-01-10 07:39:27	21	0	1	0
      488	2024-01-10 07:41:42	21	0	1	0
      272	2024-01-10 07:44:08	21	0	1	0
      844	2024-01-10 07:44:42	21	0	1	0
       27	2024-01-10 07:44:50	21	0	1	0
       27	2024-01-10 07:44:57	21	0	1	0
      903	2024-01-10 07:45:35	21	0	1	0
      903	2024-01-10 07:45:37	21	0	1	0
      903	2024-01-10 07:45:54	21	0	1	0
     2970	2024-01-10 07:46:27	21	0	1	0
     2970	2024-01-10 07:46:28	21	0	1	0
     2383	2024-01-10 07:49:08	21	0	1	0
      110	2024-01-10 07:49:54	21	0	1	0
      221	2024-01-10 07:51:17	21	0	1	0
       47	2024-01-10 07:51:38	21	0	1	0
      503	2024-01-10 07:53:32	21	0	1	0
       77	2024-01-10 07:58:28	21	0	1	0
      958	2024-01-10 07:58:49	21	0	1	0
     2051	2024-01-10 07:59:26	21	0	1	0
     2051	2024-01-10 07:59:29	21	0	1	0
     2313	2024-01-10 07:59:58	21	0	1	0
     1190	2024-01-10 08:00:17	21	0	1	0
     1190	2024-01-10 08:00:18	21	0	1	0
      492	2024-01-10 08:02:22	21	0	1	0
      492	2024-01-10 08:02:24	21	0	1	0
     2145	2024-01-10 08:05:53	21	0	1	0
      272	2024-01-10 12:01:09	21	1	1	0
       47	2024-01-10 12:01:21	21	1	1	0
      958	2024-01-10 12:01:35	21	1	1	0
     2383	2024-01-10 12:01:40	21	1	1	0
      958	2024-01-10 12:01:46	21	1	1	0
     2313	2024-01-10 12:02:10	21	1	1	0
     2970	2024-01-10 12:02:21	21	1	1	0
     2970	2024-01-10 12:02:23	21	1	1	0
     1190	2024-01-10 12:02:35	21	1	1	0
     1190	2024-01-10 12:02:36	21	1	1	0
      903	2024-01-10 12:03:06	21	1	1	0
      903	2024-01-10 12:03:08	21	1	1	0
      447	2024-01-10 12:03:41	21	1	1	0
       77	2024-01-10 12:03:59	21	1	1	0
     2145	2024-01-10 12:04:08	21	1	1	0
      110	2024-01-10 12:04:22	21	1	1	0
      358	2024-01-10 12:04:54	21	1	1	0
      221	2024-01-10 12:05:18	21	1	1	0
      492	2024-01-10 12:06:23	21	1	1	0
       27	2024-01-10 12:08:12	21	1	1	0
       27	2024-01-10 12:08:13	21	1	1	0
       27	2024-01-10 12:08:18	21	1	1	0
      844	2024-01-10 12:08:26	21	1	1	0
     2145	2024-01-10 12:10:25	21	0	1	0
     2970	2024-01-10 12:13:39	21	1	1	0
     2970	2024-01-10 12:13:43	21	1	1	0
      488	2024-01-10 12:14:34	21	1	1	0
     1190	2024-01-10 12:15:07	21	0	1	0
     1190	2024-01-10 12:15:08	21	0	1	0
      844	2024-01-10 12:16:01	21	0	1	0
      503	2024-01-10 12:16:39	21	1	1	0
      503	2024-01-10 12:24:01	21	0	1	0
     2051	2024-01-10 12:25:44	21	1	1	0
     2051	2024-01-10 12:25:45	21	1	1	0
      958	2024-01-10 12:26:06	21	0	1	0
      272	2024-01-10 12:26:10	21	0	1	0
      221	2024-01-10 12:26:21	21	0	1	0
      358	2024-01-10 12:26:52	21	0	1	0
       27	2024-01-10 12:27:01	21	0	1	0
       27	2024-01-10 12:27:03	21	0	1	0
       27	2024-01-10 12:27:08	21	0	1	0
      110	2024-01-10 12:31:03	21	0	1	0
      492	2024-01-10 12:34:00	21	0	1	0
      903	2024-01-10 12:34:54	21	0	1	0
      903	2024-01-10 12:34:56	21	0	1	0
     2313	2024-01-10 12:41:13	21	0	1	0
      488	2024-01-10 12:43:35	21	0	1	0
      447	2024-01-10 12:50:17	21	0	1	0
     2383	2024-01-10 12:50:40	21	0	1	0
     2051	2024-01-10 12:51:55	21	0	1	0
     2051	2024-01-10 12:51:57	21	0	1	0
       47	2024-01-10 12:52:09	21	0	1	0
       77	2024-01-10 12:54:21	21	0	1	0
     1190	2024-01-10 12:59:44	21	0	1	0
       47	2024-01-10 17:00:02	21	1	1	0
       77	2024-01-10 17:02:14	21	1	1	0
      110	2024-01-10 17:02:20	21	1	1	0
      221	2024-01-10 17:02:37	21	1	1	0
      503	2024-01-10 17:02:41	21	1	1	0
      358	2024-01-10 17:04:28	21	1	1	0
      903	2024-01-10 17:06:01	21	1	1	0
      903	2024-01-10 17:06:11	21	1	1	0
     2313	2024-01-10 17:06:20	21	1	1	0
      447	2024-01-10 17:06:55	21	1	1	0
      488	2024-01-10 17:09:25	21	1	1	0
       27	2024-01-10 17:09:32	21	1	1	0
       27	2024-01-10 17:09:34	21	1	1	0
       27	2024-01-10 17:09:36	21	1	1	0
     1190	2024-01-10 17:10:11	21	0	1	0
     1190	2024-01-10 17:10:14	21	1	1	0
      844	2024-01-10 17:17:41	21	1	1	0
      221	2024-01-10 17:17:53	21	0	1	0
      447	2024-01-10 17:18:11	21	0	1	0
      958	2024-01-10 17:18:29	21	1	1	0
      958	2024-01-10 17:18:31	21	1	1	0
     2970	2024-01-10 17:19:20	21	1	1	0
     2970	2024-01-10 17:19:22	21	1	1	0
     2383	2024-01-10 17:24:53	21	1	1	0
     2145	2024-01-10 17:27:17	21	1	1	0
     2145	2024-01-10 17:27:20	21	1	1	0
      272	2024-01-10 17:32:53	21	1	1	0
     2383	2024-01-10 17:34:16	21	1	1	0
      958	2024-01-10 17:34:56	21	1	1	0
     2051	2024-01-10 18:51:13	21	1	1	0
     2051	2024-01-10 18:51:15	21	1	1	0
      492	2024-01-10 18:51:54	21	1	1	0
      492	2024-01-10 18:51:56	21	1	1	0
      463	2024-01-10 18:57:47	21	1	1	0
      367	2024-01-10 19:00:25	21	1	1	0
      271	2024-01-10 19:00:33	21	1	1	0
     1111	2024-01-10 19:00:39	21	1	1	0
      221	2024-01-10 19:34:55	21	1	1	0
      447	2024-01-10 19:35:25	21	1	1	0
     2383	2024-01-11 07:37:05	21	0	1	0
      447	2024-01-11 07:37:34	21	0	1	0
      503	2024-01-11 07:42:12	21	0	1	0
      358	2024-01-11 07:42:46	21	0	1	0
      271	2024-01-11 07:46:28	21	0	1	0
      272	2024-01-11 07:46:32	21	0	1	0
      844	2024-01-11 07:46:50	21	0	1	0
      367	2024-01-11 07:46:56	21	0	1	0
       27	2024-01-11 07:49:18	21	0	1	0
       27	2024-01-11 07:49:20	21	0	1	0
       27	2024-01-11 07:49:22	21	0	1	0
      110	2024-01-11 07:50:37	21	0	1	0
      221	2024-01-11 07:50:42	21	0	1	0
     2970	2024-01-11 07:51:37	21	0	1	0
     2970	2024-01-11 07:51:39	21	0	1	0
       47	2024-01-11 07:52:09	21	0	1	0
      488	2024-01-11 07:56:59	21	0	1	0
      958	2024-01-11 07:58:28	21	0	1	0
      958	2024-01-11 07:58:29	21	0	1	0
     2051	2024-01-11 07:58:51	21	0	1	0
     2051	2024-01-11 07:58:53	21	0	1	0
     2145	2024-01-11 07:58:58	21	0	1	0
       77	2024-01-11 07:59:06	21	0	1	0
      903	2024-01-11 07:59:24	21	0	1	0
      903	2024-01-11 07:59:25	21	0	1	0
     1111	2024-01-11 08:01:25	21	0	1	0
     2313	2024-01-11 08:01:33	21	0	1	0
      492	2024-01-11 08:01:56	21	0	1	0
      492	2024-01-11 08:01:58	21	0	1	0
     1190	2024-01-11 08:03:22	21	0	1	0
     1190	2024-01-11 08:03:24	21	0	1	0
     2145	2024-01-11 12:01:01	21	1	1	0
     2313	2024-01-11 12:01:12	21	1	1	0
       27	2024-01-11 12:01:33	21	1	1	0
       27	2024-01-11 12:01:35	21	1	1	0
       27	2024-01-11 12:01:36	21	1	1	0
      844	2024-01-11 12:01:52	21	0	1	0
       77	2024-01-11 12:02:02	21	1	1	0
      358	2024-01-11 12:02:16	21	1	1	0
     2970	2024-01-11 12:02:28	21	1	1	0
     2970	2024-01-11 12:02:32	21	1	1	0
     2051	2024-01-11 12:03:16	21	1	1	0
     2051	2024-01-11 12:03:17	21	1	1	0
     1190	2024-01-11 12:03:39	21	1	1	0
     1190	2024-01-11 12:03:40	21	1	1	0
     2383	2024-01-11 12:04:30	21	1	1	0
       47	2024-01-11 12:06:19	21	1	1	0
      958	2024-01-11 12:06:40	21	1	1	0
      958	2024-01-11 12:06:42	21	1	1	0
      903	2024-01-11 12:06:47	21	1	1	0
      492	2024-01-11 12:06:56	21	1	1	0
      272	2024-01-11 12:07:09	21	1	1	0
     1111	2024-01-11 12:07:17	21	1	1	0
      110	2024-01-11 12:07:23	21	1	1	0
      447	2024-01-11 12:14:06	21	1	1	0
       27	2024-01-11 12:15:56	21	0	1	0
       27	2024-01-11 12:15:57	21	0	1	0
       27	2024-01-11 12:16:00	21	0	1	0
      272	2024-01-11 12:17:29	21	0	1	0
      367	2024-01-11 12:18:07	21	1	1	0
       77	2024-01-11 12:18:27	21	0	1	0
      221	2024-01-11 12:18:37	21	1	1	0
     2970	2024-01-11 12:19:56	21	0	1	0
     2970	2024-01-11 12:19:58	21	0	1	0
     2970	2024-01-11 12:20:13	21	0	1	0
      110	2024-01-11 12:21:22	21	0	1	0
       47	2024-01-11 12:21:31	21	0	1	0
     1190	2024-01-11 12:21:42	21	0	1	0
     1190	2024-01-11 12:21:43	21	0	1	0
      492	2024-01-11 12:22:10	21	0	1	0
     2145	2024-01-11 12:22:25	21	0	1	0
      221	2024-01-11 12:27:18	21	0	1	0
      488	2024-01-11 12:27:34	21	1	1	0
      503	2024-01-11 12:28:34	21	1	1	0
      503	2024-01-11 12:28:49	21	1	1	0
      844	2024-01-11 12:29:00	21	1	1	0
      447	2024-01-11 12:33:04	21	0	1	0
     1111	2024-01-11 12:33:40	21	1	1	0
     1111	2024-01-11 12:33:47	21	0	1	0
      271	2024-01-11 12:33:57	21	1	1	0
      503	2024-01-11 12:34:35	21	0	1	0
     2051	2024-01-11 12:34:45	21	0	1	0
     2051	2024-01-11 12:34:47	21	0	1	0
      958	2024-01-11 12:37:57	21	0	1	0
      958	2024-01-11 12:37:59	21	0	1	0
      358	2024-01-11 12:39:44	21	0	1	0
      488	2024-01-11 12:40:04	21	0	1	0
     1190	2024-01-11 12:40:49	21	0	1	0
     2313	2024-01-11 12:43:26	21	0	1	0
     2383	2024-01-11 12:45:13	21	0	1	0
      271	2024-01-11 12:45:58	21	0	1	0
      903	2024-01-11 12:51:57	21	0	1	0
      903	2024-01-11 12:52:07	21	0	1	0
       47	2024-01-11 17:00:07	21	1	1	0
      110	2024-01-11 17:03:56	21	1	1	0
      503	2024-01-11 17:04:03	21	1	1	0
     2313	2024-01-11 17:04:12	21	1	1	0
      358	2024-01-11 17:04:20	21	1	1	0
      358	2024-01-11 17:04:22	21	1	1	0
      903	2024-01-11 17:04:34	21	1	1	0
      903	2024-01-11 17:04:37	21	1	1	0
     2970	2024-01-11 17:06:24	21	1	1	0
     2970	2024-01-11 17:06:27	21	1	1	0
       77	2024-01-11 17:07:28	21	1	1	0
      844	2024-01-11 17:07:49	21	1	1	0
      488	2024-01-11 17:08:11	21	1	1	0
      958	2024-01-11 17:08:35	21	1	1	0
      958	2024-01-11 17:08:37	21	1	1	0
      447	2024-01-11 17:08:45	21	1	1	0
      272	2024-01-11 17:08:52	21	1	1	0
     1190	2024-01-11 17:11:33	21	1	1	0
     1190	2024-01-11 17:11:34	21	1	1	0
       27	2024-01-11 17:11:57	21	1	1	0
       27	2024-01-11 17:11:59	21	1	1	0
      271	2024-01-11 17:13:56	21	1	1	0
      221	2024-01-11 17:20:31	21	1	1	0
      447	2024-01-11 17:20:46	21	0	1	0
      221	2024-01-11 17:27:04	21	0	1	0
     2383	2024-01-11 17:29:17	21	1	1	0
     1111	2024-01-11 17:39:40	21	1	1	0
     2051	2024-01-11 17:40:32	21	1	1	0
     2051	2024-01-11 17:40:33	21	1	1	0
      463	2024-01-11 17:43:07	21	1	1	0
     2145	2024-01-11 18:32:42	21	1	1	0
     2145	2024-01-11 18:32:44	21	1	1	0
      492	2024-01-11 18:34:52	21	1	1	0
      492	2024-01-11 18:34:54	21	1	1	0
      367	2024-01-11 18:54:00	21	1	1	0
      447	2024-01-11 19:35:00	21	1	1	0
      221	2024-01-11 19:35:07	21	1	1	0
       27	2024-01-12 07:33:33	21	0	1	0
       27	2024-01-12 07:33:40	21	0	1	0
     1111	2024-01-12 07:34:09	21	0	1	0
     1111	2024-01-12 07:34:38	21	0	1	0
      358	2024-01-12 07:39:45	21	0	1	0
      358	2024-01-12 07:39:46	21	0	1	0
      958	2024-01-12 07:40:54	21	0	1	0
      958	2024-01-12 07:40:56	21	0	1	0
     2383	2024-01-12 07:43:35	21	0	1	0
      271	2024-01-12 07:46:54	21	0	1	0
      367	2024-01-12 07:47:03	21	0	1	0
      272	2024-01-12 07:47:09	21	0	1	0
      844	2024-01-12 07:47:15	21	0	1	0
      110	2024-01-12 07:47:41	21	0	1	0
       77	2024-01-12 07:51:23	21	0	1	0
       47	2024-01-12 07:51:38	21	0	1	0
     2970	2024-01-12 07:52:26	21	0	1	0
     2970	2024-01-12 07:52:28	21	0	1	0
      488	2024-01-12 07:53:37	21	0	1	0
     2313	2024-01-12 07:54:03	21	0	1	0
      503	2024-01-12 07:55:12	21	0	1	0
      221	2024-01-12 07:56:31	21	0	1	0
      903	2024-01-12 07:58:44	21	0	1	0
      903	2024-01-12 07:58:46	21	0	1	0
     2145	2024-01-12 07:58:54	21	0	1	0
      492	2024-01-12 07:59:25	21	0	1	0
      492	2024-01-12 07:59:26	21	0	1	0
     1190	2024-01-12 08:00:10	21	0	1	0
     1190	2024-01-12 08:00:12	21	0	1	0
     2051	2024-01-12 08:05:47	21	0	1	0
     2051	2024-01-12 08:05:49	21	0	1	0
     2145	2024-01-12 12:02:03	21	1	1	0
       77	2024-01-12 12:02:12	21	1	1	0
       47	2024-01-12 12:02:30	21	1	1	0
     2051	2024-01-12 12:03:40	21	1	1	0
     2051	2024-01-12 12:03:42	21	1	1	0
     1190	2024-01-12 12:03:44	21	1	1	0
     1190	2024-01-12 12:03:46	21	1	1	0
      110	2024-01-12 12:03:53	21	1	1	0
      358	2024-01-12 12:04:39	21	1	1	0
    10006	2024-01-12 12:04:59	21	0	1	0
    10006	2024-01-12 12:06:24	21	1	1	0
      903	2024-01-12 12:06:31	21	1	1	0
     2051	2024-01-12 12:06:36	21	0	1	0
     2970	2024-01-12 12:06:43	21	0	1	0
      272	2024-01-12 12:06:53	21	1	1	0
     2313	2024-01-12 12:07:00	21	1	1	0
      492	2024-01-12 12:07:15	21	1	1	0
      221	2024-01-12 12:08:25	21	1	1	0
       77	2024-01-12 12:09:03	21	0	1	0
       27	2024-01-12 12:09:15	21	1	1	0
       27	2024-01-12 12:09:17	21	1	1	0
       27	2024-01-12 12:09:19	21	1	1	0
      844	2024-01-12 12:09:40	21	1	1	0
      488	2024-01-12 12:10:00	21	1	1	0
      463	2024-01-12 12:10:50	21	1	1	0
      367	2024-01-12 12:11:18	21	1	1	0
      958	2024-01-12 12:11:34	21	1	1	0
      958	2024-01-12 12:11:52	21	1	1	0
     2145	2024-01-12 12:12:28	21	0	1	0
      271	2024-01-12 12:12:41	21	1	1	0
     2383	2024-01-12 12:13:16	21	1	1	0
     2145	2024-01-12 12:13:44	21	0	1	0
      503	2024-01-12 12:14:01	21	1	1	0
       27	2024-01-12 12:14:30	21	1	1	0
       27	2024-01-12 12:14:43	21	0	1	0
       27	2024-01-12 12:14:46	21	0	1	0
       27	2024-01-12 12:14:49	21	0	1	0
      447	2024-01-12 12:18:17	21	0	1	0
      844	2024-01-12 12:19:25	21	0	1	0
      110	2024-01-12 12:21:13	21	0	1	0
      503	2024-01-12 12:22:18	21	0	1	0
     2970	2024-01-12 12:23:14	21	1	1	0
      358	2024-01-12 12:24:03	21	0	1	0
      358	2024-01-12 12:24:08	21	0	1	0
      272	2024-01-12 12:26:57	21	0	1	0
      958	2024-01-12 12:27:11	21	0	1	0
      958	2024-01-12 12:27:13	21	0	1	0
      271	2024-01-12 12:27:39	21	0	1	0
      221	2024-01-12 12:30:08	21	0	1	0
      492	2024-01-12 12:31:17	21	0	1	0
     1111	2024-01-12 12:32:47	21	1	1	0
      903	2024-01-12 12:33:29	21	0	1	0
     1190	2024-01-12 12:33:59	21	0	1	0
     1190	2024-01-12 12:34:00	21	0	1	0
     2970	2024-01-12 12:37:20	21	0	1	0
      844	2024-01-12 12:40:59	21	0	1	0
      463	2024-01-12 12:45:04	21	0	1	0
      367	2024-01-12 12:46:04	21	0	1	0
     2313	2024-01-12 12:46:23	21	0	1	0
       47	2024-01-12 12:46:31	21	0	1	0
      488	2024-01-12 12:46:44	21	0	1	0
     1111	2024-01-12 12:50:09	21	0	1	0
     2383	2024-01-12 12:51:06	21	0	1	0
       47	2024-01-12 17:00:02	21	1	1	0
     2970	2024-01-12 17:00:50	21	1	1	0
     2970	2024-01-12 17:00:52	21	1	1	0
      358	2024-01-12 17:00:57	21	1	1	0
      488	2024-01-12 17:01:04	21	1	1	0
      492	2024-01-12 17:01:26	21	1	1	0
       77	2024-01-12 17:01:30	21	1	1	0
       77	2024-01-12 17:01:35	21	1	1	0
      492	2024-01-12 17:03:28	21	1	1	0
     2313	2024-01-12 17:03:36	21	1	1	0
      503	2024-01-12 17:03:42	21	1	1	0
      110	2024-01-12 17:03:59	21	1	1	0
     1190	2024-01-12 17:04:11	21	1	1	0
     1190	2024-01-12 17:04:13	21	1	1	0
      221	2024-01-12 17:04:35	21	1	1	0
      447	2024-01-12 17:04:44	21	1	1	0
      844	2024-01-12 17:04:55	21	1	1	0
       27	2024-01-12 17:05:29	21	1	1	0
       27	2024-01-12 17:05:30	21	1	1	0
       27	2024-01-12 17:05:32	21	1	1	0
      903	2024-01-12 17:06:24	21	1	1	0
      903	2024-01-12 17:06:25	21	1	1	0
     2383	2024-01-12 17:07:42	21	1	1	0
      271	2024-01-12 17:10:13	21	1	1	0
      958	2024-01-12 17:10:28	21	1	1	0
      958	2024-01-12 17:10:30	21	1	1	0
     2145	2024-01-12 17:10:39	21	1	1	0
     2145	2024-01-12 17:10:41	21	1	1	0
     2383	2024-01-12 17:12:55	21	1	1	0
      447	2024-01-12 17:15:30	21	0	1	0
      221	2024-01-12 17:15:35	21	0	1	0
    10006	2024-01-12 17:25:14	21	0	1	0
     2051	2024-01-12 17:26:27	21	1	1	0
     2051	2024-01-12 17:26:28	21	1	1	0
     1111	2024-01-12 17:30:38	21	1	1	0
      272	2024-01-12 17:32:30	21	1	1	0
      367	2024-01-12 17:32:40	21	1	1	0
      221	2024-01-12 19:31:07	21	1	1	0
      447	2024-01-12 19:31:27	21	1	1	0
      447	2024-01-15 07:13:28	21	0	1	0
      439	2024-01-15 07:41:10	21	0	1	0
       77	2024-01-15 07:41:22	21	0	1	0
      358	2024-01-15 07:41:53	21	0	1	0
       27	2024-01-15 07:42:53	21	0	1	0
       27	2024-01-15 07:42:55	21	0	1	0
       27	2024-01-15 07:42:57	21	0	1	0
      903	2024-01-15 07:43:19	21	0	1	0
      903	2024-01-15 07:43:20	21	0	1	0
      958	2024-01-15 07:44:36	21	0	1	0
      271	2024-01-15 07:45:31	21	0	1	0
      367	2024-01-15 07:45:40	21	0	1	0
      272	2024-01-15 07:45:54	21	0	1	0
      844	2024-01-15 07:46:14	21	0	1	0
      903	2024-01-15 07:47:54	21	0	1	0
     2383	2024-01-15 07:48:30	21	0	1	0
      488	2024-01-15 07:50:21	21	0	1	0
     2970	2024-01-15 07:52:14	21	0	1	0
     2970	2024-01-15 07:52:16	21	0	1	0
      221	2024-01-15 07:53:44	21	0	1	0
      110	2024-01-15 07:54:13	21	0	1	0
     2145	2024-01-15 07:55:22	21	0	1	0
     2313	2024-01-15 07:55:53	21	0	1	0
     1111	2024-01-15 07:55:57	21	0	1	0
       47	2024-01-15 07:57:21	21	0	1	0
     2051	2024-01-15 07:57:25	21	0	1	0
     2051	2024-01-15 07:57:26	21	0	1	0
     1190	2024-01-15 08:01:16	21	0	1	0
     1190	2024-01-15 08:01:18	21	0	1	0
      503	2024-01-15 08:01:25	21	0	1	0
      492	2024-01-15 08:04:02	21	0	1	0
      492	2024-01-15 08:04:03	21	0	1	0
      488	2024-01-15 12:00:41	21	1	1	0
     2313	2024-01-15 12:00:53	21	1	1	0
     2145	2024-01-15 12:01:05	21	1	1	0
     2970	2024-01-15 12:01:11	21	1	1	0
     2970	2024-01-15 12:01:15	21	1	1	0
      358	2024-01-15 12:01:20	21	1	1	0
      272	2024-01-15 12:01:46	21	1	1	0
     2970	2024-01-15 12:01:59	21	1	1	0
      958	2024-01-15 12:02:04	21	1	1	0
      958	2024-01-15 12:02:15	21	1	1	0
     2051	2024-01-15 12:02:43	21	1	1	0
     2051	2024-01-15 12:02:44	21	1	1	0
       27	2024-01-15 12:03:18	21	1	1	0
       27	2024-01-15 12:03:20	21	1	1	0
       27	2024-01-15 12:03:21	21	1	1	0
      844	2024-01-15 12:03:49	21	1	1	0
      221	2024-01-15 12:03:55	21	1	1	0
      903	2024-01-15 12:04:34	21	1	1	0
      903	2024-01-15 12:04:45	21	1	1	0
       77	2024-01-15 12:05:09	21	1	1	0
      492	2024-01-15 12:05:42	21	1	1	0
      110	2024-01-15 12:05:59	21	1	1	0
     2145	2024-01-15 12:06:09	21	0	1	0
      492	2024-01-15 12:06:14	21	1	1	0
     2145	2024-01-15 12:06:40	21	0	1	0
     1111	2024-01-15 12:09:06	21	1	1	0
      367	2024-01-15 12:10:02	21	1	1	0
     1190	2024-01-15 12:10:55	21	1	1	0
     1190	2024-01-15 12:10:57	21	1	1	0
      447	2024-01-15 12:11:06	21	1	1	0
      439	2024-01-15 12:12:15	21	1	1	0
       27	2024-01-15 12:14:13	21	0	1	0
       27	2024-01-15 12:14:15	21	0	1	0
      367	2024-01-15 12:14:21	21	0	1	0
      271	2024-01-15 12:14:35	21	1	1	0
     2383	2024-01-15 12:14:47	21	1	1	0
       77	2024-01-15 12:15:41	21	0	1	0
     2970	2024-01-15 12:18:05	21	0	1	0
      844	2024-01-15 12:19:00	21	0	1	0
     1190	2024-01-15 12:19:57	21	0	1	0
     1190	2024-01-15 12:19:59	21	0	1	0
       47	2024-01-15 12:20:32	21	1	1	0
      503	2024-01-15 12:21:13	21	1	1	0
      110	2024-01-15 12:22:28	21	0	1	0
      221	2024-01-15 12:24:25	21	0	1	0
      272	2024-01-15 12:25:16	21	0	1	0
      958	2024-01-15 12:25:23	21	0	1	0
      958	2024-01-15 12:25:25	21	0	1	0
      271	2024-01-15 12:25:40	21	0	1	0
      358	2024-01-15 12:26:04	21	0	1	0
      503	2024-01-15 12:27:58	21	0	1	0
     2383	2024-01-15 12:28:14	21	0	1	0
      492	2024-01-15 12:28:42	21	0	1	0
      439	2024-01-15 12:29:31	21	0	1	0
     2051	2024-01-15 12:29:39	21	0	1	0
     2051	2024-01-15 12:29:43	21	0	1	0
       47	2024-01-15 12:30:02	21	0	1	0
      903	2024-01-15 12:30:07	21	0	1	0
      903	2024-01-15 12:30:09	21	0	1	0
      447	2024-01-15 12:34:14	21	0	1	0
      488	2024-01-15 12:44:00	21	0	1	0
     2313	2024-01-15 12:44:11	21	0	1	0
     1111	2024-01-15 12:45:03	21	0	1	0
       47	2024-01-15 17:00:02	21	1	1	0
       77	2024-01-15 17:01:05	21	1	1	0
     2313	2024-01-15 17:01:23	21	1	1	0
      903	2024-01-15 17:01:28	21	1	1	0
      903	2024-01-15 17:01:29	21	1	1	0
      110	2024-01-15 17:01:45	21	1	1	0
      492	2024-01-15 17:02:12	21	1	1	0
      492	2024-01-15 17:02:15	21	1	1	0
      358	2024-01-15 17:02:18	21	1	1	0
      358	2024-01-15 17:02:22	21	1	1	0
      958	2024-01-15 17:04:00	21	1	1	0
      958	2024-01-15 17:04:02	21	1	1	0
      272	2024-01-15 17:05:24	21	1	1	0
     2970	2024-01-15 17:05:35	21	1	1	0
     2970	2024-01-15 17:05:37	21	1	1	0
       27	2024-01-15 17:06:32	21	1	1	0
       27	2024-01-15 17:06:34	21	1	1	0
       27	2024-01-15 17:06:36	21	1	1	0
       27	2024-01-15 17:06:37	21	1	1	0
      488	2024-01-15 17:09:23	21	1	1	0
      439	2024-01-15 17:09:45	21	1	1	0
      221	2024-01-15 17:09:50	21	1	1	0
      221	2024-01-15 17:10:02	21	1	1	0
     1111	2024-01-15 17:11:46	21	1	1	0
      271	2024-01-15 17:11:58	21	1	1	0
      447	2024-01-15 17:12:13	21	1	1	0
      958	2024-01-15 17:12:29	21	1	1	0
     2145	2024-01-15 17:14:22	21	1	1	0
     2145	2024-01-15 17:14:23	21	1	1	0
     2383	2024-01-15 17:22:57	21	1	1	0
     2145	2024-01-15 17:23:31	21	1	1	0
     2145	2024-01-15 17:23:33	21	1	1	0
     2051	2024-01-15 17:26:39	21	1	1	0
     2051	2024-01-15 17:26:41	21	1	1	0
      503	2024-01-15 18:40:32	21	1	1	0
      844	2024-01-15 19:03:19	21	1	1	0
      367	2024-01-15 19:07:43	21	1	1	0
      903	2024-01-16 08:38:29	21	0	1	0
     2383	2024-01-17 07:30:36	21	0	1	0
      903	2024-01-17 07:34:05	21	0	1	0
      903	2024-01-17 07:34:06	21	0	1	0
       27	2024-01-17 07:37:51	21	0	1	0
       27	2024-01-17 07:37:52	21	0	1	0
       27	2024-01-17 07:37:54	21	0	1	0
      358	2024-01-17 07:42:36	21	0	1	0
      358	2024-01-17 07:42:38	21	0	1	0
       77	2024-01-17 07:47:28	21	0	1	0
      271	2024-01-17 07:47:38	21	0	1	0
      367	2024-01-17 07:47:49	21	0	1	0
      272	2024-01-17 07:48:00	21	0	1	0
      439	2024-01-17 07:48:09	21	0	1	0
      844	2024-01-17 07:48:17	21	0	1	0
     1111	2024-01-17 07:49:14	21	0	1	0
     2313	2024-01-17 07:49:21	21	0	1	0
       77	2024-01-17 07:49:59	21	0	1	0
      447	2024-01-17 07:50:12	21	0	1	0
      110	2024-01-17 07:50:25	21	0	1	0
      958	2024-01-17 07:52:16	21	0	1	0
      958	2024-01-17 07:52:17	21	0	1	0
     2970	2024-01-17 07:52:29	21	0	1	0
     2970	2024-01-17 07:52:35	21	0	1	0
       47	2024-01-17 07:57:32	21	0	1	0
     1190	2024-01-17 07:59:24	21	0	1	0
     1190	2024-01-17 07:59:26	21	0	1	0
     2145	2024-01-17 08:00:22	21	0	1	0
     2051	2024-01-17 08:00:26	21	0	1	0
     2051	2024-01-17 08:00:28	21	0	1	0
      492	2024-01-17 08:02:15	21	0	1	0
      492	2024-01-17 08:02:17	21	0	1	0
      488	2024-01-17 08:03:52	21	0	1	0
      221	2024-01-17 08:08:29	21	0	1	0
      503	2024-01-17 08:09:43	21	0	1	0
   222222	2024-01-17 08:22:53	21	0	1	0
     1190	2024-01-17 12:01:29	21	1	1	0
     1190	2024-01-17 12:01:31	21	1	1	0
      488	2024-01-17 12:01:37	21	1	1	0
      110	2024-01-17 12:02:56	21	1	1	0
      903	2024-01-17 12:03:01	21	1	1	0
      903	2024-01-17 12:03:05	21	1	1	0
       77	2024-01-17 12:03:12	21	1	1	0
      358	2024-01-17 12:03:20	21	1	1	0
       27	2024-01-17 12:03:26	21	1	1	0
       27	2024-01-17 12:03:28	21	1	1	0
       27	2024-01-17 12:03:30	21	1	1	0
      844	2024-01-17 12:03:37	21	1	1	0
      272	2024-01-17 12:04:13	21	1	1	0
     2313	2024-01-17 12:04:27	21	1	1	0
      221	2024-01-17 12:04:49	21	1	1	0
      958	2024-01-17 12:05:20	21	1	1	0
      958	2024-01-17 12:05:22	21	1	1	0
      492	2024-01-17 12:05:26	21	1	1	0
      492	2024-01-17 12:05:28	21	1	1	0
     2970	2024-01-17 12:05:33	21	1	1	0
     2970	2024-01-17 12:05:35	21	1	1	0
     2051	2024-01-17 12:05:53	21	1	1	0
     2051	2024-01-17 12:05:55	21	1	1	0
      503	2024-01-17 12:06:01	21	1	1	0
       47	2024-01-17 12:06:25	21	1	1	0
     2145	2024-01-17 12:07:10	21	1	1	0
      439	2024-01-17 12:07:27	21	1	1	0
       27	2024-01-17 12:09:25	21	0	1	0
       27	2024-01-17 12:09:30	21	0	1	0
       27	2024-01-17 12:09:32	21	0	1	0
       27	2024-01-17 12:09:34	21	0	1	0
     2145	2024-01-17 12:13:09	21	0	1	0
     1111	2024-01-17 12:13:41	21	1	1	0
      447	2024-01-17 12:16:00	21	1	1	0
     1190	2024-01-17 12:16:10	21	0	1	0
     1190	2024-01-17 12:16:12	21	0	1	0
       47	2024-01-17 12:17:16	21	0	1	0
     2970	2024-01-17 12:18:43	21	0	1	0
     2970	2024-01-17 12:18:46	21	0	1	0
      439	2024-01-17 12:19:49	21	0	1	0
     2383	2024-01-17 12:21:57	21	1	1	0
     2313	2024-01-17 12:28:06	21	0	1	0
      503	2024-01-17 12:28:51	21	0	1	0
     1111	2024-01-17 12:29:16	21	0	1	0
      447	2024-01-17 12:30:20	21	0	1	0
      221	2024-01-17 12:31:11	21	0	1	0
      958	2024-01-17 12:31:50	21	0	1	0
      492	2024-01-17 12:31:55	21	0	1	0
      958	2024-01-17 12:31:58	21	0	1	0
      110	2024-01-17 12:32:17	21	0	1	0
      903	2024-01-17 12:33:35	21	0	1	0
      903	2024-01-17 12:33:37	21	0	1	0
      271	2024-01-17 12:34:06	21	1	1	0
      358	2024-01-17 12:39:20	21	0	1	0
     2383	2024-01-17 12:39:30	21	0	1	0
     2051	2024-01-17 12:41:35	21	0	1	0
     2051	2024-01-17 12:41:37	21	0	1	0
      272	2024-01-17 12:45:20	21	0	1	0
       77	2024-01-17 12:48:05	21	0	1	0
      488	2024-01-17 13:05:30	21	0	1	0
