      260	2024-01-02 06:47:25	23	0	1	0
      260	2024-01-02 06:47:27	23	0	1	0
      260	2024-01-02 06:47:50	23	0	1	0
      260	2024-01-02 06:47:52	23	0	1	0
      191	2024-01-02 07:24:31	23	0	1	0
      191	2024-01-02 07:24:36	23	0	1	0
     2089	2024-01-02 07:50:57	23	0	1	0
     2089	2024-01-02 07:50:58	23	0	1	0
      680	2024-01-02 07:52:43	23	0	1	0
     1634	2024-01-02 07:54:04	23	0	1	0
     1634	2024-01-02 07:54:05	23	0	1	0
      845	2024-01-02 07:54:28	23	0	1	0
      845	2024-01-02 07:54:30	23	0	1	0
      330	2024-01-02 07:55:18	23	0	1	0
      343	2024-01-02 07:55:24	23	0	1	0
      343	2024-01-02 07:55:28	23	0	1	0
      330	2024-01-02 07:55:41	23	0	1	0
     2100	2024-01-02 07:57:42	23	0	1	0
     2100	2024-01-02 07:57:44	23	0	1	0
     1175	2024-01-02 07:58:21	23	0	1	0
     1175	2024-01-02 07:58:23	23	0	1	0
      105	2024-01-02 07:58:56	23	0	1	0
      105	2024-01-02 07:58:59	23	0	1	0
      205	2024-01-02 07:59:13	23	0	1	0
      223	2024-01-02 08:00:14	23	0	1	0
      802	2024-01-02 08:09:43	23	0	1	0
       36	2024-01-02 08:21:13	23	0	1	0
     2444	2024-01-02 08:41:15	23	0	1	0
     1655	2024-01-02 08:52:34	23	0	1	0
     1634	2024-01-02 12:00:04	23	1	1	0
      223	2024-01-02 12:00:10	23	1	1	0
     1175	2024-01-02 12:00:16	23	1	1	0
     1175	2024-01-02 12:00:22	23	1	1	0
      802	2024-01-02 12:00:26	23	1	1	0
      191	2024-01-02 12:00:32	23	1	1	0
     1655	2024-01-02 12:00:39	23	1	1	0
      343	2024-01-02 12:00:46	23	1	1	0
     2100	2024-01-02 12:01:10	23	1	1	0
     2100	2024-01-02 12:01:11	23	1	1	0
      330	2024-01-02 12:02:09	23	1	1	0
      845	2024-01-02 12:02:40	23	1	1	0
      205	2024-01-02 12:04:40	23	1	1	0
      223	2024-01-02 12:05:30	23	0	1	0
      802	2024-01-02 12:06:39	23	0	1	0
     2089	2024-01-02 12:06:58	23	1	1	0
     2089	2024-01-02 12:07:00	23	1	1	0
     1655	2024-01-02 12:09:07	23	0	1	0
       36	2024-01-02 12:09:43	23	1	1	0
      105	2024-01-02 12:11:00	23	1	1	0
      343	2024-01-02 12:11:44	23	0	1	0
      343	2024-01-02 12:11:47	23	0	1	0
      260	2024-01-02 12:18:05	23	1	1	0
      260	2024-01-02 12:18:07	23	1	1	0
      260	2024-01-02 12:20:05	23	0	1	0
      260	2024-01-02 12:20:07	23	0	1	0
     1175	2024-01-02 12:20:26	23	0	1	0
     1175	2024-01-02 12:20:28	23	0	1	0
      205	2024-01-02 12:26:07	23	0	1	0
     2444	2024-01-02 12:27:00	23	1	1	0
     2444	2024-01-02 12:28:22	23	0	1	0
      845	2024-01-02 12:30:56	23	0	1	0
      330	2024-01-02 12:32:46	23	0	1	0
      191	2024-01-02 12:34:33	23	0	1	0
       36	2024-01-02 12:36:53	23	0	1	0
      105	2024-01-02 12:37:21	23	0	1	0
     2089	2024-01-02 12:39:40	23	0	1	0
     2089	2024-01-02 12:39:42	23	0	1	0
     1634	2024-01-02 12:51:21	23	0	1	0
     1634	2024-01-02 12:51:23	23	0	1	0
      223	2024-01-02 17:00:04	23	1	1	0
     1634	2024-01-02 17:00:08	23	1	1	0
     1634	2024-01-02 17:00:09	23	1	1	0
      845	2024-01-02 17:00:24	23	1	1	0
      260	2024-01-02 17:00:28	23	1	1	0
      260	2024-01-02 17:00:30	23	1	1	0
      105	2024-01-02 17:01:00	23	1	1	0
      105	2024-01-02 17:01:03	23	1	1	0
       36	2024-01-02 17:01:09	23	1	1	0
     1655	2024-01-02 17:01:22	23	1	1	0
      330	2024-01-02 17:01:56	23	1	1	0
      330	2024-01-02 17:01:58	23	1	1	0
      343	2024-01-02 17:02:43	23	1	1	0
      343	2024-01-02 17:02:47	23	1	1	0
      205	2024-01-02 17:02:57	23	1	1	0
      343	2024-01-02 17:03:05	23	1	1	0
     2089	2024-01-02 17:03:37	23	1	1	0
     2089	2024-01-02 17:03:38	23	1	1	0
      802	2024-01-02 17:04:05	23	1	1	0
     1175	2024-01-02 17:04:19	23	1	1	0
     1175	2024-01-02 17:04:20	23	1	1	0
      191	2024-01-02 17:07:47	23	1	1	0
     2444	2024-01-02 17:07:54	23	1	1	0
     2444	2024-01-02 17:28:42	23	1	1	0
      680	2024-01-02 17:34:34	23	1	1	0
      223	2024-01-03 06:38:35	23	0	1	0
     1655	2024-01-03 07:16:25	23	0	1	0
      205	2024-01-03 07:27:07	23	0	1	0
      403	2024-01-03 07:41:35	23	0	1	0
      279	2024-01-03 07:42:51	23	0	1	0
     2100	2024-01-03 07:45:34	23	0	1	0
     2100	2024-01-03 07:45:36	23	0	1	0
     2089	2024-01-03 07:47:03	23	0	1	0
     2089	2024-01-03 07:47:05	23	0	1	0
     1634	2024-01-03 07:55:06	23	0	1	0
     1634	2024-01-03 07:55:08	23	0	1	0
      224	2024-01-03 07:55:34	23	0	1	0
      224	2024-01-03 07:55:36	23	0	1	0
      845	2024-01-03 07:56:58	23	0	1	0
     1175	2024-01-03 07:59:16	23	0	1	0
     1175	2024-01-03 07:59:23	23	0	1	0
     1634	2024-01-03 07:59:37	23	0	1	0
      680	2024-01-03 07:59:44	23	0	1	0
      343	2024-01-03 08:00:27	23	0	1	0
      343	2024-01-03 08:00:31	23	0	1	0
      260	2024-01-03 08:00:38	23	0	1	0
      260	2024-01-03 08:00:40	23	0	1	0
      105	2024-01-03 08:02:04	23	0	1	0
     2444	2024-01-03 08:02:31	23	0	1	0
     1634	2024-01-03 12:00:26	23	1	1	0
     1634	2024-01-03 12:00:29	23	1	1	0
      223	2024-01-03 12:00:36	23	1	1	0
     2089	2024-01-03 12:01:15	23	1	1	0
     2089	2024-01-03 12:01:16	23	1	1	0
      224	2024-01-03 12:01:23	23	1	1	0
      343	2024-01-03 12:02:01	23	1	1	0
      343	2024-01-03 12:02:03	23	1	1	0
     1175	2024-01-03 12:02:13	23	1	1	0
     1175	2024-01-03 12:02:16	23	1	1	0
     2100	2024-01-03 12:02:52	23	1	1	0
     2100	2024-01-03 12:02:53	23	1	1	0
      279	2024-01-03 12:03:22	23	1	1	0
     1655	2024-01-03 12:03:58	23	1	1	0
      403	2024-01-03 12:04:32	23	0	1	0
      403	2024-01-03 12:04:41	23	1	1	0
      223	2024-01-03 12:05:06	23	0	1	0
     2089	2024-01-03 12:05:38	23	0	1	0
     2089	2024-01-03 12:05:40	23	0	1	0
      205	2024-01-03 12:06:23	23	1	1	0
     2100	2024-01-03 12:07:34	23	0	1	0
     2100	2024-01-03 12:07:36	23	0	1	0
      343	2024-01-03 12:07:51	23	0	1	0
      224	2024-01-03 12:07:59	23	0	1	0
     1655	2024-01-03 12:08:28	23	0	1	0
      403	2024-01-03 12:09:00	23	0	1	0
      845	2024-01-03 12:09:44	23	1	1	0
      105	2024-01-03 12:14:27	23	1	1	0
      260	2024-01-03 12:15:08	23	1	1	0
      260	2024-01-03 12:15:10	23	1	1	0
     2444	2024-01-03 12:15:15	23	1	1	0
      260	2024-01-03 12:21:13	23	0	1	0
      260	2024-01-03 12:21:15	23	0	1	0
      845	2024-01-03 12:28:04	23	0	1	0
     1175	2024-01-03 12:28:28	23	0	1	0
     1175	2024-01-03 12:28:31	23	0	1	0
      279	2024-01-03 12:30:12	23	0	1	0
     2444	2024-01-03 12:30:58	23	0	1	0
      205	2024-01-03 12:34:20	23	0	1	0
      105	2024-01-03 12:42:30	23	0	1	0
     1634	2024-01-03 12:55:26	23	0	1	0
     1634	2024-01-03 12:55:28	23	0	1	0
      223	2024-01-03 17:00:04	23	1	1	0
     1175	2024-01-03 17:00:12	23	1	1	0
     1634	2024-01-03 17:00:18	23	1	1	0
     1634	2024-01-03 17:00:20	23	1	1	0
     1175	2024-01-03 17:00:23	23	1	1	0
      260	2024-01-03 17:00:29	23	1	1	0
      260	2024-01-03 17:00:31	23	1	1	0
     2100	2024-01-03 17:00:36	23	1	1	0
     2100	2024-01-03 17:00:37	23	1	1	0
      279	2024-01-03 17:00:43	23	1	1	0
      403	2024-01-03 17:00:56	23	1	1	0
      105	2024-01-03 17:01:04	23	1	1	0
      845	2024-01-03 17:01:16	23	1	1	0
     1655	2024-01-03 17:01:30	23	1	1	0
      205	2024-01-03 17:01:41	23	1	1	0
      343	2024-01-03 17:02:01	23	1	1	0
      343	2024-01-03 17:02:08	23	1	1	0
      343	2024-01-03 17:02:15	23	1	1	0
     2089	2024-01-03 17:02:32	23	1	1	0
     2089	2024-01-03 17:02:34	23	1	1	0
      224	2024-01-03 17:03:26	23	1	1	0
     2444	2024-01-03 17:04:59	23	1	1	0
      680	2024-01-03 17:18:23	23	1	1	0
      223	2024-01-04 07:05:49	23	0	1	0
      191	2024-01-04 07:17:14	23	0	1	0
     2444	2024-01-04 07:40:06	23	0	1	0
      403	2024-01-04 07:46:44	23	0	1	0
      279	2024-01-04 07:47:27	23	0	1	0
     2100	2024-01-04 07:51:02	23	0	1	0
     2100	2024-01-04 07:51:03	23	0	1	0
      105	2024-01-04 07:52:33	23	0	1	0
      105	2024-01-04 07:52:35	23	0	1	0
      802	2024-01-04 07:52:40	23	0	1	0
      680	2024-01-04 07:53:53	23	0	1	0
      224	2024-01-04 07:56:20	23	0	1	0
      224	2024-01-04 07:56:23	23	0	1	0
      845	2024-01-04 07:57:13	23	0	1	0
     1634	2024-01-04 07:57:18	23	0	1	0
     1634	2024-01-04 07:57:20	23	0	1	0
      343	2024-01-04 07:59:28	23	0	1	0
      343	2024-01-04 07:59:30	23	0	1	0
     1175	2024-01-04 07:59:54	23	0	1	0
     1175	2024-01-04 07:59:56	23	0	1	0
      330	2024-01-04 08:00:00	23	0	1	0
      330	2024-01-04 08:00:02	23	0	1	0
     2089	2024-01-04 08:05:22	23	0	1	0
     2089	2024-01-04 08:05:24	23	0	1	0
     1634	2024-01-04 12:00:03	23	1	1	0
      223	2024-01-04 12:00:12	23	1	1	0
      224	2024-01-04 12:02:45	23	1	1	0
      191	2024-01-04 12:03:58	23	1	1	0
     1175	2024-01-04 12:04:24	23	1	1	0
     1175	2024-01-04 12:04:26	23	1	1	0
      403	2024-01-04 12:04:32	23	1	1	0
     1634	2024-01-04 12:04:45	23	0	1	0
     1634	2024-01-04 12:04:47	23	0	1	0
      845	2024-01-04 12:04:55	23	1	1	0
     2089	2024-01-04 12:05:18	23	1	1	0
     2089	2024-01-04 12:05:19	23	1	1	0
     2444	2024-01-04 12:05:30	23	0	1	0
     2444	2024-01-04 12:05:37	23	1	1	0
      343	2024-01-04 12:05:48	23	1	1	0
      343	2024-01-04 12:05:51	23	1	1	0
      279	2024-01-04 12:06:38	23	1	1	0
      223	2024-01-04 12:10:04	23	0	1	0
      403	2024-01-04 12:10:47	23	0	1	0
      224	2024-01-04 12:11:05	23	0	1	0
      191	2024-01-04 12:12:03	23	0	1	0
      802	2024-01-04 12:12:40	23	1	1	0
     2089	2024-01-04 12:13:02	23	0	1	0
     2089	2024-01-04 12:13:04	23	0	1	0
      343	2024-01-04 12:13:38	23	0	1	0
      343	2024-01-04 12:13:42	23	0	1	0
      330	2024-01-04 12:14:07	23	1	1	0
     1175	2024-01-04 12:17:00	23	0	1	0
     2100	2024-01-04 12:17:38	23	1	1	0
     2100	2024-01-04 12:17:39	23	1	1	0
      105	2024-01-04 12:18:38	23	1	1	0
      105	2024-01-04 12:18:42	23	1	1	0
      330	2024-01-04 12:23:10	23	0	1	0
      845	2024-01-04 12:23:37	23	0	1	0
     2100	2024-01-04 12:30:18	23	0	1	0
     2100	2024-01-04 12:30:19	23	0	1	0
      279	2024-01-04 12:30:41	23	0	1	0
      105	2024-01-04 12:32:23	23	0	1	0
      802	2024-01-04 12:32:31	23	0	1	0
     2444	2024-01-04 12:36:12	23	0	1	0
      223	2024-01-04 17:00:05	23	1	1	0
      224	2024-01-04 17:00:09	23	1	1	0
     1634	2024-01-04 17:00:14	23	1	1	0
     1634	2024-01-04 17:00:15	23	1	1	0
     2089	2024-01-04 17:00:21	23	1	1	0
     2089	2024-01-04 17:00:22	23	1	1	0
     2100	2024-01-04 17:00:28	23	1	1	0
     2100	2024-01-04 17:00:30	23	1	1	0
      279	2024-01-04 17:00:35	23	1	1	0
      105	2024-01-04 17:00:45	23	1	1	0
      105	2024-01-04 17:00:48	23	1	1	0
      403	2024-01-04 17:00:53	23	1	1	0
      845	2024-01-04 17:01:04	23	1	1	0
     1175	2024-01-04 17:01:43	23	1	1	0
     1175	2024-01-04 17:01:46	23	1	1	0
      343	2024-01-04 17:01:57	23	1	1	0
      343	2024-01-04 17:02:03	23	1	1	0
      802	2024-01-04 17:03:08	23	1	1	0
      191	2024-01-04 17:04:33	23	1	1	0
      330	2024-01-04 17:06:30	23	1	1	0
     2444	2024-01-04 17:19:32	23	1	1	0
      680	2024-01-04 17:33:10	23	1	1	0
     2444	2024-01-04 17:37:21	23	1	1	0
      223	2024-01-05 07:05:12	23	0	1	0
      191	2024-01-05 07:23:45	23	0	1	0
      403	2024-01-05 07:40:35	23	0	1	0
      279	2024-01-05 07:44:12	23	0	1	0
     2444	2024-01-05 07:47:45	23	0	1	0
      105	2024-01-05 07:51:05	23	0	1	0
      105	2024-01-05 07:51:08	23	0	1	0
     1634	2024-01-05 07:52:41	23	0	1	0
     1634	2024-01-05 07:52:43	23	0	1	0
     1634	2024-01-05 07:53:18	23	0	1	0
      224	2024-01-05 07:54:26	23	0	1	0
      224	2024-01-05 07:54:28	23	0	1	0
     2100	2024-01-05 07:55:02	23	0	1	0
     2100	2024-01-05 07:55:04	23	0	1	0
     2089	2024-01-05 07:55:10	23	0	1	0
     2089	2024-01-05 07:55:12	23	0	1	0
      343	2024-01-05 07:56:40	23	0	1	0
      845	2024-01-05 07:57:55	23	0	1	0
      845	2024-01-05 07:57:57	23	0	1	0
      330	2024-01-05 07:58:21	23	0	1	0
      330	2024-01-05 07:58:23	23	0	1	0
     1175	2024-01-05 08:00:16	23	0	1	0
     1175	2024-01-05 08:00:18	23	0	1	0
      802	2024-01-05 08:00:58	23	0	1	0
       36	2024-01-05 08:01:46	23	0	1	0
      680	2024-01-05 08:04:20	23	0	1	0
      260	2024-01-05 08:05:20	23	0	1	0
     1634	2024-01-05 12:00:02	23	1	1	0
      223	2024-01-05 12:00:14	23	1	1	0
     2444	2024-01-05 12:00:22	23	1	1	0
     2100	2024-01-05 12:00:28	23	1	1	0
     2100	2024-01-05 12:00:29	23	1	1	0
      224	2024-01-05 12:00:51	23	1	1	0
      343	2024-01-05 12:01:02	23	1	1	0
      343	2024-01-05 12:01:10	23	1	1	0
      260	2024-01-05 12:01:15	23	1	1	0
      260	2024-01-05 12:01:17	23	1	1	0
     1175	2024-01-05 12:01:39	23	1	1	0
     1175	2024-01-05 12:01:41	23	1	1	0
      845	2024-01-05 12:02:51	23	1	1	0
      105	2024-01-05 12:04:24	23	1	1	0
       36	2024-01-05 12:04:35	23	1	1	0
       36	2024-01-05 12:04:37	23	1	1	0
      802	2024-01-05 12:04:42	23	1	1	0
      260	2024-01-05 12:05:03	23	0	1	0
      260	2024-01-05 12:05:05	23	0	1	0
      403	2024-01-05 12:05:12	23	1	1	0
      191	2024-01-05 12:05:20	23	1	1	0
     2089	2024-01-05 12:05:29	23	1	1	0
     2089	2024-01-05 12:05:31	23	1	1	0
      223	2024-01-05 12:05:51	23	0	1	0
      403	2024-01-05 12:06:03	23	0	1	0
      330	2024-01-05 12:06:11	23	1	1	0
      330	2024-01-05 12:06:13	23	1	1	0
      224	2024-01-05 12:09:04	23	0	1	0
      680	2024-01-05 12:09:45	23	1	1	0
     2100	2024-01-05 12:10:08	23	0	1	0
     2100	2024-01-05 12:10:09	23	0	1	0
       36	2024-01-05 12:14:58	23	0	1	0
      191	2024-01-05 12:15:06	23	0	1	0
      279	2024-01-05 12:16:56	23	1	1	0
      279	2024-01-05 12:17:12	23	0	1	0
      105	2024-01-05 12:17:24	23	0	1	0
      802	2024-01-05 12:20:24	23	0	1	0
      845	2024-01-05 12:25:06	23	0	1	0
      845	2024-01-05 12:25:09	23	0	1	0
      330	2024-01-05 12:25:23	23	0	1	0
      343	2024-01-05 12:28:06	23	0	1	0
      343	2024-01-05 12:28:11	23	0	1	0
     2444	2024-01-05 12:33:02	23	0	1	0
      680	2024-01-05 12:37:04	23	1	1	0
     1175	2024-01-05 12:37:59	23	0	1	0
     1175	2024-01-05 12:38:01	23	0	1	0
     1634	2024-01-05 12:41:32	23	0	1	0
     1634	2024-01-05 12:41:34	23	0	1	0
     1634	2024-01-05 12:49:27	23	0	1	0
      223	2024-01-05 17:00:06	23	1	1	0
     1634	2024-01-05 17:00:09	23	1	1	0
     1634	2024-01-05 17:00:11	23	1	1	0
      260	2024-01-05 17:00:26	23	1	1	0
      260	2024-01-05 17:00:28	23	1	1	0
     2100	2024-01-05 17:00:43	23	1	1	0
     2100	2024-01-05 17:00:44	23	1	1	0
      403	2024-01-05 17:00:49	23	1	1	0
      224	2024-01-05 17:00:54	23	1	1	0
      105	2024-01-05 17:01:06	23	1	1	0
      105	2024-01-05 17:01:08	23	1	1	0
      845	2024-01-05 17:01:16	23	1	1	0
      845	2024-01-05 17:01:17	23	1	1	0
     1175	2024-01-05 17:01:23	23	1	1	0
     1175	2024-01-05 17:01:25	23	1	1	0
       36	2024-01-05 17:01:56	23	1	1	0
       36	2024-01-05 17:01:58	23	1	1	0
     2444	2024-01-05 17:03:00	23	1	1	0
     2444	2024-01-05 17:03:03	23	1	1	0
      343	2024-01-05 17:04:21	23	1	1	0
      343	2024-01-05 17:04:33	23	1	1	0
      279	2024-01-05 17:05:02	23	1	1	0
      802	2024-01-05 17:06:11	23	1	1	0
      330	2024-01-05 17:07:55	23	1	1	0
      680	2024-01-05 17:08:52	23	1	1	0
     2444	2024-01-05 17:12:13	23	1	1	0
      191	2024-01-05 17:13:19	23	1	1	0
      223	2024-01-08 06:35:06	23	0	1	0
      330	2024-01-08 07:24:55	23	0	1	0
      330	2024-01-08 07:24:57	23	0	1	0
      191	2024-01-08 07:27:36	23	0	1	0
      403	2024-01-08 07:36:07	23	0	1	0
      279	2024-01-08 07:49:32	23	0	1	0
      205	2024-01-08 07:50:05	23	0	1	0
     1634	2024-01-08 07:50:10	23	0	1	0
     1634	2024-01-08 07:50:13	23	0	1	0
      680	2024-01-08 07:52:03	23	0	1	0
      260	2024-01-08 07:52:55	23	0	1	0
      260	2024-01-08 07:52:57	23	0	1	0
     2100	2024-01-08 07:53:38	23	0	1	0
     2100	2024-01-08 07:53:42	23	0	1	0
      802	2024-01-08 07:55:25	23	0	1	0
      105	2024-01-08 07:56:40	23	0	1	0
      105	2024-01-08 07:56:43	23	0	1	0
     1175	2024-01-08 07:57:49	23	0	1	0
     1175	2024-01-08 07:57:54	23	0	1	0
      224	2024-01-08 07:58:00	23	0	1	0
      224	2024-01-08 07:58:02	23	0	1	0
      845	2024-01-08 07:58:23	23	0	1	0
     2089	2024-01-08 07:58:36	23	0	1	0
     2089	2024-01-08 07:58:38	23	0	1	0
       36	2024-01-08 08:00:41	23	0	1	0
     2444	2024-01-08 08:21:43	23	0	1	0
     1634	2024-01-08 12:00:03	23	1	1	0
      260	2024-01-08 12:00:10	23	1	1	0
      260	2024-01-08 12:00:12	23	1	1	0
      223	2024-01-08 12:00:20	23	1	1	0
     2089	2024-01-08 12:01:12	23	1	1	0
     2089	2024-01-08 12:01:13	23	1	1	0
     1634	2024-01-08 12:03:02	23	0	1	0
     2444	2024-01-08 12:03:11	23	1	1	0
      403	2024-01-08 12:03:19	23	1	1	0
      205	2024-01-08 12:03:39	23	1	1	0
      845	2024-01-08 12:05:05	23	1	1	0
      260	2024-01-08 12:05:24	23	0	1	0
      260	2024-01-08 12:05:26	23	0	1	0
      802	2024-01-08 12:06:24	23	1	1	0
      191	2024-01-08 12:07:10	23	1	1	0
      279	2024-01-08 12:08:55	23	1	1	0
      403	2024-01-08 12:09:38	23	0	1	0
     1175	2024-01-08 12:09:46	23	1	1	0
     1175	2024-01-08 12:09:48	23	1	1	0
      403	2024-01-08 12:10:08	23	0	1	0
     2444	2024-01-08 12:10:42	23	0	1	0
      105	2024-01-08 12:11:42	23	1	1	0
      191	2024-01-08 12:13:16	23	0	1	0
      279	2024-01-08 12:13:25	23	0	1	0
      224	2024-01-08 12:18:49	23	1	1	0
      223	2024-01-08 12:19:24	23	0	1	0
      845	2024-01-08 12:19:37	23	0	1	0
       36	2024-01-08 12:19:48	23	0	1	0
      330	2024-01-08 12:20:48	23	1	1	0
      205	2024-01-08 12:23:53	23	0	1	0
      802	2024-01-08 12:23:58	23	0	1	0
     2100	2024-01-08 12:24:12	23	1	1	0
     2100	2024-01-08 12:24:13	23	1	1	0
      105	2024-01-08 12:26:39	23	0	1	0
     2100	2024-01-08 12:27:29	23	0	1	0
     2100	2024-01-08 12:27:31	23	0	1	0
     1175	2024-01-08 12:29:32	23	0	1	0
      330	2024-01-08 12:37:12	23	0	1	0
       36	2024-01-08 12:38:30	23	0	1	0
     2089	2024-01-08 12:47:58	23	0	1	0
     2089	2024-01-08 12:48:00	23	0	1	0
      205	2024-01-08 16:06:49	23	1	1	0
      223	2024-01-08 17:00:04	23	1	1	0
     1634	2024-01-08 17:00:07	23	1	1	0
     1634	2024-01-08 17:00:09	23	1	1	0
     2100	2024-01-08 17:00:14	23	1	1	0
     2100	2024-01-08 17:00:16	23	1	1	0
     2089	2024-01-08 17:00:22	23	1	1	0
     2089	2024-01-08 17:00:24	23	1	1	0
      279	2024-01-08 17:00:36	23	1	1	0
      260	2024-01-08 17:00:42	23	1	1	0
      260	2024-01-08 17:00:44	23	1	1	0
      105	2024-01-08 17:00:52	23	1	1	0
      403	2024-01-08 17:00:58	23	1	1	0
      191	2024-01-08 17:01:04	23	1	1	0
      802	2024-01-08 17:02:01	23	1	1	0
      845	2024-01-08 17:02:39	23	1	1	0
      845	2024-01-08 17:02:41	23	1	1	0
       36	2024-01-08 17:03:02	23	1	1	0
      330	2024-01-08 17:05:11	23	1	1	0
      330	2024-01-08 17:07:55	23	1	1	0
     1175	2024-01-08 17:08:01	23	1	1	0
     1175	2024-01-08 17:08:03	23	1	1	0
     2444	2024-01-08 17:10:53	23	1	1	0
      680	2024-01-08 17:20:18	23	1	1	0
     2444	2024-01-08 18:19:14	23	1	1	0
      223	2024-01-09 06:54:00	23	0	1	0
       36	2024-01-09 07:05:31	23	0	1	0
      260	2024-01-09 07:10:11	23	0	1	0
      260	2024-01-09 07:10:13	23	0	1	0
     1655	2024-01-09 07:29:34	23	0	1	0
      191	2024-01-09 07:31:07	23	0	1	0
      343	2024-01-09 07:36:21	23	0	1	0
      343	2024-01-09 07:36:24	23	0	1	0
     2089	2024-01-09 07:40:33	23	0	1	0
     2089	2024-01-09 07:40:34	23	0	1	0
      403	2024-01-09 07:41:43	23	0	1	0
      279	2024-01-09 07:45:52	23	0	1	0
      279	2024-01-09 07:46:08	23	0	1	0
      205	2024-01-09 07:47:59	23	0	1	0
      680	2024-01-09 07:50:18	23	0	1	0
     1634	2024-01-09 07:52:33	23	0	1	0
     1634	2024-01-09 07:52:34	23	0	1	0
     2444	2024-01-09 07:55:40	23	0	1	0
      224	2024-01-09 07:56:01	23	0	1	0
      224	2024-01-09 07:56:03	23	0	1	0
     2100	2024-01-09 07:56:20	23	0	1	0
     2100	2024-01-09 07:56:22	23	0	1	0
      845	2024-01-09 07:56:50	23	0	1	0
      845	2024-01-09 07:56:51	23	0	1	0
      802	2024-01-09 07:58:25	23	0	1	0
      802	2024-01-09 07:58:34	23	0	1	0
      330	2024-01-09 08:01:11	23	0	1	0
      330	2024-01-09 08:01:14	23	0	1	0
     1634	2024-01-09 12:00:02	23	1	1	0
     2089	2024-01-09 12:00:11	23	1	1	0
     2089	2024-01-09 12:00:12	23	1	1	0
      223	2024-01-09 12:00:26	23	1	1	0
      279	2024-01-09 12:00:39	23	1	1	0
     2100	2024-01-09 12:00:46	23	1	1	0
     2100	2024-01-09 12:00:47	23	1	1	0
      403	2024-01-09 12:01:23	23	1	1	0
      845	2024-01-09 12:03:42	23	1	1	0
      845	2024-01-09 12:03:43	23	1	1	0
      191	2024-01-09 12:04:44	23	1	1	0
     1655	2024-01-09 12:05:08	23	1	1	0
     2444	2024-01-09 12:05:22	23	1	1	0
      343	2024-01-09 12:05:51	23	1	1	0
      343	2024-01-09 12:05:55	23	1	1	0
      191	2024-01-09 12:06:09	23	0	1	0
       36	2024-01-09 12:06:33	23	1	1	0
      330	2024-01-09 12:06:43	23	1	1	0
      330	2024-01-09 12:06:46	23	1	1	0
      224	2024-01-09 12:11:01	23	1	1	0
     1655	2024-01-09 12:12:18	23	0	1	0
     2444	2024-01-09 12:13:18	23	0	1	0
      802	2024-01-09 12:13:26	23	1	1	0
      279	2024-01-09 12:14:31	23	0	1	0
     2100	2024-01-09 12:15:48	23	0	1	0
     2100	2024-01-09 12:15:49	23	0	1	0
     2089	2024-01-09 12:16:46	23	0	1	0
     2089	2024-01-09 12:16:48	23	0	1	0
      223	2024-01-09 12:17:35	23	0	1	0
      403	2024-01-09 12:18:40	23	0	1	0
      330	2024-01-09 12:20:16	23	0	1	0
      680	2024-01-09 12:20:21	23	1	1	0
      260	2024-01-09 12:20:47	23	1	1	0
      260	2024-01-09 12:20:50	23	1	1	0
      343	2024-01-09 12:21:15	23	0	1	0
      343	2024-01-09 12:21:19	23	0	1	0
      260	2024-01-09 12:21:58	23	0	1	0
      260	2024-01-09 12:21:59	23	0	1	0
       36	2024-01-09 12:22:43	23	0	1	0
      845	2024-01-09 12:23:06	23	0	1	0
      845	2024-01-09 12:23:08	23	0	1	0
      680	2024-01-09 12:24:28	23	0	1	0
      802	2024-01-09 12:25:15	23	0	1	0
     1634	2024-01-09 12:38:15	23	0	1	0
     1634	2024-01-09 12:38:17	23	0	1	0
      224	2024-01-09 12:50:13	23	0	1	0
     1634	2024-01-09 12:51:44	23	0	1	0
      205	2024-01-09 12:53:36	23	1	1	0
      205	2024-01-09 12:54:06	23	0	1	0
     2100	2024-01-09 17:00:18	23	1	1	0
     2100	2024-01-09 17:00:19	23	1	1	0
     1634	2024-01-09 17:00:22	23	1	1	0
     1634	2024-01-09 17:00:24	23	1	1	0
      223	2024-01-09 17:00:27	23	1	1	0
     1655	2024-01-09 17:00:47	23	1	1	0
      279	2024-01-09 17:00:52	23	1	1	0
      403	2024-01-09 17:01:09	23	1	1	0
     2089	2024-01-09 17:01:28	23	1	1	0
     2089	2024-01-09 17:01:30	23	1	1	0
      802	2024-01-09 17:01:35	23	1	1	0
      845	2024-01-09 17:02:08	23	1	1	0
      845	2024-01-09 17:02:10	23	1	1	0
      191	2024-01-09 17:02:46	23	1	1	0
       36	2024-01-09 17:02:54	23	1	1	0
      224	2024-01-09 17:03:15	23	1	1	0
      260	2024-01-09 17:03:24	23	1	1	0
      260	2024-01-09 17:03:26	23	1	1	0
      224	2024-01-09 17:03:30	23	1	1	0
      343	2024-01-09 17:03:51	23	1	1	0
      343	2024-01-09 17:03:55	23	1	1	0
      330	2024-01-09 17:07:10	23	1	1	0
     2444	2024-01-09 17:08:00	23	1	1	0
     2444	2024-01-09 17:08:04	23	1	1	0
      680	2024-01-09 17:17:19	23	1	1	0
      205	2024-01-09 17:17:31	23	1	1	0
     2444	2024-01-09 17:23:32	23	1	1	0
      223	2024-01-10 07:15:06	23	0	1	0
     1655	2024-01-10 07:21:31	23	0	1	0
      191	2024-01-10 07:25:48	23	0	1	0
     2444	2024-01-10 07:44:22	23	0	1	0
     2444	2024-01-10 07:44:40	23	0	1	0
     1634	2024-01-10 07:46:09	23	0	1	0
     1634	2024-01-10 07:46:11	23	0	1	0
     2089	2024-01-10 07:46:18	23	0	1	0
     2089	2024-01-10 07:46:20	23	0	1	0
      205	2024-01-10 07:49:52	23	0	1	0
      403	2024-01-10 07:53:35	23	0	1	0
      343	2024-01-10 07:54:38	23	0	1	0
      343	2024-01-10 07:54:41	23	0	1	0
     2100	2024-01-10 07:55:40	23	0	1	0
     2100	2024-01-10 07:55:41	23	0	1	0
      224	2024-01-10 07:55:49	23	0	1	0
      224	2024-01-10 07:55:51	23	0	1	0
      105	2024-01-10 07:56:58	23	0	1	0
      802	2024-01-10 07:57:04	23	0	1	0
      279	2024-01-10 07:57:31	23	0	1	0
     1175	2024-01-10 07:57:40	23	0	1	0
     1175	2024-01-10 07:57:45	23	0	1	0
      330	2024-01-10 07:59:36	23	0	1	0
      330	2024-01-10 07:59:38	23	0	1	0
      845	2024-01-10 08:02:00	23	0	1	0
      680	2024-01-10 08:07:15	23	0	1	0
      260	2024-01-10 08:08:11	23	0	1	0
      260	2024-01-10 08:08:13	23	0	1	0
       36	2024-01-10 08:14:48	23	0	1	0
     1634	2024-01-10 12:00:05	23	1	1	0
     1634	2024-01-10 12:00:06	23	1	1	0
     2100	2024-01-10 12:00:40	23	1	1	0
     2100	2024-01-10 12:00:41	23	1	1	0
      223	2024-01-10 12:00:47	23	1	1	0
      260	2024-01-10 12:00:57	23	1	1	0
      260	2024-01-10 12:00:59	23	1	1	0
      403	2024-01-10 12:01:35	23	1	1	0
      680	2024-01-10 12:02:26	23	1	1	0
      279	2024-01-10 12:03:14	23	1	1	0
       36	2024-01-10 12:03:21	23	1	1	0
      680	2024-01-10 12:04:02	23	0	1	0
      260	2024-01-10 12:04:06	23	0	1	0
      260	2024-01-10 12:04:08	23	0	1	0
     2100	2024-01-10 12:04:15	23	0	1	0
     2100	2024-01-10 12:04:17	23	0	1	0
      845	2024-01-10 12:04:33	23	1	1	0
      845	2024-01-10 12:04:35	23	1	1	0
      105	2024-01-10 12:05:34	23	1	1	0
      105	2024-01-10 12:05:40	23	1	1	0
     1655	2024-01-10 12:06:00	23	1	1	0
      224	2024-01-10 12:06:55	23	1	1	0
     2444	2024-01-10 12:07:03	23	1	1	0
      403	2024-01-10 12:07:23	23	0	1	0
     2089	2024-01-10 12:07:52	23	1	1	0
     2089	2024-01-10 12:07:53	23	1	1	0
      802	2024-01-10 12:09:37	23	1	1	0
       36	2024-01-10 12:11:30	23	0	1	0
      343	2024-01-10 12:14:18	23	1	1	0
      330	2024-01-10 12:14:34	23	1	1	0
      845	2024-01-10 12:14:44	23	0	1	0
     1655	2024-01-10 12:14:50	23	0	1	0
      223	2024-01-10 12:15:18	23	0	1	0
      802	2024-01-10 12:16:26	23	0	1	0
      279	2024-01-10 12:18:55	23	0	1	0
     2089	2024-01-10 12:19:05	23	0	1	0
     2089	2024-01-10 12:19:07	23	0	1	0
     1175	2024-01-10 12:20:50	23	1	1	0
     1175	2024-01-10 12:20:51	23	1	1	0
      224	2024-01-10 12:21:27	23	0	1	0
      205	2024-01-10 12:21:57	23	1	1	0
      343	2024-01-10 12:27:47	23	0	1	0
      343	2024-01-10 12:27:50	23	0	1	0
      191	2024-01-10 12:29:21	23	1	1	0
      191	2024-01-10 12:30:07	23	0	1	0
      191	2024-01-10 12:30:11	23	0	1	0
      105	2024-01-10 12:31:51	23	0	1	0
      330	2024-01-10 12:32:23	23	0	1	0
     2444	2024-01-10 12:32:36	23	0	1	0
      205	2024-01-10 12:36:13	23	0	1	0
     1634	2024-01-10 12:50:16	23	0	1	0
     1634	2024-01-10 12:50:18	23	0	1	0
     1175	2024-01-10 12:56:05	23	0	1	0
     1175	2024-01-10 12:56:07	23	0	1	0
     1634	2024-01-10 12:57:14	23	0	1	0
      223	2024-01-10 17:00:04	23	1	1	0
     1634	2024-01-10 17:00:08	23	1	1	0
     1634	2024-01-10 17:00:09	23	1	1	0
      260	2024-01-10 17:00:24	23	1	1	0
      260	2024-01-10 17:00:25	23	1	1	0
      224	2024-01-10 17:00:30	23	1	1	0
     2100	2024-01-10 17:00:45	23	1	1	0
     2100	2024-01-10 17:00:46	23	1	1	0
     1655	2024-01-10 17:00:50	23	1	1	0
      105	2024-01-10 17:00:59	23	1	1	0
      279	2024-01-10 17:01:05	23	1	1	0
      845	2024-01-10 17:01:31	23	1	1	0
      845	2024-01-10 17:01:32	23	1	1	0
      403	2024-01-10 17:01:45	23	1	1	0
     1175	2024-01-10 17:02:04	23	1	1	0
     1175	2024-01-10 17:02:06	23	1	1	0
     2089	2024-01-10 17:02:27	23	1	1	0
     2089	2024-01-10 17:02:29	23	1	1	0
      802	2024-01-10 17:02:57	23	1	1	0
       36	2024-01-10 17:03:29	23	0	1	0
       36	2024-01-10 17:03:35	23	1	1	0
       36	2024-01-10 17:03:52	23	1	1	0
      191	2024-01-10 17:04:03	23	1	1	0
      343	2024-01-10 17:04:43	23	1	1	0
      343	2024-01-10 17:04:46	23	1	1	0
      205	2024-01-10 17:06:13	23	1	1	0
      330	2024-01-10 17:06:50	23	1	1	0
     2444	2024-01-10 17:08:22	23	1	1	0
     2444	2024-01-10 17:08:25	23	1	1	0
      680	2024-01-10 17:17:15	23	1	1	0
     1655	2024-01-11 07:27:36	23	0	1	0
      191	2024-01-11 07:30:59	23	0	1	0
      403	2024-01-11 07:48:07	23	0	1	0
      279	2024-01-11 07:49:10	23	0	1	0
      260	2024-01-11 07:50:23	23	0	1	0
      260	2024-01-11 07:50:26	23	0	1	0
     1634	2024-01-11 07:52:08	23	0	1	0
     1634	2024-01-11 07:52:09	23	0	1	0
     1634	2024-01-11 07:52:22	23	0	1	0
      105	2024-01-11 07:56:01	23	0	1	0
      105	2024-01-11 07:56:09	23	0	1	0
      343	2024-01-11 07:57:02	23	0	1	0
      343	2024-01-11 07:57:12	23	0	1	0
      802	2024-01-11 08:00:10	23	0	1	0
      802	2024-01-11 08:00:36	23	0	1	0
     1175	2024-01-11 08:02:05	23	0	1	0
     1175	2024-01-11 08:02:08	23	0	1	0
     2444	2024-01-11 08:02:45	23	0	1	0
      330	2024-01-11 08:03:50	23	0	1	0
      330	2024-01-11 08:03:53	23	0	1	0
     2100	2024-01-11 08:06:02	23	0	1	0
     2100	2024-01-11 08:06:03	23	0	1	0
     1634	2024-01-11 12:00:02	23	1	1	0
     1634	2024-01-11 12:00:04	23	1	1	0
      403	2024-01-11 12:02:24	23	1	1	0
      279	2024-01-11 12:03:07	23	1	1	0
      105	2024-01-11 12:03:37	23	1	1	0
     1175	2024-01-11 12:03:45	23	1	1	0
     1175	2024-01-11 12:03:47	23	1	1	0
      191	2024-01-11 12:04:36	23	1	1	0
      802	2024-01-11 12:04:42	23	1	1	0
      343	2024-01-11 12:05:26	23	1	1	0
      343	2024-01-11 12:05:30	23	1	1	0
     1655	2024-01-11 12:05:57	23	1	1	0
      330	2024-01-11 12:08:45	23	1	1	0
      403	2024-01-11 12:10:15	23	0	1	0
      191	2024-01-11 12:11:20	23	0	1	0
      191	2024-01-11 12:11:34	23	0	1	0
     1655	2024-01-11 12:12:10	23	0	1	0
     2444	2024-01-11 12:19:06	23	1	1	0
     2444	2024-01-11 12:22:03	23	0	1	0
      279	2024-01-11 12:22:19	23	0	1	0
      343	2024-01-11 12:22:30	23	0	1	0
      343	2024-01-11 12:22:35	23	0	1	0
      802	2024-01-11 12:22:46	23	0	1	0
      330	2024-01-11 12:30:32	23	0	1	0
     1175	2024-01-11 12:33:35	23	0	1	0
     1175	2024-01-11 12:33:37	23	0	1	0
      105	2024-01-11 12:33:48	23	0	1	0
     1634	2024-01-11 12:43:01	23	0	1	0
     1634	2024-01-11 12:43:03	23	0	1	0
     1634	2024-01-11 12:43:09	23	0	1	0
     2100	2024-01-11 12:46:51	23	1	1	0
     2100	2024-01-11 12:46:53	23	1	1	0
     2100	2024-01-11 12:53:05	23	0	1	0
     2100	2024-01-11 12:53:06	23	0	1	0
     1634	2024-01-11 17:00:20	23	1	1	0
     1634	2024-01-11 17:00:21	23	1	1	0
      260	2024-01-11 17:00:35	23	1	1	0
      260	2024-01-11 17:00:37	23	1	1	0
     1655	2024-01-11 17:00:55	23	1	1	0
     2444	2024-01-11 17:01:01	23	0	1	0
     2444	2024-01-11 17:01:06	23	1	1	0
     2444	2024-01-11 17:01:11	23	1	1	0
     2100	2024-01-11 17:01:15	23	1	1	0
     2100	2024-01-11 17:01:17	23	1	1	0
      279	2024-01-11 17:01:30	23	1	1	0
      403	2024-01-11 17:01:36	23	1	1	0
      105	2024-01-11 17:01:44	23	1	1	0
      105	2024-01-11 17:01:47	23	1	1	0
      191	2024-01-11 17:02:16	23	1	1	0
     1175	2024-01-11 17:02:46	23	1	1	0
     1175	2024-01-11 17:02:47	23	1	1	0
      802	2024-01-11 17:03:34	23	1	1	0
      343	2024-01-11 17:05:37	23	1	1	0
      343	2024-01-11 17:05:53	23	1	1	0
      330	2024-01-11 17:06:07	23	1	1	0
      260	2024-01-12 07:14:38	23	0	1	0
      260	2024-01-12 07:14:40	23	0	1	0
     1655	2024-01-12 07:16:20	23	0	1	0
      191	2024-01-12 07:29:24	23	0	1	0
      191	2024-01-12 07:29:44	23	0	1	0
      403	2024-01-12 07:42:39	23	0	1	0
      330	2024-01-12 07:49:48	23	0	1	0
      330	2024-01-12 07:49:50	23	0	1	0
      105	2024-01-12 07:50:16	23	0	1	0
      802	2024-01-12 07:55:07	23	0	1	0
     1634	2024-01-12 07:55:11	23	0	1	0
     1634	2024-01-12 07:55:12	23	0	1	0
     1634	2024-01-12 07:55:37	23	0	1	0
      279	2024-01-12 07:56:56	23	0	1	0
      343	2024-01-12 07:57:02	23	0	1	0
      343	2024-01-12 07:57:06	23	0	1	0
     1175	2024-01-12 07:59:40	23	0	1	0
     1175	2024-01-12 07:59:42	23	0	1	0
     2444	2024-01-12 08:02:52	23	0	1	0
     1634	2024-01-12 12:00:09	23	1	1	0
      105	2024-01-12 12:00:36	23	1	1	0
      343	2024-01-12 12:01:00	23	1	1	0
      343	2024-01-12 12:01:03	23	1	1	0
      279	2024-01-12 12:01:07	23	1	1	0
     1175	2024-01-12 12:01:15	23	1	1	0
     1175	2024-01-12 12:01:17	23	1	1	0
      403	2024-01-12 12:02:07	23	1	1	0
      802	2024-01-12 12:02:32	23	1	1	0
     1655	2024-01-12 12:02:40	23	1	1	0
      343	2024-01-12 12:04:59	23	0	1	0
      343	2024-01-12 12:05:03	23	0	1	0
     1634	2024-01-12 12:05:07	23	0	1	0
     1634	2024-01-12 12:05:09	23	0	1	0
      330	2024-01-12 12:05:30	23	1	1	0
      330	2024-01-12 12:05:34	23	1	1	0
      802	2024-01-12 12:08:16	23	0	1	0
       36	2024-01-12 12:08:24	23	0	1	0
      330	2024-01-12 12:11:40	23	0	1	0
      403	2024-01-12 12:12:48	23	0	1	0
     2444	2024-01-12 12:14:16	23	1	1	0
      279	2024-01-12 12:20:12	23	0	1	0
     2444	2024-01-12 12:21:43	23	0	1	0
     1175	2024-01-12 12:31:08	23	0	1	0
     1175	2024-01-12 12:31:10	23	0	1	0
      105	2024-01-12 12:31:38	23	0	1	0
      191	2024-01-12 12:38:15	23	1	1	0
      191	2024-01-12 12:41:15	23	0	1	0
     1634	2024-01-12 17:00:18	23	1	1	0
     1634	2024-01-12 17:00:20	23	1	1	0
      105	2024-01-12 17:00:27	23	1	1	0
      279	2024-01-12 17:00:33	23	1	1	0
     1655	2024-01-12 17:00:45	23	1	1	0
     1634	2024-01-12 17:00:49	23	1	1	0
      403	2024-01-12 17:01:01	23	1	1	0
      403	2024-01-12 17:01:34	23	1	1	0
      343	2024-01-12 17:02:01	23	1	1	0
      343	2024-01-12 17:02:07	23	1	1	0
       36	2024-01-12 17:02:20	23	1	1	0
      343	2024-01-12 17:02:29	23	1	1	0
      802	2024-01-12 17:03:13	23	1	1	0
     1175	2024-01-12 17:04:02	23	1	1	0
     1175	2024-01-12 17:04:04	23	1	1	0
      191	2024-01-12 17:04:20	23	1	1	0
     2444	2024-01-12 17:04:33	23	1	1	0
      330	2024-01-12 17:06:39	23	1	1	0
      260	2024-01-12 17:08:41	23	1	1	0
      260	2024-01-12 17:08:43	23	1	1	0
      223	2024-01-15 06:34:45	23	0	1	0
     1655	2024-01-15 07:11:06	23	0	1	0
      191	2024-01-15 07:34:02	23	0	1	0
      403	2024-01-15 07:39:04	23	0	1	0
      403	2024-01-15 07:39:06	23	0	1	0
     1634	2024-01-15 07:44:21	23	0	1	0
     1634	2024-01-15 07:44:23	23	0	1	0
      105	2024-01-15 07:44:48	23	0	1	0
      205	2024-01-15 07:47:21	23	0	1	0
     2089	2024-01-15 07:48:45	23	0	1	0
     2089	2024-01-15 07:48:46	23	0	1	0
     2444	2024-01-15 07:49:00	23	0	1	0
      845	2024-01-15 07:53:19	23	0	1	0
      845	2024-01-15 07:53:21	23	0	1	0
     2100	2024-01-15 07:54:41	23	0	1	0
     2100	2024-01-15 07:54:43	23	0	1	0
      224	2024-01-15 07:56:11	23	0	1	0
      224	2024-01-15 07:56:13	23	0	1	0
      343	2024-01-15 07:56:38	23	0	1	0
      343	2024-01-15 07:56:42	23	0	1	0
     1175	2024-01-15 07:57:13	23	0	1	0
     1175	2024-01-15 07:57:15	23	0	1	0
      330	2024-01-15 07:59:51	23	0	1	0
      330	2024-01-15 07:59:53	23	0	1	0
      680	2024-01-15 08:05:48	23	0	1	0
      260	2024-01-15 08:05:53	23	0	1	0
      260	2024-01-15 08:05:55	23	0	1	0
      279	2024-01-15 08:08:06	23	0	1	0
      802	2024-01-15 08:09:21	23	0	1	0
       36	2024-01-15 08:51:23	23	0	1	0
     1634	2024-01-15 12:00:04	23	1	1	0
     1634	2024-01-15 12:00:06	23	1	1	0
     1655	2024-01-15 12:00:32	23	1	1	0
     2100	2024-01-15 12:00:56	23	1	1	0
      205	2024-01-15 12:01:10	23	1	1	0
      224	2024-01-15 12:01:16	23	1	1	0
      260	2024-01-15 12:01:22	23	1	1	0
      260	2024-01-15 12:01:24	23	1	1	0
     2444	2024-01-15 12:01:35	23	1	1	0
      343	2024-01-15 12:01:47	23	1	1	0
      343	2024-01-15 12:01:50	23	1	1	0
      680	2024-01-15 12:01:59	23	1	1	0
      223	2024-01-15 12:02:07	23	1	1	0
      403	2024-01-15 12:02:23	23	1	1	0
      260	2024-01-15 12:03:08	23	1	1	0
      260	2024-01-15 12:03:09	23	1	1	0
     2089	2024-01-15 12:03:22	23	1	1	0
     2089	2024-01-15 12:03:23	23	1	1	0
      343	2024-01-15 12:04:03	23	0	1	0
      343	2024-01-15 12:04:06	23	0	1	0
     1175	2024-01-15 12:06:30	23	1	1	0
     1175	2024-01-15 12:06:32	23	1	1	0
      191	2024-01-15 12:06:37	23	1	1	0
      845	2024-01-15 12:06:46	23	1	1	0
      279	2024-01-15 12:07:27	23	1	1	0
      680	2024-01-15 12:07:59	23	0	1	0
      205	2024-01-15 12:08:07	23	0	1	0
      330	2024-01-15 12:10:30	23	1	1	0
      330	2024-01-15 12:10:33	23	1	1	0
      105	2024-01-15 12:12:05	23	1	1	0
       36	2024-01-15 12:12:18	23	1	1	0
      802	2024-01-15 12:13:39	23	1	1	0
      223	2024-01-15 12:15:59	23	0	1	0
     2444	2024-01-15 12:17:03	23	0	1	0
      403	2024-01-15 12:17:21	23	0	1	0
      802	2024-01-15 12:17:39	23	0	1	0
     1175	2024-01-15 12:18:23	23	0	1	0
     1175	2024-01-15 12:18:26	23	0	1	0
      224	2024-01-15 12:18:52	23	0	1	0
      845	2024-01-15 12:19:34	23	0	1	0
     1175	2024-01-15 12:19:40	23	0	1	0
      191	2024-01-15 12:20:03	23	0	1	0
     2100	2024-01-15 12:20:28	23	0	1	0
     2100	2024-01-15 12:20:29	23	0	1	0
      279	2024-01-15 12:22:38	23	0	1	0
     2089	2024-01-15 12:23:22	23	0	1	0
     2089	2024-01-15 12:23:24	23	0	1	0
     1655	2024-01-15 12:23:30	23	0	1	0
      105	2024-01-15 12:26:32	23	0	1	0
       36	2024-01-15 12:33:52	23	0	1	0
      330	2024-01-15 12:34:02	23	0	1	0
      330	2024-01-15 12:34:04	23	0	1	0
     1634	2024-01-15 13:05:00	23	0	1	0
      223	2024-01-15 17:00:05	23	1	1	0
      260	2024-01-15 17:00:08	23	1	1	0
      260	2024-01-15 17:00:10	23	1	1	0
     1634	2024-01-15 17:00:13	23	1	1	0
     1634	2024-01-15 17:00:14	23	1	1	0
     1634	2024-01-15 17:00:19	23	1	1	0
      205	2024-01-15 17:00:41	23	1	1	0
     2100	2024-01-15 17:00:47	23	1	1	0
     2100	2024-01-15 17:00:48	23	1	1	0
     2444	2024-01-15 17:00:54	23	1	1	0
      224	2024-01-15 17:01:06	23	1	1	0
      279	2024-01-15 17:01:14	23	1	1	0
      343	2024-01-15 17:01:24	23	1	1	0
      343	2024-01-15 17:01:32	23	1	1	0
       36	2024-01-15 17:01:40	23	1	1	0
       36	2024-01-15 17:01:44	23	1	1	0
      403	2024-01-15 17:01:51	23	1	1	0
      105	2024-01-15 17:02:01	23	1	1	0
      105	2024-01-15 17:02:04	23	1	1	0
     1175	2024-01-15 17:02:09	23	1	1	0
     1175	2024-01-15 17:02:11	23	1	1	0
      191	2024-01-15 17:02:17	23	1	1	0
     1655	2024-01-15 17:02:23	23	1	1	0
      845	2024-01-15 17:02:34	23	1	1	0
      802	2024-01-15 17:02:40	23	1	1	0
      330	2024-01-15 17:07:22	23	1	1	0
      330	2024-01-15 17:07:26	23	1	1	0
     2089	2024-01-15 17:07:35	23	1	1	0
     2089	2024-01-15 17:07:37	23	1	1	0
      680	2024-01-15 17:54:22	23	1	1	0
      223	2024-01-17 06:36:33	23	0	1	0
     1655	2024-01-17 07:14:45	23	0	1	0
      260	2024-01-17 07:18:28	23	0	1	0
      260	2024-01-17 07:18:30	23	0	1	0
      205	2024-01-17 07:32:58	23	0	1	0
     2444	2024-01-17 07:33:54	23	0	1	0
     2444	2024-01-17 07:34:12	23	0	1	0
      279	2024-01-17 07:36:07	23	0	1	0
      403	2024-01-17 07:39:01	23	0	1	0
     2089	2024-01-17 07:49:04	23	0	1	0
     2089	2024-01-17 07:49:06	23	0	1	0
     1634	2024-01-17 07:50:23	23	0	1	0
     1634	2024-01-17 07:50:24	23	0	1	0
      224	2024-01-17 07:52:17	23	0	1	0
      224	2024-01-17 07:52:19	23	0	1	0
      680	2024-01-17 07:55:06	23	0	1	0
      330	2024-01-17 07:55:48	23	0	1	0
      330	2024-01-17 07:55:52	23	0	1	0
      845	2024-01-17 07:56:07	23	0	1	0
      845	2024-01-17 07:56:09	23	0	1	0
      105	2024-01-17 07:57:52	23	0	1	0
      343	2024-01-17 07:58:07	23	0	1	0
      343	2024-01-17 07:58:11	23	0	1	0
     1175	2024-01-17 07:58:30	23	0	1	0
     1175	2024-01-17 07:58:33	23	0	1	0
      802	2024-01-17 07:59:03	23	0	1	0
     2100	2024-01-17 08:00:07	23	0	1	0
     2100	2024-01-17 08:00:09	23	0	1	0
     1634	2024-01-17 12:00:07	23	1	1	0
     1634	2024-01-17 12:00:09	23	1	1	0
     2100	2024-01-17 12:00:21	23	1	1	0
     2100	2024-01-17 12:00:23	23	1	1	0
      223	2024-01-17 12:00:33	23	1	1	0
      343	2024-01-17 12:01:14	23	1	1	0
      279	2024-01-17 12:01:19	23	1	1	0
      224	2024-01-17 12:01:26	23	1	1	0
      845	2024-01-17 12:01:39	23	1	1	0
      205	2024-01-17 12:02:16	23	1	1	0
     1655	2024-01-17 12:02:24	23	1	1	0
     2089	2024-01-17 12:03:30	23	1	1	0
     2089	2024-01-17 12:03:31	23	1	1	0
     2100	2024-01-17 12:04:12	23	0	1	0
     2100	2024-01-17 12:04:14	23	0	1	0
     1655	2024-01-17 12:06:42	23	0	1	0
     2089	2024-01-17 12:07:06	23	0	1	0
     2089	2024-01-17 12:07:07	23	0	1	0
      105	2024-01-17 12:08:39	23	1	1	0
      403	2024-01-17 12:10:38	23	1	1	0
     1175	2024-01-17 12:16:16	23	1	1	0
     1175	2024-01-17 12:16:18	23	1	1	0
      403	2024-01-17 12:17:40	23	0	1	0
      802	2024-01-17 12:17:46	23	1	1	0
     2444	2024-01-17 12:18:03	23	1	1	0
      205	2024-01-17 12:18:53	23	0	1	0
      279	2024-01-17 12:20:12	23	0	1	0
      343	2024-01-17 12:20:19	23	0	1	0
      105	2024-01-17 12:20:39	23	0	1	0
      845	2024-01-17 12:21:12	23	0	1	0
      330	2024-01-17 12:22:53	23	1	1	0
      330	2024-01-17 12:26:11	23	0	1	0
      224	2024-01-17 12:28:46	23	0	1	0
      802	2024-01-17 12:28:57	23	0	1	0
     1175	2024-01-17 12:39:10	23	0	1	0
     1175	2024-01-17 12:39:13	23	0	1	0
     2444	2024-01-17 12:39:37	23	0	1	0
      223	2024-01-17 12:41:38	23	0	1	0
     1634	2024-01-17 12:48:07	23	0	1	0
     1634	2024-01-17 12:48:09	23	0	1	0
