     1493	2024-01-02 07:30:59	27	0	1	0
      838	2024-01-02 07:31:18	27	0	1	0
     1337	2024-01-02 07:34:13	27	0	1	0
     1337	2024-01-02 07:34:15	27	0	1	0
      996	2024-01-02 07:34:48	27	0	1	0
      996	2024-01-02 07:34:52	27	0	1	0
     2934	2024-01-02 07:39:35	27	0	1	0
      675	2024-01-02 07:44:54	27	0	1	0
      675	2024-01-02 07:44:56	27	0	1	0
      438	2024-01-02 07:45:02	27	0	1	0
     2840	2024-01-02 07:48:37	27	0	1	0
     1171	2024-01-02 07:49:55	27	0	1	0
      997	2024-01-02 07:50:59	27	0	1	0
      997	2024-01-02 07:51:01	27	0	1	0
     1078	2024-01-02 07:53:41	27	0	1	0
     2954	2024-01-02 07:56:51	27	0	1	0
     1079	2024-01-02 07:58:22	27	0	1	0
     2951	2024-01-02 07:58:43	27	0	1	0
     2951	2024-01-02 07:58:46	27	0	1	0
     2475	2024-01-02 08:01:21	27	0	1	0
     2475	2024-01-02 08:01:23	27	0	1	0
     1903	2024-01-02 08:20:30	27	0	1	0
      850	2024-01-02 08:29:03	27	0	1	0
      675	2024-01-02 12:00:04	27	1	1	0
      675	2024-01-02 12:00:06	27	1	1	0
      675	2024-01-02 12:01:08	27	0	1	0
     2934	2024-01-02 12:01:15	27	1	1	0
     2954	2024-01-02 12:01:21	27	1	1	0
      838	2024-01-02 12:01:29	27	1	1	0
      996	2024-01-02 12:01:33	27	1	1	0
      996	2024-01-02 12:01:34	27	1	1	0
     2840	2024-01-02 12:01:41	27	1	1	0
     2475	2024-01-02 12:01:48	27	1	1	0
     2475	2024-01-02 12:01:49	27	1	1	0
      438	2024-01-02 12:01:56	27	1	1	0
     1903	2024-01-02 12:02:16	27	1	1	0
     1337	2024-01-02 12:03:01	27	1	1	0
     1337	2024-01-02 12:03:03	27	1	1	0
     2951	2024-01-02 12:03:13	27	1	1	0
     2951	2024-01-02 12:03:15	27	1	1	0
      997	2024-01-02 12:03:28	27	1	1	0
     1079	2024-01-02 12:07:33	27	1	1	0
     1171	2024-01-02 12:07:51	27	1	1	0
     1903	2024-01-02 12:08:04	27	0	1	0
     1079	2024-01-02 12:09:21	27	0	1	0
     1337	2024-01-02 12:10:50	27	0	1	0
     1078	2024-01-02 12:10:56	27	1	1	0
     1337	2024-01-02 12:11:13	27	0	1	0
     2934	2024-01-02 12:11:21	27	0	1	0
     2954	2024-01-02 12:11:26	27	0	1	0
     1078	2024-01-02 12:11:34	27	0	1	0
     2840	2024-01-02 12:18:24	27	0	1	0
     2951	2024-01-02 12:18:32	27	0	1	0
     2951	2024-01-02 12:18:34	27	0	1	0
      838	2024-01-02 12:20:05	27	0	1	0
      438	2024-01-02 12:21:03	27	0	1	0
      997	2024-01-02 12:21:26	27	0	1	0
      850	2024-01-02 12:22:25	27	1	1	0
     1171	2024-01-02 12:22:29	27	1	1	0
      996	2024-01-02 12:29:21	27	0	1	0
     2475	2024-01-02 12:29:26	27	0	1	0
     2475	2024-01-02 12:29:28	27	0	1	0
      850	2024-01-02 12:29:50	27	0	1	0
      438	2024-01-02 12:51:15	27	0	1	0
      675	2024-01-02 17:00:04	27	1	1	0
     1078	2024-01-02 17:00:08	27	1	1	0
     1337	2024-01-02 17:01:05	27	1	1	0
     1337	2024-01-02 17:01:09	27	1	1	0
     2954	2024-01-02 17:02:30	27	1	1	0
     2934	2024-01-02 17:02:40	27	1	1	0
     1171	2024-01-02 17:03:20	27	1	1	0
     1903	2024-01-02 17:03:31	27	1	1	0
     1493	2024-01-02 17:03:35	27	1	1	0
     2840	2024-01-02 17:03:42	27	1	1	0
     2840	2024-01-02 17:03:44	27	1	1	0
     2475	2024-01-02 17:03:51	27	1	1	0
     2475	2024-01-02 17:03:53	27	1	1	0
      838	2024-01-02 17:03:57	27	1	1	0
      850	2024-01-02 17:04:04	27	1	1	0
     1079	2024-01-02 17:04:10	27	1	1	0
     2951	2024-01-02 17:04:14	27	1	1	0
     2951	2024-01-02 17:04:17	27	1	1	0
      997	2024-01-02 17:04:23	27	1	1	0
      997	2024-01-02 17:04:25	27	1	1	0
      996	2024-01-02 17:05:37	27	1	1	0
      438	2024-01-02 17:05:51	27	1	1	0
     2666	2024-01-03 06:50:58	27	0	1	0
     2954	2024-01-03 07:29:11	27	0	1	0
     1078	2024-01-03 07:31:42	27	0	1	0
      838	2024-01-03 07:34:12	27	0	1	0
     1493	2024-01-03 07:35:36	27	0	1	0
     1171	2024-01-03 07:36:54	27	0	1	0
     1337	2024-01-03 07:37:03	27	0	1	0
     1337	2024-01-03 07:37:05	27	0	1	0
      997	2024-01-03 07:43:47	27	0	1	0
      997	2024-01-03 07:43:48	27	0	1	0
     1578	2024-01-03 07:48:23	27	0	1	0
     2934	2024-01-03 07:48:28	27	0	1	0
     2840	2024-01-03 07:48:34	27	0	1	0
      996	2024-01-03 07:49:12	27	0	1	0
      438	2024-01-03 07:49:56	27	0	1	0
      675	2024-01-03 07:50:03	27	0	1	0
      675	2024-01-03 07:50:05	27	0	1	0
     1903	2024-01-03 07:53:11	27	0	1	0
     1903	2024-01-03 07:53:13	27	0	1	0
     2951	2024-01-03 07:57:29	27	0	1	0
     2951	2024-01-03 07:57:31	27	0	1	0
     2475	2024-01-03 07:57:41	27	0	1	0
     2475	2024-01-03 07:57:44	27	0	1	0
      850	2024-01-03 08:09:06	27	0	1	0
      584	2024-01-03 10:23:30	27	5	1	0
      675	2024-01-03 12:00:02	27	1	1	0
     2840	2024-01-03 12:00:10	27	1	1	0
      675	2024-01-03 12:01:02	27	0	1	0
     2954	2024-01-03 12:01:08	27	1	1	0
      584	2024-01-03 12:01:16	27	1	1	0
     1578	2024-01-03 12:01:29	27	1	1	0
      584	2024-01-03 12:01:35	27	1	1	0
     1171	2024-01-03 12:01:39	27	1	1	0
     2934	2024-01-03 12:01:49	27	1	1	0
     1903	2024-01-03 12:01:54	27	1	1	0
     2951	2024-01-03 12:02:12	27	1	1	0
     2951	2024-01-03 12:02:14	27	1	1	0
      838	2024-01-03 12:03:25	27	1	1	0
      438	2024-01-03 12:03:46	27	1	1	0
      996	2024-01-03 12:05:22	27	1	1	0
      997	2024-01-03 12:05:35	27	1	1	0
     1578	2024-01-03 12:10:14	27	0	1	0
     1903	2024-01-03 12:10:18	27	0	1	0
     1171	2024-01-03 12:10:21	27	0	1	0
     2475	2024-01-03 12:10:29	27	1	1	0
     2475	2024-01-03 12:10:31	27	1	1	0
      584	2024-01-03 12:10:42	27	0	1	0
     2840	2024-01-03 12:10:56	27	0	1	0
     2951	2024-01-03 12:11:05	27	0	1	0
     2951	2024-01-03 12:11:07	27	0	1	0
      996	2024-01-03 12:11:31	27	0	1	0
     1078	2024-01-03 12:17:06	27	1	1	0
      838	2024-01-03 12:18:19	27	0	1	0
      997	2024-01-03 12:20:09	27	0	1	0
     2954	2024-01-03 12:23:42	27	0	1	0
     2934	2024-01-03 12:23:48	27	0	1	0
      850	2024-01-03 12:24:36	27	1	1	0
     1337	2024-01-03 12:24:42	27	1	1	0
     1337	2024-01-03 12:24:44	27	1	1	0
     1078	2024-01-03 12:25:27	27	0	1	0
      438	2024-01-03 12:29:07	27	0	1	0
     2475	2024-01-03 12:33:46	27	0	1	0
     2475	2024-01-03 12:33:47	27	0	1	0
      850	2024-01-03 12:40:36	27	0	1	0
     1078	2024-01-03 12:43:25	27	0	1	0
     1337	2024-01-03 12:51:52	27	0	1	0
     1337	2024-01-03 12:51:55	27	0	1	0
      675	2024-01-03 17:00:05	27	1	1	0
      584	2024-01-03 17:00:17	27	1	1	0
      584	2024-01-03 17:00:21	27	1	1	0
      838	2024-01-03 17:00:28	27	1	1	0
      838	2024-01-03 17:00:30	27	1	1	0
      438	2024-01-03 17:00:35	27	1	1	0
      438	2024-01-03 17:00:38	27	1	1	0
     2840	2024-01-03 17:00:48	27	1	1	0
     2840	2024-01-03 17:00:49	27	1	1	0
     2951	2024-01-03 17:01:03	27	1	1	0
     2951	2024-01-03 17:01:04	27	1	1	0
     2475	2024-01-03 17:01:11	27	1	1	0
     2475	2024-01-03 17:01:13	27	1	1	0
      997	2024-01-03 17:01:18	27	1	1	0
      997	2024-01-03 17:01:19	27	1	1	0
     2934	2024-01-03 17:01:45	27	1	1	0
     2954	2024-01-03 17:01:50	27	1	1	0
      850	2024-01-03 17:02:09	27	1	1	0
     1337	2024-01-03 17:02:13	27	1	1	0
     1337	2024-01-03 17:02:19	27	1	1	0
     1337	2024-01-03 17:02:25	27	1	1	0
     1578	2024-01-03 17:04:27	27	1	1	0
     1903	2024-01-03 17:04:36	27	1	1	0
     1171	2024-01-03 17:04:59	27	1	1	0
     1171	2024-01-03 17:05:45	27	1	1	0
     1493	2024-01-03 17:11:05	27	1	1	0
     1078	2024-01-03 17:11:18	27	1	1	0
     2666	2024-01-04 06:49:31	27	0	1	0
     2954	2024-01-04 07:28:06	27	0	1	0
     2840	2024-01-04 07:35:47	27	0	1	0
      838	2024-01-04 07:36:13	27	0	1	0
     2934	2024-01-04 07:42:29	27	0	1	0
     1171	2024-01-04 07:44:17	27	0	1	0
     1078	2024-01-04 07:45:51	27	0	1	0
      584	2024-01-04 07:48:04	27	0	1	0
      584	2024-01-04 07:48:08	27	0	1	0
      997	2024-01-04 07:48:18	27	0	1	0
      997	2024-01-04 07:48:19	27	0	1	0
      438	2024-01-04 07:49:08	27	0	1	0
      675	2024-01-04 07:53:13	27	0	1	0
      675	2024-01-04 07:53:14	27	0	1	0
     1493	2024-01-04 07:53:32	27	0	1	0
       52	2024-01-04 07:53:37	27	0	1	0
     1337	2024-01-04 07:54:47	27	0	1	0
     1337	2024-01-04 07:54:49	27	0	1	0
     2951	2024-01-04 07:55:15	27	0	1	0
     2951	2024-01-04 07:55:17	27	0	1	0
     1578	2024-01-04 07:57:07	27	0	1	0
     2475	2024-01-04 07:59:45	27	0	1	0
     2475	2024-01-04 07:59:46	27	0	1	0
     1903	2024-01-04 08:00:24	27	0	1	0
     1079	2024-01-04 08:01:54	27	0	1	0
      850	2024-01-04 08:04:18	27	0	1	0
      675	2024-01-04 12:00:04	27	1	1	0
      438	2024-01-04 12:01:05	27	1	1	0
      438	2024-01-04 12:01:08	27	1	1	0
     2951	2024-01-04 12:01:11	27	1	1	0
     2951	2024-01-04 12:01:12	27	1	1	0
      675	2024-01-04 12:01:19	27	0	1	0
     2840	2024-01-04 12:01:25	27	1	1	0
      838	2024-01-04 12:01:48	27	1	1	0
      996	2024-01-04 12:01:54	27	1	1	0
     1079	2024-01-04 12:02:40	27	1	1	0
     1337	2024-01-04 12:02:46	27	1	1	0
     1337	2024-01-04 12:02:47	27	1	1	0
     2934	2024-01-04 12:02:56	27	1	1	0
     2954	2024-01-04 12:03:00	27	1	1	0
      850	2024-01-04 12:03:36	27	1	1	0
     1578	2024-01-04 12:04:00	27	1	1	0
      584	2024-01-04 12:04:27	27	1	1	0
      997	2024-01-04 12:04:40	27	1	1	0
     1171	2024-01-04 12:04:46	27	1	1	0
     2475	2024-01-04 12:05:26	27	1	1	0
     2475	2024-01-04 12:05:28	27	1	1	0
     1079	2024-01-04 12:06:17	27	0	1	0
      850	2024-01-04 12:07:06	27	0	1	0
      838	2024-01-04 12:10:47	27	0	1	0
     2840	2024-01-04 12:11:34	27	0	1	0
     2954	2024-01-04 12:15:01	27	0	1	0
     2934	2024-01-04 12:15:07	27	0	1	0
     1578	2024-01-04 12:16:10	27	0	1	0
      584	2024-01-04 12:16:38	27	0	1	0
      438	2024-01-04 12:17:57	27	0	1	0
     1171	2024-01-04 12:18:05	27	0	1	0
      997	2024-01-04 12:19:50	27	0	1	0
     1337	2024-01-04 12:20:43	27	0	1	0
     1337	2024-01-04 12:20:44	27	0	1	0
     1078	2024-01-04 12:21:53	27	1	1	0
     1078	2024-01-04 12:23:06	27	0	1	0
     1903	2024-01-04 12:23:25	27	1	1	0
     2475	2024-01-04 12:24:58	27	0	1	0
     2475	2024-01-04 12:25:00	27	0	1	0
      996	2024-01-04 12:26:21	27	0	1	0
       52	2024-01-04 12:27:00	27	1	1	0
       52	2024-01-04 12:27:26	27	0	1	0
     1493	2024-01-04 12:27:37	27	1	1	0
     1903	2024-01-04 12:40:08	27	0	1	0
     2951	2024-01-04 12:41:18	27	0	1	0
     2951	2024-01-04 12:41:20	27	0	1	0
     1493	2024-01-04 12:42:13	27	0	1	0
      675	2024-01-04 17:00:05	27	1	1	0
      584	2024-01-04 17:00:12	27	1	1	0
       52	2024-01-04 17:01:10	27	1	1	0
     2954	2024-01-04 17:01:58	27	1	1	0
     2934	2024-01-04 17:02:05	27	1	1	0
      838	2024-01-04 17:02:46	27	1	1	0
     1493	2024-01-04 17:03:38	27	1	1	0
     1337	2024-01-04 17:03:45	27	1	1	0
     1171	2024-01-04 17:03:51	27	1	1	0
     1079	2024-01-04 17:03:57	27	1	1	0
      438	2024-01-04 17:04:05	27	1	1	0
      438	2024-01-04 17:04:06	27	1	1	0
      850	2024-01-04 17:04:14	27	1	1	0
     1578	2024-01-04 17:06:37	27	1	1	0
     2475	2024-01-04 17:07:24	27	1	1	0
     2475	2024-01-04 17:07:27	27	1	1	0
     2840	2024-01-04 17:07:33	27	1	1	0
     2840	2024-01-04 17:07:35	27	1	1	0
     2951	2024-01-04 17:07:43	27	1	1	0
     2951	2024-01-04 17:07:45	27	1	1	0
      997	2024-01-04 17:09:12	27	1	1	0
      997	2024-01-04 17:09:14	27	1	1	0
     1078	2024-01-04 17:48:27	27	1	1	0
     1903	2024-01-04 17:48:33	27	1	1	0
     1171	2024-01-05 07:19:34	27	0	1	0
      838	2024-01-05 07:34:06	27	0	1	0
     1493	2024-01-05 07:37:41	27	0	1	0
     1337	2024-01-05 07:38:52	27	0	1	0
     1337	2024-01-05 07:38:53	27	0	1	0
      997	2024-01-05 07:44:27	27	0	1	0
      997	2024-01-05 07:44:29	27	0	1	0
     2954	2024-01-05 07:44:42	27	0	1	0
     2840	2024-01-05 07:45:06	27	0	1	0
     1078	2024-01-05 07:45:14	27	0	1	0
      584	2024-01-05 07:46:28	27	0	1	0
     2934	2024-01-05 07:52:52	27	0	1	0
     2951	2024-01-05 07:53:39	27	0	1	0
     2951	2024-01-05 07:53:42	27	0	1	0
      675	2024-01-05 07:53:52	27	0	1	0
      850	2024-01-05 07:55:02	27	0	1	0
     1578	2024-01-05 07:55:06	27	0	1	0
     1079	2024-01-05 07:55:51	27	0	1	0
      438	2024-01-05 07:59:48	27	0	1	0
      438	2024-01-05 07:59:50	27	0	1	0
       52	2024-01-05 07:59:57	27	0	1	0
     2475	2024-01-05 08:02:54	27	0	1	0
     2475	2024-01-05 08:02:57	27	0	1	0
     1903	2024-01-05 08:13:29	27	0	1	0
      675	2024-01-05 12:00:03	27	1	1	0
      675	2024-01-05 12:01:04	27	0	1	0
     2840	2024-01-05 12:01:42	27	1	1	0
     2475	2024-01-05 12:01:50	27	1	1	0
     2475	2024-01-05 12:01:51	27	1	1	0
     2951	2024-01-05 12:01:57	27	1	1	0
     2951	2024-01-05 12:01:58	27	1	1	0
      584	2024-01-05 12:02:09	27	1	1	0
     1078	2024-01-05 12:02:33	27	1	1	0
     1493	2024-01-05 12:02:59	27	1	1	0
     1903	2024-01-05 12:03:06	27	1	1	0
     1078	2024-01-05 12:03:14	27	0	1	0
     1079	2024-01-05 12:03:27	27	1	1	0
     2954	2024-01-05 12:04:11	27	1	1	0
     2934	2024-01-05 12:04:20	27	1	1	0
      438	2024-01-05 12:04:26	27	1	1	0
     1079	2024-01-05 12:05:34	27	0	1	0
      838	2024-01-05 12:05:42	27	1	1	0
      997	2024-01-05 12:07:02	27	1	1	0
      997	2024-01-05 12:07:03	27	1	1	0
     1578	2024-01-05 12:07:28	27	1	1	0
     2840	2024-01-05 12:11:53	27	0	1	0
      584	2024-01-05 12:14:35	27	0	1	0
      850	2024-01-05 12:15:21	27	1	1	0
      438	2024-01-05 12:17:43	27	0	1	0
      438	2024-01-05 12:17:45	27	0	1	0
      838	2024-01-05 12:17:58	27	0	1	0
     2475	2024-01-05 12:18:41	27	0	1	0
     2475	2024-01-05 12:18:42	27	0	1	0
     2954	2024-01-05 12:29:57	27	0	1	0
     2934	2024-01-05 12:30:03	27	0	1	0
     1171	2024-01-05 12:30:17	27	1	1	0
     1578	2024-01-05 12:30:24	27	0	1	0
      997	2024-01-05 12:34:03	27	0	1	0
      997	2024-01-05 12:34:05	27	0	1	0
      850	2024-01-05 12:36:58	27	0	1	0
     2951	2024-01-05 12:37:54	27	0	1	0
     2951	2024-01-05 12:37:56	27	0	1	0
     1171	2024-01-05 12:38:03	27	0	1	0
     1903	2024-01-05 12:58:15	27	0	1	0
       52	2024-01-05 17:00:55	27	1	1	0
     1337	2024-01-05 17:01:26	27	1	1	0
     1337	2024-01-05 17:01:28	27	1	1	0
     2840	2024-01-05 17:02:32	27	1	1	0
     2840	2024-01-05 17:02:34	27	1	1	0
      997	2024-01-05 17:02:42	27	1	1	0
      997	2024-01-05 17:02:44	27	1	1	0
     2475	2024-01-05 17:02:51	27	1	1	0
     2475	2024-01-05 17:02:52	27	1	1	0
     2951	2024-01-05 17:02:58	27	1	1	0
     2951	2024-01-05 17:02:59	27	1	1	0
      838	2024-01-05 17:03:15	27	1	1	0
      438	2024-01-05 17:03:21	27	1	1	0
      438	2024-01-05 17:03:23	27	1	1	0
      584	2024-01-05 17:07:34	27	1	1	0
      584	2024-01-05 17:07:39	27	1	1	0
     2954	2024-01-05 17:07:52	27	1	1	0
     1171	2024-01-05 17:08:41	27	1	1	0
     2934	2024-01-05 17:09:06	27	1	1	0
     1493	2024-01-05 17:09:31	27	1	1	0
      850	2024-01-05 17:10:13	27	1	1	0
     1578	2024-01-05 17:10:19	27	1	1	0
     1079	2024-01-05 17:10:32	27	1	1	0
     1078	2024-01-05 17:38:23	27	1	1	0
     1903	2024-01-05 18:32:31	27	1	1	0
      838	2024-01-08 07:29:30	27	0	1	0
     1493	2024-01-08 07:36:46	27	0	1	0
     1337	2024-01-08 07:37:37	27	0	1	0
     1337	2024-01-08 07:37:38	27	0	1	0
     2934	2024-01-08 07:38:28	27	0	1	0
      997	2024-01-08 07:40:27	27	0	1	0
      997	2024-01-08 07:40:29	27	0	1	0
     2840	2024-01-08 07:43:12	27	0	1	0
     1171	2024-01-08 07:43:40	27	0	1	0
     1078	2024-01-08 07:45:16	27	0	1	0
      438	2024-01-08 07:48:35	27	0	1	0
      438	2024-01-08 07:48:39	27	0	1	0
     2951	2024-01-08 07:49:04	27	0	1	0
     2951	2024-01-08 07:49:07	27	0	1	0
      584	2024-01-08 07:51:09	27	0	1	0
     2954	2024-01-08 07:51:20	27	0	1	0
      675	2024-01-08 07:52:19	27	0	1	0
      675	2024-01-08 07:52:20	27	0	1	0
     1079	2024-01-08 07:54:04	27	0	1	0
     1903	2024-01-08 07:54:32	27	0	1	0
     1903	2024-01-08 07:54:33	27	0	1	0
      850	2024-01-08 07:55:35	27	0	1	0
       52	2024-01-08 07:56:35	27	0	1	0
     2475	2024-01-08 07:59:03	27	0	1	0
     2475	2024-01-08 07:59:04	27	0	1	0
     1578	2024-01-08 08:03:29	27	0	1	0
      675	2024-01-08 12:00:04	27	1	1	0
      838	2024-01-08 12:00:32	27	1	1	0
      675	2024-01-08 12:01:04	27	0	1	0
     1337	2024-01-08 12:02:38	27	1	1	0
     1337	2024-01-08 12:02:40	27	1	1	0
     2954	2024-01-08 12:02:45	27	1	1	0
     2934	2024-01-08 12:03:01	27	1	1	0
     2840	2024-01-08 12:03:38	27	1	1	0
     2951	2024-01-08 12:03:45	27	1	1	0
     2951	2024-01-08 12:03:47	27	1	1	0
     2475	2024-01-08 12:03:53	27	1	1	0
     2475	2024-01-08 12:04:00	27	1	1	0
      438	2024-01-08 12:04:07	27	1	1	0
     1078	2024-01-08 12:04:59	27	1	1	0
     1578	2024-01-08 12:05:54	27	1	1	0
     1079	2024-01-08 12:06:00	27	1	1	0
      584	2024-01-08 12:06:08	27	1	1	0
     1078	2024-01-08 12:06:18	27	0	1	0
     1171	2024-01-08 12:07:27	27	1	1	0
      997	2024-01-08 12:08:16	27	1	1	0
      997	2024-01-08 12:08:19	27	1	1	0
     1079	2024-01-08 12:09:08	27	0	1	0
     1493	2024-01-08 12:14:24	27	1	1	0
      584	2024-01-08 12:15:02	27	0	1	0
     2840	2024-01-08 12:17:29	27	0	1	0
      838	2024-01-08 12:18:27	27	0	1	0
     1337	2024-01-08 12:19:39	27	0	1	0
     1337	2024-01-08 12:19:40	27	0	1	0
     2934	2024-01-08 12:19:50	27	0	1	0
     2954	2024-01-08 12:19:59	27	0	1	0
     1578	2024-01-08 12:20:16	27	0	1	0
     1171	2024-01-08 12:20:33	27	0	1	0
     2951	2024-01-08 12:26:57	27	0	1	0
     2951	2024-01-08 12:26:59	27	0	1	0
      997	2024-01-08 12:28:37	27	0	1	0
      997	2024-01-08 12:28:41	27	0	1	0
     2475	2024-01-08 12:32:11	27	0	1	0
     2475	2024-01-08 12:32:13	27	0	1	0
      438	2024-01-08 12:32:49	27	0	1	0
     1493	2024-01-08 12:36:09	27	0	1	0
       52	2024-01-08 12:40:59	27	1	1	0
       52	2024-01-08 12:41:10	27	0	1	0
     1903	2024-01-08 12:41:31	27	1	1	0
     1903	2024-01-08 12:49:44	27	0	1	0
      675	2024-01-08 17:00:06	27	1	1	0
      584	2024-01-08 17:00:19	27	1	1	0
      584	2024-01-08 17:00:25	27	1	1	0
     1337	2024-01-08 17:01:20	27	1	1	0
     1337	2024-01-08 17:01:22	27	1	1	0
     2954	2024-01-08 17:02:48	27	1	1	0
     2934	2024-01-08 17:02:54	27	1	1	0
      438	2024-01-08 17:03:00	27	1	1	0
     2840	2024-01-08 17:03:05	27	1	1	0
     2840	2024-01-08 17:03:07	27	1	1	0
     2951	2024-01-08 17:03:14	27	1	1	0
     2951	2024-01-08 17:03:15	27	1	1	0
       52	2024-01-08 17:03:25	27	1	1	0
     2475	2024-01-08 17:03:30	27	1	1	0
     2475	2024-01-08 17:03:32	27	1	1	0
      838	2024-01-08 17:03:36	27	1	1	0
      838	2024-01-08 17:03:38	27	1	1	0
     1493	2024-01-08 17:03:45	27	1	1	0
      997	2024-01-08 17:03:59	27	1	1	0
      997	2024-01-08 17:04:01	27	1	1	0
     1171	2024-01-08 17:04:15	27	1	1	0
     1078	2024-01-08 17:05:04	27	1	1	0
     1079	2024-01-08 17:15:01	27	1	1	0
     1578	2024-01-08 17:15:13	27	1	1	0
      850	2024-01-08 17:20:26	27	1	1	0
     1903	2024-01-08 17:50:27	27	1	1	0
     2666	2024-01-09 06:57:20	27	0	1	0
     1493	2024-01-09 07:31:01	27	0	1	0
     1337	2024-01-09 07:32:05	27	0	1	0
     1337	2024-01-09 07:32:10	27	0	1	0
     1337	2024-01-09 07:32:30	27	0	1	0
      838	2024-01-09 07:36:06	27	0	1	0
      838	2024-01-09 07:36:18	27	0	1	0
     1171	2024-01-09 07:37:12	27	0	1	0
      438	2024-01-09 07:40:19	27	0	1	0
     2840	2024-01-09 07:44:25	27	0	1	0
     1078	2024-01-09 07:46:42	27	0	1	0
     2954	2024-01-09 07:49:09	27	0	1	0
     2934	2024-01-09 07:49:48	27	0	1	0
      584	2024-01-09 07:50:30	27	0	1	0
      997	2024-01-09 07:52:17	27	0	1	0
      997	2024-01-09 07:52:19	27	0	1	0
      675	2024-01-09 07:53:52	27	0	1	0
      675	2024-01-09 07:53:54	27	0	1	0
     1578	2024-01-09 07:58:22	27	0	1	0
     2475	2024-01-09 07:59:33	27	0	1	0
     2475	2024-01-09 07:59:36	27	0	1	0
     2951	2024-01-09 07:59:55	27	0	1	0
     2951	2024-01-09 07:59:57	27	0	1	0
     1079	2024-01-09 08:03:02	27	0	1	0
       52	2024-01-09 08:05:21	27	0	1	0
     1903	2024-01-09 08:05:43	27	0	1	0
      850	2024-01-09 08:10:27	27	0	1	0
      675	2024-01-09 12:00:05	27	1	1	0
      675	2024-01-09 12:01:07	27	0	1	0
     1578	2024-01-09 12:01:12	27	1	1	0
     1079	2024-01-09 12:01:23	27	1	1	0
     2951	2024-01-09 12:02:13	27	1	1	0
     2951	2024-01-09 12:02:15	27	1	1	0
     2840	2024-01-09 12:02:21	27	1	1	0
     2475	2024-01-09 12:02:28	27	1	1	0
     2475	2024-01-09 12:02:30	27	1	1	0
      438	2024-01-09 12:02:36	27	1	1	0
     2934	2024-01-09 12:02:45	27	1	1	0
     2954	2024-01-09 12:02:53	27	1	1	0
     1337	2024-01-09 12:03:07	27	1	1	0
     1337	2024-01-09 12:03:09	27	1	1	0
     1079	2024-01-09 12:04:01	27	0	1	0
      997	2024-01-09 12:05:38	27	1	1	0
      850	2024-01-09 12:05:46	27	1	1	0
     1171	2024-01-09 12:07:37	27	1	1	0
     1171	2024-01-09 12:07:38	27	1	1	0
      838	2024-01-09 12:08:22	27	1	1	0
     2951	2024-01-09 12:09:57	27	0	1	0
     2951	2024-01-09 12:10:00	27	0	1	0
     1493	2024-01-09 12:10:56	27	1	1	0
      584	2024-01-09 12:11:34	27	1	1	0
     1578	2024-01-09 12:11:42	27	0	1	0
      850	2024-01-09 12:13:56	27	0	1	0
      997	2024-01-09 12:14:18	27	0	1	0
      997	2024-01-09 12:14:20	27	0	1	0
     1337	2024-01-09 12:15:13	27	0	1	0
     2840	2024-01-09 12:15:36	27	0	1	0
     2475	2024-01-09 12:16:03	27	0	1	0
     2475	2024-01-09 12:16:04	27	0	1	0
      438	2024-01-09 12:16:16	27	0	1	0
     1903	2024-01-09 12:17:56	27	1	1	0
      996	2024-01-09 12:19:47	27	1	1	0
      838	2024-01-09 12:22:45	27	0	1	0
     2666	2024-01-09 12:23:01	27	1	1	0
      838	2024-01-09 12:23:26	27	0	1	0
      584	2024-01-09 12:23:58	27	0	1	0
     2934	2024-01-09 12:28:36	27	0	1	0
     2954	2024-01-09 12:29:43	27	0	1	0
       52	2024-01-09 12:38:06	27	1	1	0
     1171	2024-01-09 12:38:19	27	0	1	0
     1171	2024-01-09 12:38:20	27	0	1	0
       52	2024-01-09 12:39:05	27	0	1	0
      996	2024-01-09 12:40:07	27	0	1	0
     1493	2024-01-09 12:45:31	27	0	1	0
      675	2024-01-09 17:00:18	27	1	1	0
       52	2024-01-09 17:01:03	27	1	1	0
     1337	2024-01-09 17:01:17	27	1	1	0
     1337	2024-01-09 17:01:18	27	1	1	0
     2934	2024-01-09 17:02:18	27	1	1	0
     2954	2024-01-09 17:02:22	27	1	1	0
      584	2024-01-09 17:04:06	27	1	1	0
      584	2024-01-09 17:04:08	27	1	1	0
     1171	2024-01-09 17:05:34	27	1	1	0
     1493	2024-01-09 17:06:25	27	1	1	0
      438	2024-01-09 17:06:36	27	1	1	0
      438	2024-01-09 17:06:38	27	1	1	0
     2840	2024-01-09 17:06:44	27	1	1	0
     2840	2024-01-09 17:06:46	27	1	1	0
     2951	2024-01-09 17:06:54	27	1	1	0
     2951	2024-01-09 17:06:55	27	1	1	0
      838	2024-01-09 17:07:00	27	1	1	0
      838	2024-01-09 17:07:03	27	1	1	0
      997	2024-01-09 17:07:30	27	1	1	0
     1578	2024-01-09 17:10:05	27	1	1	0
      850	2024-01-09 17:10:11	27	1	1	0
     1079	2024-01-09 17:10:18	27	1	1	0
     2475	2024-01-09 17:10:23	27	1	1	0
     2475	2024-01-09 17:10:25	27	1	1	0
     1078	2024-01-09 17:41:25	27	1	1	0
     1903	2024-01-09 17:46:50	27	1	1	0
     2666	2024-01-10 06:55:11	27	0	1	0
     2934	2024-01-10 07:27:22	27	0	1	0
     2954	2024-01-10 07:29:43	27	0	1	0
     1171	2024-01-10 07:32:14	27	0	1	0
      838	2024-01-10 07:36:17	27	0	1	0
     1493	2024-01-10 07:37:43	27	0	1	0
     1337	2024-01-10 07:37:50	27	0	1	0
     1337	2024-01-10 07:37:53	27	0	1	0
     1078	2024-01-10 07:41:53	27	0	1	0
     2840	2024-01-10 07:44:19	27	0	1	0
      997	2024-01-10 07:46:39	27	0	1	0
      997	2024-01-10 07:46:41	27	0	1	0
     2665	2024-01-10 07:48:19	27	0	1	0
      438	2024-01-10 07:48:55	27	0	1	0
      438	2024-01-10 07:48:57	27	0	1	0
      584	2024-01-10 07:50:15	27	0	1	0
     1079	2024-01-10 07:54:18	27	0	1	0
     1903	2024-01-10 07:54:38	27	0	1	0
     1903	2024-01-10 07:54:42	27	0	1	0
     2475	2024-01-10 07:56:32	27	0	1	0
     2475	2024-01-10 07:56:48	27	0	1	0
       52	2024-01-10 07:59:47	27	0	1	0
     2951	2024-01-10 08:01:14	27	0	1	0
     2951	2024-01-10 08:01:15	27	0	1	0
     1578	2024-01-10 08:08:39	27	0	1	0
      850	2024-01-10 08:10:26	27	0	1	0
      438	2024-01-10 12:02:12	27	1	1	0
      838	2024-01-10 12:02:17	27	1	1	0
     2951	2024-01-10 12:02:23	27	1	1	0
     2951	2024-01-10 12:02:24	27	1	1	0
     2840	2024-01-10 12:02:32	27	1	1	0
     2475	2024-01-10 12:02:39	27	1	1	0
     2475	2024-01-10 12:02:41	27	1	1	0
     2954	2024-01-10 12:04:18	27	1	1	0
     2934	2024-01-10 12:04:24	27	1	1	0
     1079	2024-01-10 12:04:34	27	1	1	0
      850	2024-01-10 12:04:46	27	1	1	0
     1171	2024-01-10 12:04:52	27	1	1	0
     1903	2024-01-10 12:05:10	27	1	1	0
     1079	2024-01-10 12:06:57	27	0	1	0
      997	2024-01-10 12:07:29	27	1	1	0
      997	2024-01-10 12:07:31	27	1	1	0
      584	2024-01-10 12:08:11	27	1	1	0
     2951	2024-01-10 12:08:38	27	0	1	0
     2951	2024-01-10 12:08:40	27	0	1	0
     2840	2024-01-10 12:08:46	27	0	1	0
     2475	2024-01-10 12:08:55	27	0	1	0
     2475	2024-01-10 12:08:56	27	0	1	0
      438	2024-01-10 12:13:34	27	0	1	0
      438	2024-01-10 12:13:37	27	0	1	0
      850	2024-01-10 12:21:33	27	0	1	0
     1578	2024-01-10 12:21:40	27	1	1	0
     1171	2024-01-10 12:22:09	27	0	1	0
     2954	2024-01-10 12:22:29	27	0	1	0
     2934	2024-01-10 12:22:35	27	0	1	0
     1578	2024-01-10 12:24:46	27	0	1	0
     1903	2024-01-10 12:27:13	27	0	1	0
      838	2024-01-10 12:29:26	27	0	1	0
      584	2024-01-10 12:30:58	27	0	1	0
      997	2024-01-10 12:32:30	27	0	1	0
      997	2024-01-10 12:32:32	27	0	1	0
       52	2024-01-10 12:37:35	27	1	1	0
       52	2024-01-10 12:38:09	27	0	1	0
      584	2024-01-10 17:00:50	27	1	1	0
      584	2024-01-10 17:00:53	27	1	1	0
      838	2024-01-10 17:02:16	27	1	1	0
      438	2024-01-10 17:02:21	27	1	1	0
      438	2024-01-10 17:02:26	27	1	1	0
     2840	2024-01-10 17:02:39	27	1	1	0
     2840	2024-01-10 17:02:41	27	1	1	0
     2951	2024-01-10 17:02:48	27	1	1	0
     2951	2024-01-10 17:02:51	27	1	1	0
      997	2024-01-10 17:03:36	27	1	1	0
      997	2024-01-10 17:03:37	27	1	1	0
     2475	2024-01-10 17:03:48	27	1	1	0
     2475	2024-01-10 17:03:51	27	1	1	0
     1903	2024-01-10 17:10:03	27	1	1	0
       52	2024-01-10 17:11:14	27	1	1	0
     1079	2024-01-10 17:11:20	27	1	1	0
     2954	2024-01-10 17:11:24	27	1	1	0
     2934	2024-01-10 17:12:12	27	1	1	0
     1337	2024-01-10 17:12:43	27	1	1	0
     1337	2024-01-10 17:12:45	27	1	1	0
     1171	2024-01-10 17:12:58	27	1	1	0
     1578	2024-01-10 17:13:06	27	1	1	0
      850	2024-01-10 17:13:34	27	1	1	0
     1078	2024-01-10 17:16:15	27	1	1	0
     1493	2024-01-10 17:34:50	27	1	1	0
     2666	2024-01-11 07:03:28	27	0	1	0
     2954	2024-01-11 07:23:45	27	0	1	0
      838	2024-01-11 07:35:07	27	0	1	0
     1493	2024-01-11 07:42:45	27	0	1	0
     2840	2024-01-11 07:43:21	27	0	1	0
     1337	2024-01-11 07:44:23	27	0	1	0
     1337	2024-01-11 07:44:25	27	0	1	0
     1171	2024-01-11 07:44:31	27	0	1	0
     2665	2024-01-11 07:46:15	27	0	1	0
     2951	2024-01-11 07:49:24	27	0	1	0
     2951	2024-01-11 07:49:26	27	0	1	0
     1079	2024-01-11 07:49:37	27	0	1	0
      997	2024-01-11 07:51:20	27	0	1	0
      997	2024-01-11 07:51:21	27	0	1	0
      675	2024-01-11 07:54:09	27	0	1	0
      675	2024-01-11 07:54:10	27	0	1	0
     2934	2024-01-11 07:55:10	27	0	1	0
     1903	2024-01-11 07:56:57	27	0	1	0
     1903	2024-01-11 07:56:58	27	0	1	0
      584	2024-01-11 07:57:54	27	0	1	0
     1078	2024-01-11 07:58:44	27	0	1	0
     2475	2024-01-11 08:00:30	27	0	1	0
     2475	2024-01-11 08:00:31	27	0	1	0
     1578	2024-01-11 08:01:31	27	0	1	0
      850	2024-01-11 08:04:35	27	0	1	0
       52	2024-01-11 08:06:23	27	0	1	0
      438	2024-01-11 08:07:51	27	0	1	0
      438	2024-01-11 08:07:53	27	0	1	0
      675	2024-01-11 12:00:07	27	1	1	0
      675	2024-01-11 12:01:02	27	0	1	0
     2934	2024-01-11 12:02:55	27	1	1	0
      584	2024-01-11 12:03:03	27	1	1	0
      838	2024-01-11 12:03:20	27	1	1	0
     2840	2024-01-11 12:03:28	27	1	1	0
     2951	2024-01-11 12:03:37	27	1	1	0
     2951	2024-01-11 12:03:39	27	1	1	0
      438	2024-01-11 12:03:51	27	1	1	0
      997	2024-01-11 12:04:16	27	1	1	0
      997	2024-01-11 12:04:17	27	1	1	0
      850	2024-01-11 12:05:49	27	1	1	0
     2475	2024-01-11 12:10:44	27	1	1	0
     2475	2024-01-11 12:10:45	27	1	1	0
      996	2024-01-11 12:10:51	27	1	1	0
     1493	2024-01-11 12:14:23	27	1	1	0
      838	2024-01-11 12:15:25	27	0	1	0
     2840	2024-01-11 12:15:59	27	0	1	0
      584	2024-01-11 12:16:20	27	0	1	0
      850	2024-01-11 12:19:01	27	0	1	0
     1079	2024-01-11 12:19:09	27	1	1	0
     1578	2024-01-11 12:19:15	27	1	1	0
     1337	2024-01-11 12:19:21	27	1	1	0
     2954	2024-01-11 12:19:28	27	1	1	0
     2934	2024-01-11 12:19:44	27	0	1	0
     1078	2024-01-11 12:20:43	27	1	1	0
      438	2024-01-11 12:21:30	27	0	1	0
      438	2024-01-11 12:21:32	27	0	1	0
     1078	2024-01-11 12:21:59	27	0	1	0
     1903	2024-01-11 12:23:46	27	1	1	0
     1337	2024-01-11 12:27:06	27	0	1	0
     1337	2024-01-11 12:27:10	27	0	1	0
     2951	2024-01-11 12:29:01	27	0	1	0
     2951	2024-01-11 12:29:03	27	0	1	0
      997	2024-01-11 12:34:09	27	0	1	0
      997	2024-01-11 12:34:11	27	0	1	0
     1903	2024-01-11 12:35:47	27	0	1	0
     1171	2024-01-11 12:35:56	27	1	1	0
      996	2024-01-11 12:37:03	27	0	1	0
     2475	2024-01-11 12:37:08	27	0	1	0
     2475	2024-01-11 12:37:10	27	0	1	0
     1079	2024-01-11 12:37:26	27	0	1	0
     2954	2024-01-11 12:37:32	27	0	1	0
     1493	2024-01-11 12:45:11	27	0	1	0
     1171	2024-01-11 12:54:17	27	0	1	0
     1578	2024-01-11 12:54:50	27	0	1	0
      675	2024-01-11 17:00:45	27	1	1	0
     1337	2024-01-11 17:01:48	27	1	1	0
     1337	2024-01-11 17:01:49	27	1	1	0
      584	2024-01-11 17:02:48	27	1	1	0
      584	2024-01-11 17:02:52	27	1	1	0
     2934	2024-01-11 17:03:20	27	1	1	0
     2954	2024-01-11 17:03:26	27	1	1	0
       52	2024-01-11 17:04:03	27	1	1	0
     1078	2024-01-11 17:04:13	27	1	1	0
      997	2024-01-11 17:04:20	27	1	1	0
      838	2024-01-11 17:04:25	27	1	1	0
     2951	2024-01-11 17:05:11	27	1	1	0
     2951	2024-01-11 17:05:13	27	1	1	0
     2840	2024-01-11 17:05:39	27	1	1	0
     2840	2024-01-11 17:05:41	27	1	1	0
     2475	2024-01-11 17:06:14	27	1	1	0
     2475	2024-01-11 17:06:15	27	1	1	0
     1171	2024-01-11 17:07:37	27	1	1	0
     1493	2024-01-11 17:08:17	27	1	1	0
      438	2024-01-11 17:08:26	27	1	1	0
      438	2024-01-11 17:08:29	27	1	1	0
      850	2024-01-11 17:09:14	27	1	1	0
     1079	2024-01-11 17:09:20	27	1	1	0
     1903	2024-01-11 17:09:58	27	1	1	0
     1578	2024-01-11 17:10:09	27	1	1	0
     2954	2024-01-12 07:34:21	27	0	1	0
     2840	2024-01-12 07:35:49	27	0	1	0
     1493	2024-01-12 07:39:11	27	0	1	0
     1079	2024-01-12 07:40:37	27	0	1	0
     1337	2024-01-12 07:40:44	27	0	1	0
     1337	2024-01-12 07:40:46	27	0	1	0
     1171	2024-01-12 07:43:27	27	0	1	0
      584	2024-01-12 07:44:05	27	0	1	0
     2934	2024-01-12 07:45:57	27	0	1	0
      997	2024-01-12 07:51:29	27	0	1	0
      997	2024-01-12 07:51:31	27	0	1	0
     2951	2024-01-12 07:53:48	27	0	1	0
     2951	2024-01-12 07:53:50	27	0	1	0
     2475	2024-01-12 07:53:55	27	0	1	0
     2475	2024-01-12 07:53:57	27	0	1	0
      675	2024-01-12 07:56:50	27	0	1	0
      675	2024-01-12 07:56:51	27	0	1	0
     1078	2024-01-12 08:02:04	27	0	1	0
     1903	2024-01-12 08:04:07	27	0	1	0
      438	2024-01-12 08:04:13	27	0	1	0
     1578	2024-01-12 08:04:18	27	0	1	0
      850	2024-01-12 08:05:05	27	0	1	0
       52	2024-01-12 08:09:45	27	0	1	0
      675	2024-01-12 12:00:03	27	1	1	0
      850	2024-01-12 12:00:20	27	1	1	0
      438	2024-01-12 12:00:37	27	1	1	0
      438	2024-01-12 12:00:39	27	1	1	0
      675	2024-01-12 12:01:13	27	0	1	0
     1578	2024-01-12 12:02:26	27	1	1	0
     1078	2024-01-12 12:02:39	27	1	1	0
     2934	2024-01-12 12:03:23	27	1	1	0
     2954	2024-01-12 12:03:40	27	1	1	0
     1493	2024-01-12 12:07:00	27	1	1	0
     1171	2024-01-12 12:07:08	27	1	1	0
     1078	2024-01-12 12:07:45	27	0	1	0
      438	2024-01-12 12:09:35	27	0	1	0
      438	2024-01-12 12:09:39	27	0	1	0
      997	2024-01-12 12:10:49	27	1	1	0
      997	2024-01-12 12:10:50	27	1	1	0
     1578	2024-01-12 12:12:38	27	0	1	0
      850	2024-01-12 12:12:45	27	0	1	0
     1337	2024-01-12 12:13:18	27	1	1	0
     1337	2024-01-12 12:13:20	27	1	1	0
     1493	2024-01-12 12:18:37	27	0	1	0
     1337	2024-01-12 12:18:42	27	0	1	0
     1337	2024-01-12 12:18:45	27	0	1	0
     2934	2024-01-12 12:19:25	27	0	1	0
     2954	2024-01-12 12:19:29	27	0	1	0
     1171	2024-01-12 12:19:49	27	0	1	0
     1079	2024-01-12 12:22:03	27	1	1	0
     1079	2024-01-12 12:24:38	27	0	1	0
      584	2024-01-12 12:32:05	27	1	1	0
      584	2024-01-12 12:39:47	27	0	1	0
      997	2024-01-12 12:45:20	27	0	1	0
      997	2024-01-12 12:45:22	27	0	1	0
       52	2024-01-12 17:00:08	27	1	1	0
     2934	2024-01-12 17:00:14	27	1	1	0
      675	2024-01-12 17:00:20	27	1	1	0
     1078	2024-01-12 17:00:26	27	1	1	0
      997	2024-01-12 17:00:43	27	1	1	0
      438	2024-01-12 17:00:49	27	1	1	0
      438	2024-01-12 17:00:52	27	1	1	0
     2840	2024-01-12 17:01:23	27	1	1	0
     2840	2024-01-12 17:01:25	27	1	1	0
     2951	2024-01-12 17:01:35	27	1	1	0
     2951	2024-01-12 17:01:37	27	1	1	0
     2475	2024-01-12 17:01:54	27	1	1	0
     2475	2024-01-12 17:01:55	27	1	1	0
      584	2024-01-12 17:02:17	27	1	1	0
      584	2024-01-12 17:02:21	27	1	1	0
     1079	2024-01-12 17:02:59	27	1	1	0
      850	2024-01-12 17:03:05	27	1	1	0
     2954	2024-01-12 17:03:19	27	1	1	0
     1337	2024-01-12 17:03:29	27	1	1	0
     1337	2024-01-12 17:03:31	27	1	1	0
     1171	2024-01-12 17:04:17	27	1	1	0
     1578	2024-01-12 17:06:22	27	1	1	0
     1903	2024-01-12 17:08:58	27	1	1	0
     1493	2024-01-12 17:20:17	27	1	1	0
     1493	2024-01-15 07:31:24	27	0	1	0
     2840	2024-01-15 07:36:35	27	0	1	0
      838	2024-01-15 07:37:55	27	0	1	0
      997	2024-01-15 07:45:52	27	0	1	0
      997	2024-01-15 07:45:54	27	0	1	0
     1171	2024-01-15 07:48:58	27	0	1	0
     1578	2024-01-15 07:51:22	27	0	1	0
      584	2024-01-15 07:52:46	27	0	1	0
     2954	2024-01-15 07:52:58	27	0	1	0
     1903	2024-01-15 07:53:49	27	0	1	0
     1903	2024-01-15 07:53:51	27	0	1	0
      438	2024-01-15 07:54:01	27	0	1	0
      438	2024-01-15 07:54:04	27	0	1	0
     2951	2024-01-15 07:55:53	27	0	1	0
     2951	2024-01-15 07:55:55	27	0	1	0
      850	2024-01-15 07:57:09	27	0	1	0
      675	2024-01-15 07:57:15	27	0	1	0
      675	2024-01-15 07:57:16	27	0	1	0
     2934	2024-01-15 07:59:52	27	0	1	0
     2475	2024-01-15 08:04:53	27	0	1	0
     2475	2024-01-15 08:04:54	27	0	1	0
     1078	2024-01-15 08:05:02	27	0	1	0
       52	2024-01-15 08:15:51	27	0	1	0
      675	2024-01-15 12:00:04	27	1	1	0
      675	2024-01-15 12:01:05	27	0	1	0
      838	2024-01-15 12:03:15	27	1	1	0
     2840	2024-01-15 12:03:27	27	1	1	0
     2951	2024-01-15 12:03:33	27	1	1	0
     2475	2024-01-15 12:03:39	27	1	1	0
     2475	2024-01-15 12:03:41	27	1	1	0
      850	2024-01-15 12:05:57	27	1	1	0
     1078	2024-01-15 12:06:50	27	1	1	0
     1578	2024-01-15 12:07:04	27	1	1	0
      438	2024-01-15 12:07:10	27	1	1	0
      997	2024-01-15 12:07:40	27	1	1	0
      997	2024-01-15 12:07:41	27	1	1	0
     2934	2024-01-15 12:07:48	27	1	1	0
     2954	2024-01-15 12:07:56	27	1	1	0
      584	2024-01-15 12:08:13	27	1	1	0
     1078	2024-01-15 12:08:42	27	0	1	0
     1493	2024-01-15 12:09:24	27	1	1	0
     1171	2024-01-15 12:10:03	27	1	1	0
      584	2024-01-15 12:16:11	27	0	1	0
      438	2024-01-15 12:21:29	27	0	1	0
      438	2024-01-15 12:21:32	27	0	1	0
     1493	2024-01-15 12:22:14	27	0	1	0
     1903	2024-01-15 12:23:45	27	1	1	0
     2951	2024-01-15 12:24:23	27	0	1	0
     2951	2024-01-15 12:24:26	27	0	1	0
     2840	2024-01-15 12:24:33	27	0	1	0
     2475	2024-01-15 12:24:39	27	0	1	0
     2475	2024-01-15 12:24:41	27	0	1	0
       52	2024-01-15 12:27:16	27	1	1	0
     2934	2024-01-15 12:27:43	27	0	1	0
     2954	2024-01-15 12:27:53	27	0	1	0
       52	2024-01-15 12:28:32	27	0	1	0
     1171	2024-01-15 12:36:14	27	0	1	0
     1578	2024-01-15 12:37:34	27	0	1	0
      838	2024-01-15 12:38:16	27	0	1	0
      850	2024-01-15 12:40:19	27	0	1	0
      997	2024-01-15 12:43:01	27	0	1	0
      997	2024-01-15 12:43:03	27	0	1	0
     1903	2024-01-15 12:52:21	27	0	1	0
       52	2024-01-15 17:00:09	27	1	1	0
     2934	2024-01-15 17:00:18	27	1	1	0
      675	2024-01-15 17:00:24	27	1	1	0
     1078	2024-01-15 17:00:28	27	1	1	0
     1493	2024-01-15 17:00:37	27	1	1	0
      584	2024-01-15 17:01:57	27	1	1	0
      850	2024-01-15 17:03:16	27	1	1	0
     1578	2024-01-15 17:03:22	27	1	1	0
     2954	2024-01-15 17:03:28	27	1	1	0
     1171	2024-01-15 17:03:31	27	1	1	0
     2951	2024-01-15 17:04:54	27	1	1	0
     2951	2024-01-15 17:04:57	27	1	1	0
     2840	2024-01-15 17:05:03	27	1	1	0
     2840	2024-01-15 17:05:05	27	1	1	0
      838	2024-01-15 17:05:14	27	1	1	0
     2475	2024-01-15 17:05:21	27	1	1	0
     2475	2024-01-15 17:05:22	27	1	1	0
      438	2024-01-15 17:05:28	27	1	1	0
      997	2024-01-15 17:05:33	27	1	1	0
      997	2024-01-15 17:05:36	27	1	1	0
     1903	2024-01-15 19:22:17	27	1	1	0
     2666	2024-01-17 06:52:09	27	0	1	0
     1493	2024-01-17 07:30:49	27	0	1	0
     1337	2024-01-17 07:30:54	27	0	1	0
     1337	2024-01-17 07:30:57	27	0	1	0
      838	2024-01-17 07:33:28	27	0	1	0
     1171	2024-01-17 07:35:44	27	0	1	0
      438	2024-01-17 07:42:56	27	0	1	0
      438	2024-01-17 07:42:58	27	0	1	0
     1078	2024-01-17 07:44:28	27	0	1	0
     2951	2024-01-17 07:46:33	27	0	1	0
     2951	2024-01-17 07:46:35	27	0	1	0
     2954	2024-01-17 07:47:28	27	0	1	0
     1578	2024-01-17 07:47:51	27	0	1	0
      997	2024-01-17 07:50:29	27	0	1	0
      997	2024-01-17 07:50:30	27	0	1	0
     2840	2024-01-17 07:51:52	27	0	1	0
      675	2024-01-17 07:55:40	27	0	1	0
      675	2024-01-17 07:55:45	27	0	1	0
     1903	2024-01-17 07:57:56	27	0	1	0
     1903	2024-01-17 07:57:58	27	0	1	0
       52	2024-01-17 08:02:31	27	0	1	0
     2475	2024-01-17 08:02:48	27	0	1	0
     2475	2024-01-17 08:02:49	27	0	1	0
      675	2024-01-17 12:00:16	27	1	1	0
      675	2024-01-17 12:01:09	27	0	1	0
      438	2024-01-17 12:02:28	27	1	1	0
      438	2024-01-17 12:02:30	27	1	1	0
     2475	2024-01-17 12:02:37	27	1	1	0
     2475	2024-01-17 12:02:38	27	1	1	0
     2951	2024-01-17 12:02:44	27	1	1	0
     2951	2024-01-17 12:02:45	27	1	1	0
      996	2024-01-17 12:02:53	27	1	1	0
     2840	2024-01-17 12:02:59	27	1	1	0
      838	2024-01-17 12:03:08	27	1	1	0
     1493	2024-01-17 12:04:53	27	1	1	0
      997	2024-01-17 12:06:07	27	1	1	0
      997	2024-01-17 12:06:09	27	1	1	0
     1078	2024-01-17 12:08:34	27	1	1	0
     1078	2024-01-17 12:09:05	27	0	1	0
     2954	2024-01-17 12:10:09	27	1	1	0
      838	2024-01-17 12:14:30	27	0	1	0
     1337	2024-01-17 12:15:07	27	1	1	0
     1337	2024-01-17 12:15:09	27	1	1	0
     1578	2024-01-17 12:16:24	27	1	1	0
      996	2024-01-17 12:18:02	27	0	1	0
     2840	2024-01-17 12:18:14	27	0	1	0
     2475	2024-01-17 12:18:21	27	0	1	0
     2475	2024-01-17 12:18:24	27	0	1	0
      438	2024-01-17 12:18:35	27	0	1	0
      438	2024-01-17 12:18:38	27	0	1	0
     1903	2024-01-17 12:22:03	27	1	1	0
     1171	2024-01-17 12:23:41	27	1	1	0
     1578	2024-01-17 12:24:23	27	0	1	0
     2954	2024-01-17 12:24:29	27	0	1	0
      997	2024-01-17 12:25:15	27	0	1	0
      997	2024-01-17 12:25:17	27	0	1	0
     1903	2024-01-17 12:25:26	27	0	1	0
     1337	2024-01-17 12:26:08	27	0	1	0
     1337	2024-01-17 12:26:09	27	0	1	0
     1171	2024-01-17 12:41:41	27	0	1	0
     2951	2024-01-17 12:44:15	27	0	1	0
     2951	2024-01-17 12:44:16	27	0	1	0
     2951	2024-01-17 12:44:18	27	0	1	0
