      228	2024-01-02 07:17:15	28	0	1	0
      781	2024-01-02 07:42:51	28	0	1	0
      496	2024-01-02 07:45:44	28	0	1	0
      905	2024-01-02 07:47:27	28	0	1	0
     1104	2024-01-02 07:50:11	28	0	1	0
      469	2024-01-02 07:50:40	28	0	1	0
      469	2024-01-02 07:50:42	28	0	1	0
      107	2024-01-02 07:51:51	28	0	1	0
      361	2024-01-02 07:52:33	28	0	1	0
      361	2024-01-02 07:52:38	28	0	1	0
     1041	2024-01-02 07:54:05	28	0	1	0
     2194	2024-01-02 07:54:10	28	0	1	0
     2275	2024-01-02 07:54:27	28	0	1	0
     2275	2024-01-02 07:54:29	28	0	1	0
     2054	2024-01-02 07:56:38	28	0	1	0
       87	2024-01-02 07:56:48	28	0	1	0
     1799	2024-01-02 07:58:22	28	0	1	0
     1799	2024-01-02 07:58:23	28	0	1	0
     1799	2024-01-02 07:58:25	28	0	1	0
      962	2024-01-02 07:58:39	28	0	1	0
      466	2024-01-02 08:00:38	28	0	1	0
      288	2024-01-02 08:02:43	28	0	1	0
      636	2024-01-02 08:05:56	28	0	1	0
     1657	2024-01-02 08:07:01	28	0	1	0
      960	2024-01-02 08:17:09	28	0	1	0
     2426	2024-01-02 08:18:01	28	0	1	0
     2426	2024-01-02 08:18:04	28	0	1	0
     2912	2024-01-02 08:19:51	28	0	1	0
      547	2024-01-02 08:23:01	28	0	1	0
      547	2024-01-02 08:23:39	28	0	1	0
      495	2024-01-02 08:26:45	28	0	1	0
      108	2024-01-02 08:31:41	28	0	1	0
     2275	2024-01-02 12:00:12	28	1	1	0
      547	2024-01-02 12:00:18	28	1	1	0
      905	2024-01-02 12:00:23	28	1	1	0
      547	2024-01-02 12:00:43	28	1	1	0
      108	2024-01-02 12:01:28	28	1	1	0
      781	2024-01-02 12:01:45	28	1	1	0
      636	2024-01-02 12:01:57	28	1	1	0
      495	2024-01-02 12:02:05	28	1	1	0
      495	2024-01-02 12:04:09	28	0	1	0
      636	2024-01-02 12:06:01	28	0	1	0
      469	2024-01-02 12:06:26	28	1	1	0
      905	2024-01-02 12:08:12	28	0	1	0
      469	2024-01-02 12:08:36	28	0	1	0
      547	2024-01-02 12:08:41	28	0	1	0
      547	2024-01-02 12:08:42	28	0	1	0
     2275	2024-01-02 12:08:55	28	0	1	0
      108	2024-01-02 12:09:00	28	0	1	0
      781	2024-01-02 12:09:05	28	0	1	0
      496	2024-01-02 12:30:56	28	1	1	0
      962	2024-01-02 12:35:38	28	1	1	0
      962	2024-01-02 12:39:09	28	0	1	0
      496	2024-01-02 12:44:18	28	0	1	0
     2054	2024-01-02 12:52:48	28	1	1	0
     1104	2024-01-02 12:54:11	28	1	1	0
     1657	2024-01-02 12:54:13	28	1	1	0
      466	2024-01-02 12:54:17	28	1	1	0
      960	2024-01-02 12:54:21	28	1	1	0
     2912	2024-01-02 12:54:25	28	1	1	0
     2054	2024-01-02 12:54:55	28	0	1	0
      361	2024-01-02 12:55:25	28	1	1	0
      107	2024-01-02 12:55:28	28	1	1	0
      466	2024-01-02 12:56:04	28	0	1	0
     1657	2024-01-02 12:56:07	28	0	1	0
      107	2024-01-02 12:56:14	28	0	1	0
     2912	2024-01-02 12:56:28	28	0	1	0
     1104	2024-01-02 12:56:46	28	0	1	0
      960	2024-01-02 12:56:52	28	0	1	0
      361	2024-01-02 12:58:07	28	0	1	0
      469	2024-01-02 17:00:09	28	1	1	0
      469	2024-01-02 17:00:11	28	1	1	0
      466	2024-01-02 17:00:29	28	1	1	0
     1657	2024-01-02 17:00:37	28	1	1	0
      905	2024-01-02 17:00:42	28	1	1	0
     1041	2024-01-02 17:00:46	28	1	1	0
     2194	2024-01-02 17:00:54	28	1	1	0
      361	2024-01-02 17:01:15	28	1	1	0
      361	2024-01-02 17:01:17	28	1	1	0
     1799	2024-01-02 17:01:25	28	1	1	0
     1799	2024-01-02 17:01:27	28	1	1	0
     2426	2024-01-02 17:01:39	28	1	1	0
     2426	2024-01-02 17:01:42	28	1	1	0
      960	2024-01-02 17:02:06	28	1	1	0
       87	2024-01-02 17:02:16	28	0	1	0
       87	2024-01-02 17:02:21	28	1	1	0
      962	2024-01-02 17:03:13	28	1	1	0
      547	2024-01-02 17:03:15	28	1	1	0
      495	2024-01-02 17:03:18	28	1	1	0
      547	2024-01-02 17:03:22	28	1	1	0
      495	2024-01-02 17:03:27	28	1	1	0
      636	2024-01-02 17:06:22	28	1	1	0
      496	2024-01-02 17:06:27	28	1	1	0
      781	2024-01-02 17:08:38	28	1	1	0
     2912	2024-01-02 17:09:22	28	1	1	0
      228	2024-01-02 17:09:45	28	1	1	0
      107	2024-01-02 17:31:48	28	1	1	0
     1104	2024-01-02 17:51:08	28	1	1	0
     2054	2024-01-02 17:51:26	28	1	1	0
      108	2024-01-02 18:13:21	28	1	1	0
     2275	2024-01-02 18:13:25	28	1	1	0
      288	2024-01-02 19:44:45	28	1	1	0
      781	2024-01-03 04:10:07	28	0	1	0
     2888	2024-01-03 06:09:50	28	0	1	0
     1174	2024-01-03 06:13:43	28	0	1	0
     1657	2024-01-03 06:38:04	28	0	1	0
     1657	2024-01-03 06:38:06	28	0	1	0
     2054	2024-01-03 07:11:56	28	0	1	0
      228	2024-01-03 07:21:02	28	0	1	0
      288	2024-01-03 07:36:17	28	0	1	0
      496	2024-01-03 07:42:29	28	0	1	0
     1872	2024-01-03 07:44:40	28	0	1	0
      361	2024-01-03 07:45:09	28	0	1	0
      547	2024-01-03 07:45:42	28	0	1	0
      547	2024-01-03 07:45:44	28	0	1	0
     2364	2024-01-03 07:45:46	28	0	1	0
     2364	2024-01-03 07:45:50	28	0	1	0
     1799	2024-01-03 07:45:53	28	0	1	0
     1799	2024-01-03 07:45:54	28	0	1	0
     1041	2024-01-03 07:52:16	28	0	1	0
     2194	2024-01-03 07:52:22	28	0	1	0
      960	2024-01-03 07:54:16	28	0	1	0
      905	2024-01-03 07:54:23	28	0	1	0
      905	2024-01-03 07:54:24	28	0	1	0
     2426	2024-01-03 07:54:30	28	0	1	0
     2426	2024-01-03 07:54:33	28	0	1	0
      636	2024-01-03 07:54:42	28	0	1	0
      108	2024-01-03 07:56:38	28	0	1	0
      107	2024-01-03 07:57:07	28	0	1	0
      466	2024-01-03 07:57:30	28	0	1	0
      495	2024-01-03 07:57:55	28	0	1	0
      962	2024-01-03 07:58:27	28	0	1	0
      469	2024-01-03 08:04:25	28	0	1	0
      469	2024-01-03 08:04:27	28	0	1	0
     1416	2024-01-03 08:05:03	28	0	1	0
     2912	2024-01-03 08:06:44	28	0	1	0
       87	2024-01-03 08:18:40	28	0	1	0
       87	2024-01-03 08:18:43	28	0	1	0
      466	2024-01-03 12:00:07	28	1	1	0
      496	2024-01-03 12:00:14	28	1	1	0
      496	2024-01-03 12:00:16	28	1	1	0
      228	2024-01-03 12:00:30	28	1	1	0
     2364	2024-01-03 12:00:54	28	1	1	0
     2364	2024-01-03 12:00:56	28	1	1	0
     1872	2024-01-03 12:01:04	28	1	1	0
      361	2024-01-03 12:01:11	28	1	1	0
     1657	2024-01-03 12:01:18	28	1	1	0
      960	2024-01-03 12:01:27	28	1	1	0
     2912	2024-01-03 12:01:34	28	1	1	0
      636	2024-01-03 12:01:46	28	1	1	0
      466	2024-01-03 12:02:09	28	0	1	0
      496	2024-01-03 12:02:23	28	0	1	0
       87	2024-01-03 12:03:22	28	1	1	0
      960	2024-01-03 12:04:06	28	1	1	0
       87	2024-01-03 12:04:23	28	0	1	0
      960	2024-01-03 12:04:28	28	0	1	0
      361	2024-01-03 12:04:32	28	0	1	0
     2364	2024-01-03 12:04:37	28	0	1	0
     2364	2024-01-03 12:04:38	28	0	1	0
     2912	2024-01-03 12:05:05	28	0	1	0
      228	2024-01-03 12:05:14	28	0	1	0
      361	2024-01-03 12:05:31	28	0	1	0
     1872	2024-01-03 12:05:36	28	0	1	0
      108	2024-01-03 12:05:49	28	1	1	0
     2054	2024-01-03 12:06:03	28	1	1	0
      905	2024-01-03 12:06:25	28	1	1	0
      636	2024-01-03 12:08:43	28	0	1	0
      636	2024-01-03 12:08:44	28	0	1	0
      108	2024-01-03 12:12:44	28	0	1	0
     2054	2024-01-03 12:14:46	28	0	1	0
     1657	2024-01-03 12:15:36	28	0	1	0
      547	2024-01-03 12:17:55	28	1	1	0
      547	2024-01-03 12:17:56	28	1	1	0
      414	2024-01-03 12:23:49	28	0	1	0
      547	2024-01-03 12:26:31	28	0	1	0
      547	2024-01-03 12:26:32	28	0	1	0
      905	2024-01-03 12:37:48	28	0	1	0
     1416	2024-01-03 12:41:28	28	1	1	0
     1416	2024-01-03 12:49:46	28	0	1	0
     1041	2024-01-03 17:00:02	28	1	1	0
       87	2024-01-03 17:00:39	28	1	1	0
     2888	2024-01-03 17:00:55	28	1	1	0
     2194	2024-01-03 17:01:02	28	1	1	0
     2426	2024-01-03 17:01:20	28	1	1	0
     2426	2024-01-03 17:01:24	28	1	1	0
      905	2024-01-03 17:01:26	28	1	1	0
      905	2024-01-03 17:01:27	28	1	1	0
      361	2024-01-03 17:01:34	28	1	1	0
      361	2024-01-03 17:01:42	28	1	1	0
      469	2024-01-03 17:02:08	28	1	1	0
      469	2024-01-03 17:02:11	28	1	1	0
      547	2024-01-03 17:02:26	28	1	1	0
      547	2024-01-03 17:02:27	28	1	1	0
     1416	2024-01-03 17:02:31	28	1	1	0
      962	2024-01-03 17:03:04	28	1	1	0
      962	2024-01-03 17:03:05	28	1	1	0
     2364	2024-01-03 17:03:08	28	1	1	0
     2364	2024-01-03 17:03:09	28	1	1	0
     1657	2024-01-03 17:03:21	28	1	1	0
     1657	2024-01-03 17:03:25	28	1	1	0
      960	2024-01-03 17:03:29	28	1	1	0
      466	2024-01-03 17:03:38	28	1	1	0
     2912	2024-01-03 17:05:04	28	1	1	0
     1799	2024-01-03 17:05:50	28	1	1	0
     1799	2024-01-03 17:05:51	28	1	1	0
     1799	2024-01-03 17:05:53	28	1	1	0
      636	2024-01-03 17:06:50	28	1	1	0
      496	2024-01-03 17:06:56	28	1	1	0
     1872	2024-01-03 17:07:47	28	1	1	0
      495	2024-01-03 17:08:11	28	1	1	0
     1872	2024-01-03 17:08:30	28	1	1	0
      107	2024-01-03 17:10:00	28	1	1	0
      495	2024-01-03 17:12:30	28	1	1	0
      108	2024-01-03 17:20:01	28	0	1	0
      108	2024-01-03 17:20:09	28	1	1	0
      108	2024-01-03 17:20:39	28	1	1	0
     2054	2024-01-03 17:28:49	28	1	1	0
      288	2024-01-03 17:29:28	28	1	1	0
      228	2024-01-03 17:35:01	28	1	1	0
      781	2024-01-03 17:37:58	28	1	1	0
     1174	2024-01-03 17:39:37	28	1	1	0
      361	2024-01-04 06:24:27	28	0	1	0
      361	2024-01-04 06:24:30	28	0	1	0
      469	2024-01-04 07:05:40	28	0	1	0
      469	2024-01-04 07:05:42	28	0	1	0
     1104	2024-01-04 07:09:12	28	0	1	0
      228	2024-01-04 07:10:09	28	0	1	0
      781	2024-01-04 07:28:40	28	0	1	0
     2364	2024-01-04 07:47:22	28	0	1	0
     2364	2024-01-04 07:47:24	28	0	1	0
      108	2024-01-04 07:47:30	28	0	1	0
     1872	2024-01-04 07:49:35	28	0	1	0
     1799	2024-01-04 07:50:15	28	0	1	0
     1799	2024-01-04 07:50:17	28	0	1	0
     2912	2024-01-04 07:53:27	28	0	1	0
     2054	2024-01-04 07:53:50	28	0	1	0
      905	2024-01-04 07:54:03	28	0	1	0
      466	2024-01-04 07:55:04	28	0	1	0
     1041	2024-01-04 07:55:09	28	0	1	0
      962	2024-01-04 07:55:13	28	0	1	0
     2194	2024-01-04 07:55:17	28	0	1	0
      960	2024-01-04 07:55:32	28	0	1	0
      496	2024-01-04 07:56:23	28	0	1	0
     1657	2024-01-04 07:56:35	28	0	1	0
      288	2024-01-04 07:56:46	28	0	1	0
     1174	2024-01-04 07:57:56	28	0	1	0
      636	2024-01-04 07:59:15	28	0	1	0
     2426	2024-01-04 07:59:41	28	0	1	0
     2426	2024-01-04 07:59:44	28	0	1	0
      547	2024-01-04 08:00:49	28	0	1	0
      547	2024-01-04 08:00:51	28	0	1	0
      547	2024-01-04 08:00:52	28	0	1	0
       87	2024-01-04 08:03:17	28	0	1	0
       87	2024-01-04 08:03:24	28	0	1	0
     2888	2024-01-04 08:04:34	28	0	1	0
      495	2024-01-04 08:06:40	28	0	1	0
     2912	2024-01-04 12:00:35	28	1	1	0
     2194	2024-01-04 12:01:46	28	1	1	0
     2888	2024-01-04 12:02:40	28	1	1	0
      960	2024-01-04 12:04:33	28	1	1	0
     1657	2024-01-04 12:04:36	28	1	1	0
      905	2024-01-04 12:04:53	28	1	1	0
      496	2024-01-04 12:05:03	28	1	1	0
     2194	2024-01-04 12:05:15	28	0	1	0
      495	2024-01-04 12:05:21	28	1	1	0
       87	2024-01-04 12:05:44	28	1	1	0
       87	2024-01-04 12:06:08	28	0	1	0
      905	2024-01-04 12:06:55	28	0	1	0
     1104	2024-01-04 12:07:07	28	1	1	0
      228	2024-01-04 12:07:32	28	1	1	0
     2364	2024-01-04 12:07:56	28	1	1	0
     2364	2024-01-04 12:07:58	28	1	1	0
     2912	2024-01-04 12:08:18	28	0	1	0
      228	2024-01-04 12:08:32	28	0	1	0
     2054	2024-01-04 12:09:01	28	1	1	0
      636	2024-01-04 12:09:26	28	1	1	0
      495	2024-01-04 12:09:41	28	0	1	0
      636	2024-01-04 12:10:15	28	0	1	0
     1872	2024-01-04 12:10:20	28	1	1	0
      496	2024-01-04 12:10:45	28	0	1	0
      361	2024-01-04 12:11:53	28	1	1	0
     2364	2024-01-04 12:12:22	28	0	1	0
     2364	2024-01-04 12:12:23	28	0	1	0
      361	2024-01-04 12:12:46	28	1	1	0
      960	2024-01-04 12:13:09	28	0	1	0
     1104	2024-01-04 12:13:35	28	0	1	0
      547	2024-01-04 12:16:22	28	1	1	0
      962	2024-01-04 12:16:39	28	1	1	0
     1657	2024-01-04 12:21:25	28	0	1	0
      962	2024-01-04 12:23:08	28	0	1	0
     1872	2024-01-04 12:24:45	28	0	1	0
     2054	2024-01-04 12:25:57	28	0	1	0
      361	2024-01-04 12:29:03	28	0	1	0
      361	2024-01-04 12:29:06	28	0	1	0
     2888	2024-01-04 12:29:14	28	0	1	0
     1872	2024-01-04 12:29:16	28	0	1	0
      547	2024-01-04 12:30:07	28	0	1	0
      547	2024-01-04 12:30:09	28	0	1	0
     1041	2024-01-04 17:00:04	28	1	1	0
     2194	2024-01-04 17:00:09	28	1	1	0
      905	2024-01-04 17:00:13	28	1	1	0
      469	2024-01-04 17:00:17	28	1	1	0
      469	2024-01-04 17:00:19	28	1	1	0
      466	2024-01-04 17:01:06	28	1	1	0
      466	2024-01-04 17:01:10	28	1	1	0
     1657	2024-01-04 17:01:14	28	1	1	0
     1657	2024-01-04 17:01:17	28	1	1	0
     2364	2024-01-04 17:01:19	28	1	1	0
     2364	2024-01-04 17:01:21	28	1	1	0
      960	2024-01-04 17:01:25	28	1	1	0
      361	2024-01-04 17:01:31	28	1	1	0
      636	2024-01-04 17:01:36	28	1	1	0
     1174	2024-01-04 17:01:40	28	1	1	0
      496	2024-01-04 17:01:48	28	1	1	0
      496	2024-01-04 17:01:50	28	1	1	0
     1174	2024-01-04 17:02:15	28	0	1	0
     1174	2024-01-04 17:02:21	28	1	1	0
     1104	2024-01-04 17:02:24	28	1	1	0
     2912	2024-01-04 17:02:40	28	1	1	0
     2426	2024-01-04 17:02:56	28	1	1	0
     2426	2024-01-04 17:02:59	28	1	1	0
      962	2024-01-04 17:03:11	28	1	1	0
      547	2024-01-04 17:03:20	28	1	1	0
      547	2024-01-04 17:03:22	28	1	1	0
     2888	2024-01-04 17:03:26	28	1	1	0
      495	2024-01-04 17:03:31	28	1	1	0
      107	2024-01-04 17:05:23	28	1	1	0
     1872	2024-01-04 17:06:50	28	1	1	0
     1799	2024-01-04 17:07:03	28	1	1	0
     1799	2024-01-04 17:07:04	28	1	1	0
       87	2024-01-04 17:08:22	28	1	1	0
      228	2024-01-04 17:24:56	28	1	1	0
      781	2024-01-04 18:02:48	28	1	1	0
     2054	2024-01-04 18:04:14	28	1	1	0
      108	2024-01-04 18:27:39	28	1	1	0
      288	2024-01-04 19:23:46	28	1	1	0
      781	2024-01-05 07:14:02	28	0	1	0
     1104	2024-01-05 07:19:31	28	0	1	0
      469	2024-01-05 07:25:06	28	0	1	0
      469	2024-01-05 07:25:09	28	0	1	0
     1041	2024-01-05 07:41:49	28	0	1	0
     2194	2024-01-05 07:45:46	28	0	1	0
      288	2024-01-05 07:46:10	28	0	1	0
      108	2024-01-05 07:48:41	28	0	1	0
      960	2024-01-05 07:49:46	28	0	1	0
      547	2024-01-05 07:49:49	28	0	1	0
      547	2024-01-05 07:49:51	28	0	1	0
     1872	2024-01-05 07:50:32	28	0	1	0
     1799	2024-01-05 07:50:57	28	0	1	0
     1799	2024-01-05 07:50:59	28	0	1	0
     1799	2024-01-05 07:51:00	28	0	1	0
      361	2024-01-05 07:51:52	28	0	1	0
      361	2024-01-05 07:51:54	28	0	1	0
       87	2024-01-05 07:53:42	28	0	1	0
      107	2024-01-05 07:54:57	28	0	1	0
     2364	2024-01-05 07:55:39	28	0	1	0
     2364	2024-01-05 07:55:41	28	0	1	0
      496	2024-01-05 07:56:11	28	0	1	0
      466	2024-01-05 07:56:17	28	0	1	0
     1657	2024-01-05 07:57:06	28	0	1	0
     1657	2024-01-05 07:57:09	28	0	1	0
     2426	2024-01-05 07:58:29	28	0	1	0
     2426	2024-01-05 07:58:32	28	0	1	0
      495	2024-01-05 07:58:42	28	0	1	0
     1174	2024-01-05 07:59:19	28	0	1	0
     1416	2024-01-05 07:59:58	28	0	1	0
     2054	2024-01-05 08:01:16	28	0	1	0
      636	2024-01-05 08:02:57	28	0	1	0
     2912	2024-01-05 08:03:02	28	0	1	0
      228	2024-01-05 08:04:14	28	0	1	0
      962	2024-01-05 08:04:41	28	0	1	0
     2888	2024-01-05 08:05:01	28	0	1	0
      905	2024-01-05 08:14:21	28	0	1	0
      414	2024-01-05 08:15:36	28	0	1	0
      466	2024-01-05 12:00:03	28	1	1	0
      960	2024-01-05 12:00:37	28	1	1	0
     1657	2024-01-05 12:01:03	28	1	1	0
      781	2024-01-05 12:01:09	28	1	1	0
      496	2024-01-05 12:01:38	28	1	1	0
      496	2024-01-05 12:01:39	28	1	1	0
     1872	2024-01-05 12:02:21	28	1	1	0
      636	2024-01-05 12:02:31	28	1	1	0
     2054	2024-01-05 12:02:42	28	1	1	0
      466	2024-01-05 12:03:09	28	0	1	0
     2054	2024-01-05 12:03:13	28	0	1	0
     2426	2024-01-05 12:03:19	28	1	1	0
     2054	2024-01-05 12:03:26	28	0	1	0
     1872	2024-01-05 12:04:09	28	0	1	0
     2426	2024-01-05 12:04:14	28	0	1	0
      636	2024-01-05 12:04:43	28	0	1	0
      960	2024-01-05 12:04:49	28	0	1	0
      108	2024-01-05 12:10:20	28	1	1	0
     1657	2024-01-05 12:16:01	28	0	1	0
     1657	2024-01-05 12:16:05	28	0	1	0
      781	2024-01-05 12:16:38	28	0	1	0
     1104	2024-01-05 12:16:43	28	1	1	0
     1104	2024-01-05 12:17:03	28	0	1	0
      495	2024-01-05 12:19:26	28	1	1	0
      905	2024-01-05 12:19:46	28	1	1	0
      495	2024-01-05 12:22:02	28	0	1	0
      108	2024-01-05 12:22:19	28	0	1	0
     2364	2024-01-05 12:22:29	28	1	1	0
      414	2024-01-05 12:23:28	28	1	1	0
      414	2024-01-05 12:23:30	28	1	1	0
      414	2024-01-05 12:24:03	28	0	1	0
      414	2024-01-05 12:24:08	28	1	1	0
      905	2024-01-05 12:27:14	28	0	1	0
     2364	2024-01-05 12:30:34	28	0	1	0
     2364	2024-01-05 12:30:35	28	0	1	0
      361	2024-01-05 12:32:13	28	1	1	0
     2912	2024-01-05 12:32:19	28	1	1	0
      107	2024-01-05 12:34:04	28	1	1	0
      361	2024-01-05 12:35:05	28	0	1	0
      496	2024-01-05 12:39:17	28	0	1	0
     1416	2024-01-05 12:39:36	28	1	1	0
     2912	2024-01-05 12:45:05	28	0	1	0
     1416	2024-01-05 12:46:52	28	0	1	0
     1174	2024-01-05 12:54:24	28	1	1	0
     1174	2024-01-05 12:55:02	28	0	1	0
     1041	2024-01-05 17:00:23	28	1	1	0
     2194	2024-01-05 17:00:37	28	1	1	0
     2364	2024-01-05 17:02:18	28	1	1	0
     2364	2024-01-05 17:02:19	28	1	1	0
      496	2024-01-05 17:03:52	28	1	1	0
     1174	2024-01-05 17:04:02	28	1	1	0
     1416	2024-01-05 17:06:01	28	1	1	0
     2426	2024-01-05 17:06:41	28	1	1	0
     2426	2024-01-05 17:06:44	28	1	1	0
      962	2024-01-05 17:06:48	28	1	1	0
      962	2024-01-05 17:06:49	28	1	1	0
      495	2024-01-05 17:07:32	28	1	1	0
      547	2024-01-05 17:07:35	28	1	1	0
      108	2024-01-05 17:07:59	28	1	1	0
     2912	2024-01-05 17:08:38	28	1	1	0
      228	2024-01-05 17:11:28	28	1	1	0
      781	2024-01-05 17:11:35	28	1	1	0
      466	2024-01-05 17:14:01	28	1	1	0
     1657	2024-01-05 17:14:05	28	1	1	0
      960	2024-01-05 17:14:09	28	1	1	0
      469	2024-01-05 17:14:12	28	1	1	0
      469	2024-01-05 17:14:15	28	1	1	0
      414	2024-01-05 17:17:16	28	1	1	0
      414	2024-01-05 17:17:17	28	1	1	0
     1104	2024-01-05 17:17:21	28	1	1	0
       87	2024-01-05 17:19:35	28	1	1	0
     2888	2024-01-05 17:24:30	28	1	1	0
     2888	2024-01-05 17:24:33	28	1	1	0
     1799	2024-01-05 17:31:28	28	1	1	0
     1799	2024-01-05 17:31:29	28	1	1	0
      636	2024-01-05 17:44:06	28	1	1	0
      905	2024-01-05 17:46:21	28	1	1	0
     2054	2024-01-05 17:46:27	28	1	1	0
      288	2024-01-05 17:50:03	28	1	1	0
      361	2024-01-05 17:50:08	28	1	1	0
     1872	2024-01-05 17:52:57	28	1	1	0
     1872	2024-01-05 17:53:08	28	1	1	0
     1799	2024-01-05 17:53:11	28	1	1	0
     2888	2024-01-08 06:36:52	28	0	1	0
     2888	2024-01-08 06:36:56	28	0	1	0
      469	2024-01-08 06:55:39	28	0	1	0
      469	2024-01-08 06:55:41	28	0	1	0
      228	2024-01-08 07:03:31	28	0	1	0
      905	2024-01-08 07:39:28	28	0	1	0
      781	2024-01-08 07:44:51	28	0	1	0
      361	2024-01-08 07:47:13	28	0	1	0
      361	2024-01-08 07:47:17	28	0	1	0
     1872	2024-01-08 07:48:08	28	0	1	0
     1799	2024-01-08 07:48:34	28	0	1	0
     1799	2024-01-08 07:48:35	28	0	1	0
     1799	2024-01-08 07:48:37	28	0	1	0
     1041	2024-01-08 07:52:19	28	0	1	0
     2194	2024-01-08 07:52:25	28	0	1	0
     2364	2024-01-08 07:53:51	28	0	1	0
     2364	2024-01-08 07:53:52	28	0	1	0
     2054	2024-01-08 07:55:23	28	0	1	0
      962	2024-01-08 07:58:09	28	0	1	0
      495	2024-01-08 07:59:20	28	0	1	0
     1416	2024-01-08 07:59:26	28	0	1	0
      288	2024-01-08 08:00:33	28	0	1	0
     1174	2024-01-08 08:02:17	28	0	1	0
      547	2024-01-08 08:04:25	28	0	1	0
     2426	2024-01-08 08:06:24	28	0	1	0
     2426	2024-01-08 08:06:28	28	0	1	0
      107	2024-01-08 08:08:10	28	0	1	0
      636	2024-01-08 08:11:04	28	0	1	0
     2912	2024-01-08 08:27:16	28	0	1	0
      636	2024-01-08 12:02:48	28	1	1	0
     2364	2024-01-08 12:03:04	28	1	1	0
     2364	2024-01-08 12:03:06	28	1	1	0
      962	2024-01-08 12:04:44	28	1	1	0
     2912	2024-01-08 12:05:00	28	1	1	0
      469	2024-01-08 12:05:39	28	1	1	0
      361	2024-01-08 12:06:09	28	1	1	0
      361	2024-01-08 12:06:13	28	0	1	0
      361	2024-01-08 12:06:19	28	1	1	0
     1104	2024-01-08 12:06:37	28	0	1	0
     2364	2024-01-08 12:07:29	28	0	1	0
     2364	2024-01-08 12:07:31	28	0	1	0
      414	2024-01-08 12:12:59	28	0	1	0
      361	2024-01-08 12:13:04	28	0	1	0
      361	2024-01-08 12:13:05	28	0	1	0
      962	2024-01-08 12:13:24	28	0	1	0
      469	2024-01-08 12:15:43	28	0	1	0
      905	2024-01-08 12:21:10	28	1	1	0
      636	2024-01-08 12:22:27	28	0	1	0
     2912	2024-01-08 12:22:38	28	0	1	0
      905	2024-01-08 12:57:01	28	0	1	0
     2194	2024-01-08 17:00:44	28	1	1	0
     1041	2024-01-08 17:00:47	28	1	1	0
      469	2024-01-08 17:00:50	28	1	1	0
      469	2024-01-08 17:00:52	28	1	1	0
     2364	2024-01-08 17:01:01	28	1	1	0
     2364	2024-01-08 17:01:02	28	1	1	0
      361	2024-01-08 17:01:09	28	1	1	0
      905	2024-01-08 17:01:13	28	1	1	0
      962	2024-01-08 17:01:20	28	1	1	0
      962	2024-01-08 17:01:21	28	1	1	0
      361	2024-01-08 17:01:25	28	1	1	0
     1799	2024-01-08 17:01:37	28	1	1	0
     1799	2024-01-08 17:01:39	28	1	1	0
     1799	2024-01-08 17:01:41	28	1	1	0
     1872	2024-01-08 17:01:45	28	1	1	0
     2426	2024-01-08 17:01:59	28	1	1	0
     2426	2024-01-08 17:02:02	28	1	1	0
     1174	2024-01-08 17:02:08	28	1	1	0
     1104	2024-01-08 17:02:14	28	1	1	0
     2912	2024-01-08 17:02:23	28	1	1	0
      781	2024-01-08 17:03:07	28	1	1	0
      636	2024-01-08 17:03:47	28	1	1	0
      495	2024-01-08 17:05:05	28	1	1	0
      547	2024-01-08 17:06:24	28	1	1	0
      547	2024-01-08 17:06:26	28	1	1	0
      228	2024-01-08 17:09:21	28	1	1	0
      107	2024-01-08 17:12:29	28	1	1	0
      414	2024-01-08 17:35:44	28	1	1	0
      414	2024-01-08 17:35:47	28	1	1	0
     1416	2024-01-08 17:47:32	28	1	1	0
      414	2024-01-08 17:55:54	28	1	1	0
     2054	2024-01-08 18:01:47	28	1	1	0
     2054	2024-01-08 18:01:50	28	1	1	0
      288	2024-01-08 18:05:47	28	1	1	0
     2888	2024-01-08 20:33:00	28	1	1	0
     2888	2024-01-08 20:33:04	28	1	1	0
     1104	2024-01-09 06:21:51	28	0	1	0
      469	2024-01-09 07:00:51	28	0	1	0
      469	2024-01-09 07:00:54	28	0	1	0
      228	2024-01-09 07:19:35	28	0	1	0
      781	2024-01-09 07:27:09	28	0	1	0
     1174	2024-01-09 07:43:53	28	0	1	0
      108	2024-01-09 07:44:16	28	0	1	0
      107	2024-01-09 07:44:58	28	0	1	0
     2194	2024-01-09 07:46:54	28	0	1	0
     1041	2024-01-09 07:47:25	28	0	1	0
      361	2024-01-09 07:50:04	28	0	1	0
      361	2024-01-09 07:50:08	28	0	1	0
      960	2024-01-09 07:53:29	28	0	1	0
      466	2024-01-09 07:53:47	28	0	1	0
     2364	2024-01-09 07:55:07	28	0	1	0
     2364	2024-01-09 07:55:08	28	0	1	0
      288	2024-01-09 07:55:11	28	0	1	0
     1872	2024-01-09 07:56:00	28	0	1	0
     1799	2024-01-09 07:56:23	28	0	1	0
     1799	2024-01-09 07:56:29	28	0	1	0
     1657	2024-01-09 07:57:03	28	0	1	0
     1657	2024-01-09 07:57:07	28	0	1	0
      495	2024-01-09 07:59:15	28	0	1	0
     2275	2024-01-09 08:00:37	28	0	1	0
     2888	2024-01-09 08:01:49	28	0	1	0
      905	2024-01-09 08:02:58	28	0	1	0
      905	2024-01-09 08:03:01	28	0	1	0
     2054	2024-01-09 08:03:19	28	0	1	0
      414	2024-01-09 08:04:44	28	0	1	0
      636	2024-01-09 08:05:02	28	0	1	0
     2426	2024-01-09 08:06:16	28	0	1	0
     2426	2024-01-09 08:06:19	28	0	1	0
     1416	2024-01-09 08:10:23	28	0	1	0
      962	2024-01-09 08:15:22	28	0	1	0
     2912	2024-01-09 08:19:52	28	0	1	0
      547	2024-01-09 08:24:00	28	0	1	0
      547	2024-01-09 08:24:02	28	0	1	0
     1657	2024-01-09 12:01:08	28	1	1	0
     2364	2024-01-09 12:01:52	28	1	1	0
      960	2024-01-09 12:05:12	28	1	1	0
      547	2024-01-09 12:05:23	28	1	1	0
      960	2024-01-09 12:08:33	28	0	1	0
      962	2024-01-09 12:08:57	28	1	1	0
      495	2024-01-09 12:08:59	28	1	1	0
     2364	2024-01-09 12:09:49	28	0	1	0
     1872	2024-01-09 12:14:18	28	1	1	0
     1104	2024-01-09 12:14:39	28	1	1	0
     1174	2024-01-09 12:14:58	28	1	1	0
      547	2024-01-09 12:15:38	28	0	1	0
      547	2024-01-09 12:15:39	28	0	1	0
     1174	2024-01-09 12:17:15	28	0	1	0
     1872	2024-01-09 12:21:56	28	0	1	0
     1657	2024-01-09 12:22:29	28	0	1	0
      962	2024-01-09 12:22:38	28	0	1	0
      781	2024-01-09 12:27:49	28	1	1	0
     1104	2024-01-09 12:28:23	28	0	1	0
      495	2024-01-09 12:30:10	28	0	1	0
      414	2024-01-09 12:31:00	28	1	1	0
     2912	2024-01-09 12:31:05	28	1	1	0
      414	2024-01-09 12:35:04	28	0	1	0
     2912	2024-01-09 12:35:09	28	0	1	0
      781	2024-01-09 12:39:09	28	0	1	0
     1416	2024-01-09 12:52:16	28	1	1	0
     1416	2024-01-09 12:59:02	28	0	1	0
     1416	2024-01-09 12:59:03	28	0	1	0
     1416	2024-01-09 12:59:05	28	0	1	0
      466	2024-01-09 17:00:05	28	1	1	0
      466	2024-01-09 17:00:09	28	1	1	0
     1657	2024-01-09 17:00:14	28	1	1	0
     2194	2024-01-09 17:00:18	28	1	1	0
      960	2024-01-09 17:00:21	28	1	1	0
      905	2024-01-09 17:00:25	28	1	1	0
      469	2024-01-09 17:00:29	28	1	1	0
      469	2024-01-09 17:00:31	28	1	1	0
      361	2024-01-09 17:00:35	28	1	1	0
     2364	2024-01-09 17:00:38	28	1	1	0
      108	2024-01-09 17:00:40	28	1	1	0
     1174	2024-01-09 17:00:44	28	1	1	0
     1104	2024-01-09 17:00:48	28	1	1	0
     2275	2024-01-09 17:00:55	28	1	1	0
     2275	2024-01-09 17:01:00	28	1	1	0
     2426	2024-01-09 17:01:07	28	1	1	0
     2426	2024-01-09 17:01:10	28	1	1	0
     1799	2024-01-09 17:01:13	28	1	1	0
     1799	2024-01-09 17:01:14	28	1	1	0
      962	2024-01-09 17:01:22	28	1	1	0
      962	2024-01-09 17:01:24	28	1	1	0
      495	2024-01-09 17:01:29	28	1	1	0
     2912	2024-01-09 17:01:35	28	1	1	0
     1872	2024-01-09 17:02:02	28	1	1	0
      636	2024-01-09 17:02:12	28	1	1	0
      547	2024-01-09 17:02:49	28	1	1	0
      547	2024-01-09 17:02:51	28	1	1	0
     2888	2024-01-09 17:02:54	28	1	1	0
     2888	2024-01-09 17:03:00	28	1	1	0
     2054	2024-01-09 17:03:13	28	1	1	0
      414	2024-01-09 17:08:03	28	1	1	0
      414	2024-01-09 17:08:04	28	1	1	0
      107	2024-01-09 17:11:28	28	1	1	0
     1041	2024-01-09 17:11:36	28	1	1	0
      228	2024-01-09 17:16:34	28	1	1	0
      288	2024-01-09 17:23:37	28	1	1	0
      781	2024-01-09 17:29:51	28	1	1	0
     1416	2024-01-09 17:46:29	28	1	1	0
     1104	2024-01-10 06:07:07	28	0	1	0
     2054	2024-01-10 06:53:19	28	0	1	0
      228	2024-01-10 07:10:21	28	0	1	0
      469	2024-01-10 07:14:29	28	0	1	0
      469	2024-01-10 07:14:31	28	0	1	0
      781	2024-01-10 07:15:02	28	0	1	0
      108	2024-01-10 07:31:37	28	0	1	0
     1041	2024-01-10 07:46:38	28	0	1	0
     2194	2024-01-10 07:47:46	28	0	1	0
     2364	2024-01-10 07:52:27	28	0	1	0
     2364	2024-01-10 07:52:28	28	0	1	0
     1872	2024-01-10 07:54:55	28	0	1	0
      905	2024-01-10 07:55:00	28	0	1	0
     1799	2024-01-10 07:55:38	28	0	1	0
     1799	2024-01-10 07:55:41	28	0	1	0
      361	2024-01-10 07:56:20	28	0	1	0
      361	2024-01-10 07:56:23	28	0	1	0
      960	2024-01-10 07:57:09	28	0	1	0
     2426	2024-01-10 07:58:03	28	0	1	0
     2426	2024-01-10 07:58:06	28	0	1	0
      414	2024-01-10 07:58:12	28	0	1	0
     1174	2024-01-10 07:58:18	28	0	1	0
       87	2024-01-10 07:58:30	28	0	1	0
     1416	2024-01-10 07:58:56	28	0	1	0
      636	2024-01-10 07:59:00	28	0	1	0
     2275	2024-01-10 07:59:34	28	0	1	0
     2888	2024-01-10 07:59:38	28	0	1	0
     1657	2024-01-10 07:59:58	28	0	1	0
     2912	2024-01-10 08:00:04	28	0	1	0
      466	2024-01-10 08:00:33	28	0	1	0
      962	2024-01-10 08:00:49	28	0	1	0
      547	2024-01-10 08:00:57	28	0	1	0
      547	2024-01-10 08:00:59	28	0	1	0
      495	2024-01-10 08:09:13	28	0	1	0
       87	2024-01-10 12:00:14	28	1	1	0
      547	2024-01-10 12:00:18	28	1	1	0
      466	2024-01-10 12:00:30	28	1	1	0
     1657	2024-01-10 12:00:45	28	1	1	0
      960	2024-01-10 12:00:50	28	1	1	0
     2912	2024-01-10 12:01:02	28	1	1	0
      466	2024-01-10 12:04:49	28	1	1	0
      960	2024-01-10 12:05:00	28	0	1	0
      495	2024-01-10 12:07:23	28	1	1	0
      466	2024-01-10 12:08:03	28	0	1	0
     1657	2024-01-10 12:08:22	28	0	1	0
      960	2024-01-10 12:08:27	28	0	1	0
      547	2024-01-10 12:10:44	28	0	1	0
      495	2024-01-10 12:10:50	28	0	1	0
       87	2024-01-10 12:16:35	28	0	1	0
     2912	2024-01-10 12:19:25	28	0	1	0
     1416	2024-01-10 12:37:00	28	1	1	0
     1416	2024-01-10 12:41:02	28	0	1	0
      361	2024-01-10 12:53:52	28	1	1	0
      962	2024-01-10 12:53:55	28	1	1	0
      228	2024-01-10 12:53:59	28	1	1	0
      361	2024-01-10 12:55:06	28	0	1	0
      962	2024-01-10 12:55:40	28	0	1	0
      228	2024-01-10 12:55:53	28	0	1	0
      414	2024-01-10 12:57:32	28	1	1	0
      414	2024-01-10 12:57:49	28	1	1	0
      414	2024-01-10 12:58:08	28	0	1	0
      107	2024-01-10 13:00:46	28	0	1	0
      469	2024-01-10 17:00:08	28	1	1	0
      469	2024-01-10 17:00:11	28	1	1	0
     1041	2024-01-10 17:00:20	28	1	1	0
     2194	2024-01-10 17:00:27	28	1	1	0
      361	2024-01-10 17:00:33	28	1	1	0
      361	2024-01-10 17:00:42	28	1	1	0
      466	2024-01-10 17:00:49	28	1	1	0
      905	2024-01-10 17:00:59	28	0	1	0
      495	2024-01-10 17:01:07	28	1	1	0
     2364	2024-01-10 17:01:10	28	1	1	0
     2364	2024-01-10 17:01:12	28	1	1	0
       87	2024-01-10 17:01:20	28	1	1	0
     2426	2024-01-10 17:01:30	28	1	1	0
     1657	2024-01-10 17:01:36	28	1	1	0
      960	2024-01-10 17:01:42	28	1	1	0
      962	2024-01-10 17:01:50	28	1	1	0
      547	2024-01-10 17:01:53	28	1	1	0
      547	2024-01-10 17:01:54	28	1	1	0
      414	2024-01-10 17:02:12	28	1	1	0
      414	2024-01-10 17:02:14	28	1	1	0
     2912	2024-01-10 17:02:23	28	1	1	0
     2888	2024-01-10 17:02:35	28	1	1	0
     1799	2024-01-10 17:03:45	28	1	1	0
     1799	2024-01-10 17:03:47	28	1	1	0
     1799	2024-01-10 17:03:48	28	1	1	0
     1799	2024-01-10 17:04:29	28	1	1	0
     1799	2024-01-10 17:04:30	28	1	1	0
      636	2024-01-10 17:04:58	28	1	1	0
      228	2024-01-10 17:05:13	28	1	1	0
     1872	2024-01-10 17:05:19	28	1	1	0
     2054	2024-01-10 17:07:03	28	1	1	0
     1416	2024-01-10 17:07:13	28	1	1	0
     1174	2024-01-10 17:11:37	28	1	1	0
     1104	2024-01-10 17:11:41	28	1	1	0
     1104	2024-01-10 17:12:50	28	1	1	0
     1174	2024-01-10 17:12:53	28	1	1	0
      107	2024-01-10 17:33:41	28	1	1	0
      108	2024-01-10 17:36:41	28	1	1	0
     2275	2024-01-10 17:36:45	28	1	1	0
      781	2024-01-10 17:46:22	28	1	1	0
     1104	2024-01-11 06:14:54	28	0	1	0
     1104	2024-01-11 06:14:58	28	0	1	0
      228	2024-01-11 06:36:44	28	0	1	0
      781	2024-01-11 07:37:46	28	0	1	0
     2364	2024-01-11 07:44:13	28	0	1	0
     1174	2024-01-11 07:47:35	28	0	1	0
      361	2024-01-11 07:51:52	28	0	1	0
      361	2024-01-11 07:51:55	28	0	1	0
     1041	2024-01-11 07:54:53	28	0	1	0
     2194	2024-01-11 07:55:01	28	0	1	0
     2275	2024-01-11 07:55:40	28	0	1	0
      108	2024-01-11 07:57:59	28	0	1	0
      960	2024-01-11 07:59:28	28	0	1	0
     1872	2024-01-11 07:59:46	28	0	1	0
      107	2024-01-11 07:59:57	28	0	1	0
     1799	2024-01-11 08:00:03	28	0	1	0
     1799	2024-01-11 08:00:04	28	0	1	0
     1799	2024-01-11 08:00:06	28	0	1	0
      962	2024-01-11 08:00:35	28	0	1	0
      547	2024-01-11 08:00:40	28	0	1	0
      547	2024-01-11 08:00:41	28	0	1	0
      636	2024-01-11 08:00:51	28	0	1	0
      636	2024-01-11 08:00:56	28	0	1	0
     2054	2024-01-11 08:01:25	28	0	1	0
     2054	2024-01-11 08:01:27	28	0	1	0
     1416	2024-01-11 08:01:30	28	0	1	0
      466	2024-01-11 08:01:43	28	0	1	0
     2426	2024-01-11 08:04:23	28	0	1	0
     2426	2024-01-11 08:04:26	28	0	1	0
     1657	2024-01-11 08:04:41	28	0	1	0
     2888	2024-01-11 08:05:37	28	0	1	0
      288	2024-01-11 08:05:39	28	0	1	0
      496	2024-01-11 08:06:06	28	0	1	0
       87	2024-01-11 08:08:48	28	0	1	0
      905	2024-01-11 08:08:54	28	0	1	0
      469	2024-01-11 08:08:58	28	0	1	0
      469	2024-01-11 08:09:00	28	0	1	0
      495	2024-01-11 08:14:05	28	0	1	0
      414	2024-01-11 08:15:43	28	0	1	0
      414	2024-01-11 08:15:44	28	0	1	0
     2912	2024-01-11 08:21:10	28	0	1	0
      107	2024-01-11 12:01:04	28	1	1	0
      361	2024-01-11 12:01:18	28	1	1	0
      107	2024-01-11 12:02:03	28	0	1	0
     2364	2024-01-11 12:02:37	28	1	1	0
     2364	2024-01-11 12:02:38	28	1	1	0
      962	2024-01-11 12:02:41	28	1	1	0
     2912	2024-01-11 12:02:52	28	1	1	0
      495	2024-01-11 12:02:58	28	1	1	0
     1657	2024-01-11 12:03:02	28	1	1	0
      228	2024-01-11 12:03:11	28	1	1	0
      960	2024-01-11 12:03:41	28	1	1	0
      466	2024-01-11 12:04:18	28	1	1	0
      228	2024-01-11 12:05:09	28	0	1	0
      361	2024-01-11 12:05:13	28	0	1	0
      361	2024-01-11 12:05:24	28	0	1	0
     2364	2024-01-11 12:05:53	28	0	1	0
      962	2024-01-11 12:06:02	28	0	1	0
      962	2024-01-11 12:06:04	28	0	1	0
      495	2024-01-11 12:07:21	28	0	1	0
      905	2024-01-11 12:07:59	28	1	1	0
      466	2024-01-11 12:08:11	28	0	1	0
      636	2024-01-11 12:10:15	28	1	1	0
      496	2024-01-11 12:10:21	28	1	1	0
      496	2024-01-11 12:10:23	28	1	1	0
      636	2024-01-11 12:13:38	28	0	1	0
     1657	2024-01-11 12:14:36	28	0	1	0
     1657	2024-01-11 12:14:40	28	0	1	0
      960	2024-01-11 12:14:45	28	0	1	0
      496	2024-01-11 12:15:03	28	0	1	0
      905	2024-01-11 12:15:08	28	0	1	0
     2912	2024-01-11 12:15:49	28	0	1	0
     2275	2024-01-11 12:16:43	28	1	1	0
     2275	2024-01-11 12:21:24	28	0	1	0
      414	2024-01-11 12:22:16	28	1	1	0
     2054	2024-01-11 12:23:16	28	1	1	0
     1872	2024-01-11 12:26:15	28	1	1	0
       87	2024-01-11 12:29:31	28	1	1	0
       87	2024-01-11 12:30:04	28	0	1	0
     2054	2024-01-11 12:36:40	28	0	1	0
      414	2024-01-11 12:38:28	28	0	1	0
     1416	2024-01-11 12:46:07	28	1	1	0
     1416	2024-01-11 12:48:50	28	0	1	0
     1872	2024-01-11 12:49:36	28	0	1	0
      905	2024-01-11 17:00:17	28	0	1	0
      905	2024-01-11 17:00:26	28	1	1	0
     2888	2024-01-11 17:00:46	28	1	1	0
     1657	2024-01-11 17:00:49	28	1	1	0
     1041	2024-01-11 17:00:53	28	1	1	0
     2194	2024-01-11 17:00:56	28	1	1	0
      960	2024-01-11 17:01:00	28	1	1	0
     2364	2024-01-11 17:01:04	28	1	1	0
      466	2024-01-11 17:01:07	28	1	1	0
       87	2024-01-11 17:01:11	28	1	1	0
     1174	2024-01-11 17:01:15	28	1	1	0
     1104	2024-01-11 17:01:17	28	1	1	0
      361	2024-01-11 17:01:21	28	1	1	0
      361	2024-01-11 17:01:25	28	1	1	0
     2912	2024-01-11 17:01:35	28	1	1	0
      414	2024-01-11 17:02:17	28	1	1	0
      469	2024-01-11 17:02:21	28	1	1	0
      469	2024-01-11 17:02:23	28	1	1	0
      496	2024-01-11 17:02:27	28	1	1	0
     2426	2024-01-11 17:02:40	28	1	1	0
     2426	2024-01-11 17:02:43	28	1	1	0
      636	2024-01-11 17:02:47	28	1	1	0
      228	2024-01-11 17:03:01	28	1	1	0
     1799	2024-01-11 17:03:06	28	1	1	0
     1799	2024-01-11 17:03:08	28	1	1	0
      962	2024-01-11 17:03:41	28	1	1	0
      414	2024-01-11 17:04:25	28	1	1	0
      962	2024-01-11 17:05:07	28	1	1	0
     1872	2024-01-11 17:05:13	28	1	1	0
      547	2024-01-11 17:05:26	28	1	1	0
      547	2024-01-11 17:05:28	28	1	1	0
      781	2024-01-11 17:05:36	28	1	1	0
      495	2024-01-11 17:06:10	28	1	1	0
      495	2024-01-11 17:06:23	28	1	1	0
      547	2024-01-11 17:06:25	28	1	1	0
      547	2024-01-11 17:06:27	28	1	1	0
     1416	2024-01-11 17:11:10	28	1	1	0
     2054	2024-01-11 17:13:03	28	1	1	0
      108	2024-01-11 18:09:26	28	1	1	0
     2275	2024-01-11 18:09:30	28	1	1	0
     2275	2024-01-11 18:09:32	28	1	1	0
      288	2024-01-11 18:09:59	28	1	1	0
      107	2024-01-11 18:11:04	28	1	1	0
     1104	2024-01-12 06:21:39	28	0	1	0
      228	2024-01-12 06:37:01	28	0	1	0
      469	2024-01-12 06:47:34	28	0	1	0
      469	2024-01-12 06:47:36	28	0	1	0
     2275	2024-01-12 07:48:21	28	0	1	0
     2275	2024-01-12 07:48:23	28	0	1	0
     2275	2024-01-12 07:48:29	28	0	1	0
      781	2024-01-12 07:49:20	28	0	1	0
     1872	2024-01-12 07:52:10	28	0	1	0
     1799	2024-01-12 07:52:53	28	0	1	0
     1799	2024-01-12 07:52:55	28	0	1	0
     1799	2024-01-12 07:52:56	28	0	1	0
     2912	2024-01-12 07:53:51	28	0	1	0
      288	2024-01-12 07:54:02	28	0	1	0
     1041	2024-01-12 07:55:48	28	0	1	0
     2194	2024-01-12 07:55:54	28	0	1	0
     2364	2024-01-12 07:56:46	28	0	1	0
     2364	2024-01-12 07:56:47	28	0	1	0
      108	2024-01-12 07:56:57	28	0	1	0
      466	2024-01-12 07:57:40	28	0	1	0
     1174	2024-01-12 07:59:32	28	0	1	0
      960	2024-01-12 08:01:12	28	0	1	0
      495	2024-01-12 08:02:29	28	0	1	0
      361	2024-01-12 08:03:30	28	0	1	0
      361	2024-01-12 08:03:33	28	0	1	0
       87	2024-01-12 08:04:10	28	0	1	0
      962	2024-01-12 08:04:15	28	0	1	0
      547	2024-01-12 08:04:19	28	0	1	0
      547	2024-01-12 08:04:20	28	0	1	0
     2888	2024-01-12 08:05:45	28	0	1	0
     1657	2024-01-12 08:05:47	28	0	1	0
     1416	2024-01-12 08:08:35	28	0	1	0
     2054	2024-01-12 08:19:04	28	0	1	0
      107	2024-01-12 08:24:27	28	0	1	0
      414	2024-01-12 08:44:42	28	0	1	0
     1657	2024-01-12 12:00:26	28	1	1	0
     1799	2024-01-12 12:00:37	28	1	1	0
     1799	2024-01-12 12:00:39	28	1	1	0
     2364	2024-01-12 12:00:49	28	1	1	0
      960	2024-01-12 12:00:57	28	1	1	0
       87	2024-01-12 12:02:27	28	1	1	0
       87	2024-01-12 12:03:03	28	0	1	0
     1799	2024-01-12 12:03:41	28	0	1	0
     2364	2024-01-12 12:04:17	28	0	1	0
      466	2024-01-12 12:04:33	28	1	1	0
      905	2024-01-12 12:04:42	28	0	1	0
      495	2024-01-12 12:05:44	28	1	1	0
      228	2024-01-12 12:05:49	28	1	1	0
      228	2024-01-12 12:06:22	28	0	1	0
      108	2024-01-12 12:06:30	28	1	1	0
      547	2024-01-12 12:08:12	28	1	1	0
      962	2024-01-12 12:08:23	28	1	1	0
     1657	2024-01-12 12:08:30	28	0	1	0
      108	2024-01-12 12:08:44	28	0	1	0
      960	2024-01-12 12:10:17	28	0	1	0
      962	2024-01-12 12:10:20	28	0	1	0
      466	2024-01-12 12:10:43	28	0	1	0
      495	2024-01-12 12:10:52	28	0	1	0
      547	2024-01-12 12:10:59	28	0	1	0
      414	2024-01-12 12:13:09	28	1	1	0
      414	2024-01-12 12:13:11	28	1	1	0
      466	2024-01-12 12:15:48	28	0	1	0
      414	2024-01-12 12:28:00	28	0	1	0
      414	2024-01-12 12:28:01	28	0	1	0
      361	2024-01-12 12:36:15	28	1	1	0
     1872	2024-01-12 12:36:31	28	1	1	0
     1872	2024-01-12 12:38:04	28	0	1	0
      361	2024-01-12 12:38:07	28	0	1	0
     1416	2024-01-12 12:49:48	28	1	1	0
     1416	2024-01-12 12:52:02	28	0	1	0
      960	2024-01-12 17:01:11	28	1	1	0
      361	2024-01-12 17:01:24	28	1	1	0
      361	2024-01-12 17:01:28	28	1	1	0
     2194	2024-01-12 17:01:53	28	1	1	0
     1041	2024-01-12 17:01:55	28	1	1	0
     1174	2024-01-12 17:01:58	28	1	1	0
      466	2024-01-12 17:02:04	28	1	1	0
     2364	2024-01-12 17:02:09	28	1	1	0
     2364	2024-01-12 17:02:10	28	1	1	0
      905	2024-01-12 17:02:16	28	1	1	0
     1657	2024-01-12 17:02:20	28	1	1	0
       87	2024-01-12 17:02:32	28	1	1	0
      962	2024-01-12 17:04:28	28	1	1	0
      962	2024-01-12 17:04:29	28	1	1	0
      547	2024-01-12 17:04:32	28	1	1	0
      547	2024-01-12 17:04:35	28	1	1	0
      495	2024-01-12 17:04:37	28	1	1	0
      495	2024-01-12 17:04:38	28	1	1	0
     2912	2024-01-12 17:04:47	28	1	1	0
     1799	2024-01-12 17:05:39	28	1	1	0
     1799	2024-01-12 17:05:40	28	1	1	0
     1799	2024-01-12 17:05:42	28	1	1	0
      414	2024-01-12 17:06:28	28	1	1	0
      414	2024-01-12 17:06:30	28	1	1	0
      414	2024-01-12 17:06:37	28	1	1	0
     1872	2024-01-12 17:06:43	28	1	1	0
     2912	2024-01-12 17:08:26	28	1	1	0
     1416	2024-01-12 17:25:28	28	1	1	0
      469	2024-01-12 17:26:09	28	1	1	0
      469	2024-01-12 17:26:11	28	1	1	0
     1104	2024-01-12 17:26:37	28	1	1	0
     1104	2024-01-12 17:26:40	28	1	1	0
     2054	2024-01-12 17:26:48	28	0	1	0
      107	2024-01-12 17:32:28	28	1	1	0
     2888	2024-01-12 17:56:58	28	1	1	0
      781	2024-01-12 18:43:14	28	1	1	0
      108	2024-01-12 19:06:02	28	1	1	0
     2275	2024-01-12 19:06:07	28	1	1	0
      361	2024-01-15 05:56:00	28	0	1	0
      361	2024-01-15 05:56:04	28	0	1	0
     1104	2024-01-15 06:12:28	28	0	1	0
      228	2024-01-15 06:52:27	28	0	1	0
      108	2024-01-15 07:22:10	28	0	1	0
      107	2024-01-15 07:36:05	28	0	1	0
      781	2024-01-15 07:45:16	28	0	1	0
      466	2024-01-15 07:50:12	28	0	1	0
     2194	2024-01-15 07:51:05	28	0	1	0
      288	2024-01-15 07:51:33	28	0	1	0
     1872	2024-01-15 07:52:55	28	0	1	0
     1799	2024-01-15 07:53:30	28	0	1	0
     1799	2024-01-15 07:53:31	28	0	1	0
     1799	2024-01-15 07:53:33	28	0	1	0
     2275	2024-01-15 07:53:40	28	0	1	0
     2275	2024-01-15 07:53:41	28	0	1	0
     2364	2024-01-15 07:53:54	28	0	1	0
     2364	2024-01-15 07:53:55	28	0	1	0
      547	2024-01-15 07:54:44	28	0	1	0
      547	2024-01-15 07:54:46	28	0	1	0
      469	2024-01-15 07:54:50	28	0	1	0
      469	2024-01-15 07:54:52	28	0	1	0
     2054	2024-01-15 07:58:03	28	0	1	0
     1657	2024-01-15 07:58:08	28	0	1	0
     1416	2024-01-15 07:58:30	28	0	1	0
      962	2024-01-15 07:58:55	28	0	1	0
     1174	2024-01-15 07:59:31	28	0	1	0
      960	2024-01-15 08:00:05	28	0	1	0
      495	2024-01-15 08:00:18	28	0	1	0
       87	2024-01-15 08:00:58	28	0	1	0
      636	2024-01-15 08:01:02	28	0	1	0
      905	2024-01-15 08:03:48	28	0	1	0
      496	2024-01-15 08:04:15	28	0	1	0
     2888	2024-01-15 08:04:50	28	0	1	0
     2912	2024-01-15 08:06:04	28	0	1	0
     2426	2024-01-15 08:08:03	28	0	1	0
     2426	2024-01-15 08:08:06	28	0	1	0
      414	2024-01-15 08:08:57	28	0	1	0
      414	2024-01-15 08:09:23	28	0	1	0
      547	2024-01-15 12:00:46	28	1	1	0
      547	2024-01-15 12:00:48	28	1	1	0
      905	2024-01-15 12:00:55	28	1	1	0
      781	2024-01-15 12:01:01	28	1	1	0
      466	2024-01-15 12:01:09	28	1	1	0
      962	2024-01-15 12:01:13	28	1	1	0
      962	2024-01-15 12:01:16	28	1	1	0
      361	2024-01-15 12:01:20	28	1	1	0
     1657	2024-01-15 12:02:13	28	1	1	0
     1799	2024-01-15 12:02:37	28	1	1	0
     1799	2024-01-15 12:02:39	28	1	1	0
      960	2024-01-15 12:02:45	28	1	1	0
      495	2024-01-15 12:04:05	28	1	1	0
      107	2024-01-15 12:04:19	28	1	1	0
     2054	2024-01-15 12:05:05	28	1	1	0
      781	2024-01-15 12:05:45	28	0	1	0
     1872	2024-01-15 12:05:53	28	1	1	0
      962	2024-01-15 12:06:06	28	0	1	0
      962	2024-01-15 12:06:07	28	0	1	0
      466	2024-01-15 12:07:01	28	0	1	0
     2912	2024-01-15 12:07:54	28	1	1	0
      496	2024-01-15 12:08:44	28	1	1	0
      496	2024-01-15 12:10:03	28	0	1	0
       87	2024-01-15 12:10:12	28	1	1	0
     1872	2024-01-15 12:10:23	28	0	1	0
      547	2024-01-15 12:10:29	28	0	1	0
     1799	2024-01-15 12:10:35	28	0	1	0
     1799	2024-01-15 12:10:37	28	0	1	0
      960	2024-01-15 12:10:59	28	0	1	0
       87	2024-01-15 12:11:07	28	0	1	0
      466	2024-01-15 12:11:14	28	0	1	0
      107	2024-01-15 12:12:18	28	0	1	0
     1657	2024-01-15 12:12:26	28	0	1	0
      495	2024-01-15 12:13:37	28	0	1	0
     2054	2024-01-15 12:20:46	28	0	1	0
      361	2024-01-15 12:21:04	28	0	1	0
      636	2024-01-15 12:21:20	28	1	1	0
      905	2024-01-15 12:21:26	28	0	1	0
      905	2024-01-15 12:21:29	28	0	1	0
      905	2024-01-15 12:21:31	28	0	1	0
      361	2024-01-15 12:21:35	28	0	1	0
      636	2024-01-15 12:22:10	28	0	1	0
     2912	2024-01-15 12:22:57	28	0	1	0
     2275	2024-01-15 12:38:14	28	1	1	0
     2275	2024-01-15 12:40:11	28	0	1	0
      414	2024-01-15 12:44:08	28	1	1	0
     1416	2024-01-15 12:44:31	28	1	1	0
     1416	2024-01-15 12:44:49	28	1	1	0
      414	2024-01-15 12:45:04	28	0	1	0
     1416	2024-01-15 12:47:30	28	0	1	0
      466	2024-01-15 17:00:10	28	1	1	0
      960	2024-01-15 17:00:15	28	1	1	0
     2194	2024-01-15 17:00:45	28	1	1	0
      905	2024-01-15 17:00:49	28	1	1	0
      469	2024-01-15 17:00:57	28	1	1	0
      469	2024-01-15 17:01:00	28	1	1	0
     1657	2024-01-15 17:01:04	28	1	1	0
      361	2024-01-15 17:01:10	28	1	1	0
     2364	2024-01-15 17:01:16	28	1	1	0
     1872	2024-01-15 17:01:21	28	1	1	0
      414	2024-01-15 17:01:58	28	1	1	0
      414	2024-01-15 17:02:00	28	1	1	0
     2426	2024-01-15 17:02:18	28	1	1	0
     2426	2024-01-15 17:02:21	28	1	1	0
     1799	2024-01-15 17:03:01	28	1	1	0
     1799	2024-01-15 17:03:02	28	1	1	0
     1799	2024-01-15 17:03:04	28	1	1	0
      496	2024-01-15 17:03:53	28	1	1	0
      636	2024-01-15 17:04:05	28	1	1	0
     1104	2024-01-15 17:05:10	28	1	1	0
     1174	2024-01-15 17:05:14	28	1	1	0
     2912	2024-01-15 17:06:57	28	1	1	0
      495	2024-01-15 17:07:03	28	1	1	0
       87	2024-01-15 17:10:14	28	1	1	0
      496	2024-01-15 17:12:45	28	1	1	0
      228	2024-01-15 17:13:15	28	1	1	0
      228	2024-01-15 17:13:19	28	1	1	0
     2054	2024-01-15 17:14:56	28	1	1	0
      107	2024-01-15 17:16:25	28	1	1	0
     1416	2024-01-15 17:18:45	28	1	1	0
      288	2024-01-15 17:34:31	28	1	1	0
      547	2024-01-15 17:42:52	28	1	1	0
      547	2024-01-15 17:42:54	28	1	1	0
      781	2024-01-15 17:42:57	28	1	1	0
     2275	2024-01-15 17:57:10	28	1	1	0
     2275	2024-01-15 17:57:14	28	1	1	0
      962	2024-01-15 18:20:33	28	1	1	0
      962	2024-01-15 18:20:36	28	1	1	0
      108	2024-01-15 19:42:55	28	1	1	0
     1104	2024-01-16 06:21:58	28	0	1	0
     1104	2024-01-17 06:16:00	28	0	1	0
      228	2024-01-17 07:10:23	28	0	1	0
      361	2024-01-17 07:23:02	28	0	1	0
      361	2024-01-17 07:23:05	28	0	1	0
      781	2024-01-17 07:34:04	28	0	1	0
      108	2024-01-17 07:44:02	28	1	1	0
      108	2024-01-17 07:44:10	28	0	1	0
      108	2024-01-17 07:44:15	28	0	1	0
     2275	2024-01-17 07:47:27	28	0	1	0
     2275	2024-01-17 07:47:29	28	0	1	0
     1041	2024-01-17 07:49:32	28	0	1	0
     2194	2024-01-17 07:49:37	28	0	1	0
      107	2024-01-17 07:52:32	28	0	1	0
      495	2024-01-17 07:53:40	28	0	1	0
      466	2024-01-17 07:55:33	28	0	1	0
      414	2024-01-17 07:56:46	28	0	1	0
       87	2024-01-17 07:57:05	28	0	1	0
     1174	2024-01-17 07:57:24	28	0	1	0
     1872	2024-01-17 07:58:19	28	0	1	0
     2364	2024-01-17 07:58:34	28	0	1	0
     2364	2024-01-17 07:58:35	28	0	1	0
     1799	2024-01-17 07:58:55	28	0	1	0
     1799	2024-01-17 07:58:56	28	0	1	0
     1799	2024-01-17 07:58:58	28	0	1	0
      495	2024-01-17 08:00:06	28	0	1	0
      636	2024-01-17 08:02:12	28	0	1	0
     1416	2024-01-17 08:02:32	28	0	1	0
      905	2024-01-17 08:03:15	28	0	1	0
      288	2024-01-17 08:04:19	28	0	1	0
     2426	2024-01-17 08:04:43	28	0	1	0
     2426	2024-01-17 08:04:47	28	0	1	0
     2912	2024-01-17 08:05:09	28	0	1	0
     1657	2024-01-17 08:06:58	28	0	1	0
      960	2024-01-17 08:07:55	28	0	1	0
      962	2024-01-17 08:09:09	28	0	1	0
      547	2024-01-17 08:09:13	28	0	1	0
     2888	2024-01-17 08:10:24	28	0	1	0
     2054	2024-01-17 08:13:11	28	0	1	0
      469	2024-01-17 08:14:26	28	0	1	0
      469	2024-01-17 08:14:28	28	0	1	0
     1872	2024-01-17 12:05:25	28	1	1	0
     1657	2024-01-17 12:07:59	28	1	1	0
     2054	2024-01-17 12:08:14	28	1	1	0
     2054	2024-01-17 12:08:15	28	1	1	0
     2364	2024-01-17 12:12:11	28	1	1	0
     1104	2024-01-17 12:12:15	28	1	1	0
      495	2024-01-17 12:12:40	28	1	1	0
      547	2024-01-17 12:12:44	28	1	1	0
      547	2024-01-17 12:12:49	28	1	1	0
      905	2024-01-17 12:13:52	28	1	1	0
     1104	2024-01-17 12:16:28	28	0	1	0
     2364	2024-01-17 12:16:30	28	0	1	0
      495	2024-01-17 12:17:53	28	0	1	0
      960	2024-01-17 12:17:59	28	1	1	0
      636	2024-01-17 12:20:28	28	1	1	0
      962	2024-01-17 12:20:38	28	1	1	0
      962	2024-01-17 12:20:40	28	1	1	0
      361	2024-01-17 12:22:15	28	1	1	0
     1416	2024-01-17 12:22:22	28	1	1	0
      466	2024-01-17 12:22:42	28	1	1	0
     1657	2024-01-17 12:22:52	28	0	1	0
     1174	2024-01-17 12:23:00	28	1	1	0
     1174	2024-01-17 12:23:07	28	0	1	0
      960	2024-01-17 12:23:14	28	0	1	0
      636	2024-01-17 12:23:35	28	0	1	0
     2054	2024-01-17 12:23:50	28	0	1	0
     1416	2024-01-17 12:24:07	28	1	1	0
     1416	2024-01-17 12:24:10	28	1	1	0
      466	2024-01-17 12:24:39	28	0	1	0
      107	2024-01-17 12:25:41	28	1	1	0
      107	2024-01-17 12:26:03	28	0	1	0
       87	2024-01-17 12:26:13	28	1	1	0
     2912	2024-01-17 12:27:09	28	1	1	0
       87	2024-01-17 12:27:45	28	0	1	0
      547	2024-01-17 12:27:55	28	0	1	0
      547	2024-01-17 12:27:56	28	0	1	0
      228	2024-01-17 12:28:02	28	1	1	0
      228	2024-01-17 12:29:03	28	0	1	0
      361	2024-01-17 12:31:03	28	0	1	0
      361	2024-01-17 12:31:04	28	0	1	0
      361	2024-01-17 12:31:08	28	0	1	0
     2912	2024-01-17 12:31:18	28	0	1	0
      547	2024-01-17 12:31:23	28	0	1	0
     2912	2024-01-17 12:31:28	28	0	1	0
     1416	2024-01-17 12:32:27	28	0	1	0
      905	2024-01-17 12:35:59	28	0	1	0
      962	2024-01-17 12:45:23	28	0	1	0
      962	2024-01-17 12:45:24	28	0	1	0
     1872	2024-01-17 12:45:29	28	0	1	0
      414	2024-01-17 12:46:16	28	1	1	0
      414	2024-01-17 12:46:17	28	1	1	0
      414	2024-01-17 12:57:53	28	0	1	0
      414	2024-01-17 12:57:57	28	1	1	0
