      686	2023-12-04 05:00:14	29	0	0	0
      686	2023-12-05 05:00:09	29	0	0	0
      913	2023-12-05 07:12:48	29	0	0	0
      570	2023-12-05 07:35:15	29	0	0	0
      570	2023-12-05 07:35:24	29	0	0	0
     2717	2023-12-05 07:46:55	29	0	0	0
     2717	2023-12-05 07:46:57	29	0	0	0
     1263	2023-12-05 07:47:18	29	0	0	0
      146	2023-12-05 07:48:01	29	0	0	0
     2104	2023-12-05 07:52:30	29	0	0	0
     2104	2023-12-05 07:52:33	29	0	0	0
      854	2023-12-05 07:56:55	29	0	0	0
      727	2023-12-05 07:57:57	29	0	0	0
      372	2023-12-05 08:00:38	29	0	0	0
      825	2023-12-05 08:01:29	29	0	0	0
      109	2023-12-05 08:10:48	29	0	0	0
     2321	2023-12-05 08:19:17	29	0	0	0
     2321	2023-12-05 08:19:21	29	0	0	0
      854	2023-12-05 12:00:08	29	1	0	0
     1263	2023-12-05 12:00:11	29	1	0	0
      686	2023-12-05 12:00:21	29	1	0	0
      109	2023-12-05 12:00:55	29	1	0	0
      854	2023-12-05 12:01:07	29	0	0	0
      727	2023-12-05 12:01:13	29	1	0	0
      727	2023-12-05 12:02:31	29	0	0	0
      913	2023-12-05 12:04:08	29	1	0	0
     1263	2023-12-05 12:04:14	29	0	0	0
      569	2023-12-05 12:04:30	29	1	0	0
      109	2023-12-05 12:09:53	29	0	0	0
      372	2023-12-05 12:10:03	29	1	0	0
      913	2023-12-05 12:10:35	29	0	0	0
      569	2023-12-05 12:13:11	29	0	0	0
     2104	2023-12-05 12:13:41	29	1	0	0
      570	2023-12-05 12:13:50	29	1	0	0
      146	2023-12-05 12:14:02	29	1	0	0
     2717	2023-12-05 12:17:16	29	1	0	0
     2717	2023-12-05 12:17:29	29	1	0	0
      825	2023-12-05 12:17:38	29	1	0	0
      686	2023-12-05 12:18:05	29	0	0	0
     2717	2023-12-05 12:25:39	29	0	0	0
     2104	2023-12-05 12:27:19	29	0	0	0
     2321	2023-12-05 12:27:50	29	1	0	0
      146	2023-12-05 12:29:20	29	0	0	0
      570	2023-12-05 12:30:51	29	0	0	0
      825	2023-12-05 12:31:57	29	0	0	0
     2321	2023-12-05 12:38:56	29	0	0	0
      372	2023-12-05 12:45:16	29	0	0	0
      372	2023-12-05 12:45:29	29	0	0	0
      373	2023-12-05 12:46:13	29	0	0	0
      109	2023-12-05 16:10:48	29	1	0	0
      913	2023-12-05 17:00:13	29	1	0	0
      854	2023-12-05 17:00:42	29	1	0	0
      727	2023-12-05 17:00:53	29	0	0	0
      570	2023-12-05 17:01:03	29	1	0	0
     2717	2023-12-05 17:01:09	29	1	0	0
     2717	2023-12-05 17:01:09	29	1	0	0
     1263	2023-12-05 17:01:12	29	1	0	0
     2104	2023-12-05 17:01:20	29	1	0	0
     2104	2023-12-05 17:01:23	29	1	0	0
      569	2023-12-05 17:01:28	29	1	0	0
      372	2023-12-05 17:01:43	29	1	0	0
      373	2023-12-05 17:01:49	29	1	0	0
      372	2023-12-05 17:02:18	29	1	0	0
     2321	2023-12-05 17:03:16	29	1	0	0
     2321	2023-12-05 17:03:19	29	1	0	0
     2321	2023-12-05 17:03:22	29	1	0	0
      146	2023-12-05 17:04:40	29	1	0	0
     2321	2023-12-05 17:05:15	29	1	0	0
     2321	2023-12-05 17:05:18	29	1	0	0
      825	2023-12-05 17:06:19	29	1	0	0
      686	2023-12-05 17:06:29	29	1	0	0
     2321	2023-12-05 17:06:40	29	1	0	0
      686	2023-12-06 05:03:21	29	0	0	0
      146	2023-12-06 07:14:50	29	0	0	0
     2717	2023-12-06 07:29:22	29	0	0	0
      913	2023-12-06 07:38:44	29	0	0	0
      727	2023-12-06 07:46:36	29	0	0	0
      570	2023-12-06 07:47:12	29	0	0	0
      570	2023-12-06 07:47:13	29	0	0	0
     2104	2023-12-06 07:51:40	29	0	0	0
     2104	2023-12-06 07:51:54	29	0	0	0
     1263	2023-12-06 07:52:44	29	0	0	0
     2321	2023-12-06 07:55:08	29	0	0	0
     2321	2023-12-06 07:55:11	29	0	0	0
      373	2023-12-06 07:55:48	29	0	0	0
      109	2023-12-06 08:02:52	29	0	0	0
      825	2023-12-06 08:04:18	29	0	0	0
      372	2023-12-06 08:07:33	29	0	0	0
      686	2023-12-06 12:00:57	29	1	0	0
      913	2023-12-06 12:01:46	29	1	0	0
     1263	2023-12-06 12:04:20	29	1	0	0
      825	2023-12-06 12:10:23	29	1	0	0
      913	2023-12-06 12:10:37	29	0	0	0
      686	2023-12-06 12:10:49	29	0	0	0
      109	2023-12-06 12:11:14	29	1	0	0
     2717	2023-12-06 12:11:29	29	1	0	0
      570	2023-12-06 12:14:12	29	1	0	0
      570	2023-12-06 12:14:19	29	1	0	0
      373	2023-12-06 12:17:52	29	1	0	0
      727	2023-12-06 12:18:36	29	1	0	0
      727	2023-12-06 12:20:12	29	0	0	0
     2104	2023-12-06 12:24:34	29	1	0	0
     2104	2023-12-06 12:26:03	29	0	0	0
      570	2023-12-06 12:26:32	29	0	0	0
     2321	2023-12-06 12:27:02	29	0	0	0
     1263	2023-12-06 12:31:50	29	0	0	0
     2717	2023-12-06 12:33:08	29	0	0	0
     2717	2023-12-06 12:33:22	29	0	0	0
      109	2023-12-06 12:34:56	29	0	0	0
      825	2023-12-06 12:37:23	29	0	0	0
     2321	2023-12-06 12:38:39	29	0	0	0
      373	2023-12-06 12:51:54	29	0	0	0
      372	2023-12-06 12:51:58	29	1	0	0
      372	2023-12-06 12:53:04	29	0	0	0
      913	2023-12-06 17:00:10	29	1	0	0
      727	2023-12-06 17:00:13	29	1	0	0
     2717	2023-12-06 17:00:20	29	1	0	0
     1263	2023-12-06 17:00:31	29	1	0	0
      109	2023-12-06 17:00:36	29	1	0	0
      570	2023-12-06 17:01:01	29	0	0	0
      570	2023-12-06 17:01:05	29	1	0	0
      373	2023-12-06 17:01:34	29	1	0	0
      686	2023-12-06 17:01:56	29	1	0	0
      825	2023-12-06 17:02:01	29	1	0	0
     2104	2023-12-06 17:02:30	29	1	0	0
     2104	2023-12-06 17:02:33	29	1	0	0
     2321	2023-12-06 17:03:07	29	1	0	0
     2321	2023-12-06 17:03:10	29	1	0	0
      373	2023-12-06 17:03:14	29	1	0	0
     2321	2023-12-06 17:03:21	29	1	0	0
     2321	2023-12-06 17:08:43	29	1	0	0
      372	2023-12-06 17:08:49	29	1	0	0
     2104	2023-12-06 17:09:02	29	1	0	0
     2321	2023-12-06 17:09:09	29	1	0	0
      146	2023-12-06 17:17:43	29	1	0	0
      686	2023-12-07 05:00:15	29	0	0	0
      913	2023-12-07 07:12:14	29	0	0	0
     2717	2023-12-07 07:33:59	29	0	0	0
     2717	2023-12-07 07:34:01	29	0	0	0
      570	2023-12-07 07:39:52	29	0	0	0
      570	2023-12-07 07:39:53	29	0	0	0
      570	2023-12-07 07:40:23	29	0	0	0
      109	2023-12-07 07:45:20	29	0	0	0
      146	2023-12-07 07:46:42	29	0	0	0
      146	2023-12-07 07:46:45	29	0	0	0
     1263	2023-12-07 07:51:25	29	0	0	0
      727	2023-12-07 07:56:15	29	0	0	0
      825	2023-12-07 07:59:01	29	0	0	0
     2104	2023-12-07 08:00:06	29	0	0	0
     2104	2023-12-07 08:00:10	29	0	0	0
     2321	2023-12-07 08:04:30	29	0	0	0
     2321	2023-12-07 08:04:33	29	0	0	0
      372	2023-12-07 08:13:38	29	0	0	0
      913	2023-12-07 12:00:08	29	1	0	0
      913	2023-12-07 12:02:22	29	0	0	0
      686	2023-12-07 12:02:42	29	1	0	0
      727	2023-12-07 12:03:28	29	1	0	0
     2104	2023-12-07 12:03:46	29	1	0	0
     2104	2023-12-07 12:03:58	29	1	0	0
      727	2023-12-07 12:05:09	29	0	0	0
      372	2023-12-07 12:05:30	29	1	0	0
     1263	2023-12-07 12:06:45	29	1	0	0
      570	2023-12-07 12:08:35	29	1	0	0
      825	2023-12-07 12:09:25	29	1	0	0
      686	2023-12-07 12:09:40	29	0	0	0
     2104	2023-12-07 12:10:32	29	0	0	0
      570	2023-12-07 12:10:40	29	0	0	0
     2717	2023-12-07 12:18:33	29	1	0	0
     2717	2023-12-07 12:18:36	29	1	0	0
     2321	2023-12-07 12:19:40	29	1	0	0
     2717	2023-12-07 12:21:58	29	0	0	0
     2321	2023-12-07 12:31:40	29	0	0	0
     1263	2023-12-07 12:38:04	29	0	0	0
      372	2023-12-07 12:47:15	29	0	0	0
      373	2023-12-07 12:48:09	29	0	0	0
      825	2023-12-07 12:55:49	29	0	0	0
      570	2023-12-07 16:27:43	29	1	0	0
      570	2023-12-07 16:27:44	29	1	0	0
      913	2023-12-07 17:00:17	29	1	0	0
      727	2023-12-07 17:00:23	29	1	0	0
     1263	2023-12-07 17:00:32	29	1	0	0
     2717	2023-12-07 17:01:03	29	1	0	0
      686	2023-12-07 17:01:32	29	1	0	0
      569	2023-12-07 17:02:32	29	1	0	0
      373	2023-12-07 17:03:15	29	1	0	0
      373	2023-12-07 17:03:22	29	1	0	0
      825	2023-12-07 17:03:53	29	1	0	0
     2321	2023-12-07 17:05:46	29	1	0	0
     2321	2023-12-07 17:05:49	29	1	0	0
      372	2023-12-07 17:06:17	29	1	0	0
     2321	2023-12-07 17:06:22	29	1	0	0
     2321	2023-12-07 17:06:25	29	1	0	0
     2104	2023-12-07 17:06:33	29	1	0	0
     2104	2023-12-07 17:06:36	29	1	0	0
      146	2023-12-07 18:17:49	29	0	0	0
      146	2023-12-07 18:18:09	29	1	0	0
      146	2023-12-07 18:18:26	29	1	0	0
      686	2023-12-11 05:00:05	29	0	0	0
      570	2023-12-11 07:37:08	29	0	0	0
      570	2023-12-11 07:37:11	29	0	0	0
      569	2023-12-11 07:39:20	29	0	0	0
     2717	2023-12-11 07:39:46	29	0	0	0
      727	2023-12-11 07:43:00	29	0	0	0
      146	2023-12-11 07:53:17	29	0	0	0
      146	2023-12-11 07:53:23	29	0	0	0
      373	2023-12-11 07:55:38	29	0	0	0
     2104	2023-12-11 07:56:38	29	0	0	0
      109	2023-12-11 07:56:41	29	0	0	0
     2104	2023-12-11 07:56:44	29	0	0	0
      109	2023-12-11 07:56:46	29	0	0	0
     2104	2023-12-11 07:56:58	29	0	0	0
     1263	2023-12-11 07:57:46	29	0	0	0
      854	2023-12-11 08:02:21	29	0	0	0
     2321	2023-12-11 08:02:49	29	0	0	0
     2321	2023-12-11 08:02:52	29	0	0	0
      825	2023-12-11 08:23:10	29	0	0	0
      372	2023-12-11 08:45:39	29	0	0	0
      686	2023-12-11 12:00:32	29	1	0	0
     2717	2023-12-11 12:05:28	29	1	0	0
      727	2023-12-11 12:06:06	29	1	0	0
      146	2023-12-11 12:06:33	29	1	0	0
      570	2023-12-11 12:07:29	29	1	0	0
      727	2023-12-11 12:08:08	29	0	0	0
      146	2023-12-11 12:08:32	29	0	0	0
      825	2023-12-11 12:09:00	29	1	0	0
      372	2023-12-11 12:10:09	29	1	0	0
     2104	2023-12-11 12:10:31	29	1	0	0
      686	2023-12-11 12:10:39	29	0	0	0
      372	2023-12-11 12:12:58	29	0	0	0
     2717	2023-12-11 12:15:41	29	0	0	0
     2717	2023-12-11 12:15:51	29	0	0	0
     2104	2023-12-11 12:18:40	29	0	0	0
     2104	2023-12-11 12:18:51	29	0	0	0
      373	2023-12-11 12:19:49	29	1	0	0
      854	2023-12-11 12:21:25	29	1	0	0
     1263	2023-12-11 12:21:39	29	1	0	0
      854	2023-12-11 12:22:07	29	0	0	0
     1263	2023-12-11 12:23:19	29	0	0	0
      109	2023-12-11 12:24:31	29	1	0	0
      373	2023-12-11 12:25:05	29	0	0	0
      109	2023-12-11 12:26:37	29	0	0	0
      570	2023-12-11 12:26:58	29	0	0	0
     2321	2023-12-11 12:39:26	29	1	0	0
     2321	2023-12-11 12:46:28	29	0	0	0
      825	2023-12-11 12:52:42	29	0	0	0
      373	2023-12-11 16:31:08	29	1	0	0
      686	2023-12-11 17:00:05	29	1	0	0
      569	2023-12-11 17:01:52	29	1	0	0
     2717	2023-12-11 17:02:00	29	1	0	0
     2717	2023-12-11 17:02:01	29	1	0	0
     1263	2023-12-11 17:02:12	29	1	0	0
      854	2023-12-11 17:02:14	29	1	0	0
      109	2023-12-11 17:02:16	29	1	0	0
      727	2023-12-11 17:02:19	29	1	0	0
      825	2023-12-11 17:04:26	29	1	0	0
      146	2023-12-11 17:04:46	29	1	0	0
     2104	2023-12-11 17:05:45	29	1	0	0
     2104	2023-12-11 17:05:49	29	1	0	0
     2104	2023-12-11 17:05:52	29	1	0	0
      372	2023-12-11 17:05:56	29	1	0	0
     2321	2023-12-11 17:06:07	29	1	0	0
     2321	2023-12-11 17:06:10	29	1	0	0
     2321	2023-12-11 17:06:13	29	1	0	0
     2321	2023-12-11 17:06:36	29	1	0	0
      570	2023-12-11 18:30:54	29	1	0	0
      570	2023-12-11 18:30:57	29	1	0	0
      686	2023-12-12 05:00:06	29	0	0	0
      146	2023-12-12 06:03:56	29	0	0	0
      659	2023-12-12 07:13:38	29	0	0	0
      659	2023-12-12 07:13:40	29	0	0	0
      570	2023-12-12 07:28:50	29	0	0	0
      570	2023-12-12 07:28:52	29	0	0	0
     2717	2023-12-12 07:35:24	29	0	0	0
     1833	2023-12-12 07:42:50	29	0	0	0
     1833	2023-12-12 07:42:52	29	0	0	0
      825	2023-12-12 07:54:09	29	0	0	0
      854	2023-12-12 07:56:16	29	0	0	0
     2321	2023-12-12 07:58:03	29	0	0	0
     2321	2023-12-12 07:58:07	29	0	0	0
      727	2023-12-12 07:59:34	29	0	0	0
     2104	2023-12-12 07:59:40	29	0	0	0
     2104	2023-12-12 07:59:44	29	0	0	0
      372	2023-12-12 08:01:39	29	0	0	0
      109	2023-12-12 08:01:40	29	0	0	0
     1263	2023-12-12 08:11:56	29	0	0	0
      373	2023-12-12 08:29:47	29	0	0	0
      659	2023-12-12 12:00:03	29	1	0	0
      659	2023-12-12 12:00:11	29	1	0	0
      686	2023-12-12 12:04:17	29	1	0	0
      825	2023-12-12 12:05:10	29	1	0	0
      372	2023-12-12 12:05:49	29	1	0	0
     2104	2023-12-12 12:06:07	29	1	0	0
     2104	2023-12-12 12:06:23	29	1	0	0
      686	2023-12-12 12:12:52	29	0	0	0
      109	2023-12-12 12:13:03	29	1	0	0
      727	2023-12-12 12:13:07	29	1	0	0
      373	2023-12-12 12:14:29	29	1	0	0
      727	2023-12-12 12:14:55	29	0	0	0
     1263	2023-12-12 12:16:52	29	1	0	0
      854	2023-12-12 12:17:26	29	1	0	0
     2321	2023-12-12 12:17:59	29	0	0	0
     2321	2023-12-12 12:18:04	29	1	0	0
      854	2023-12-12 12:19:30	29	0	0	0
     2104	2023-12-12 12:20:07	29	0	0	0
     1263	2023-12-12 12:20:23	29	0	0	0
      372	2023-12-12 12:24:15	29	0	0	0
      109	2023-12-12 12:24:20	29	0	0	0
      825	2023-12-12 12:24:57	29	0	0	0
     2717	2023-12-12 12:27:00	29	1	0	0
     2717	2023-12-12 12:27:01	29	1	0	0
     2717	2023-12-12 12:32:16	29	0	0	0
     2717	2023-12-12 12:32:23	29	0	0	0
      146	2023-12-12 12:33:48	29	1	0	0
      146	2023-12-12 12:35:25	29	0	0	0
     2321	2023-12-12 12:37:24	29	0	0	0
      659	2023-12-12 12:41:48	29	0	0	0
      570	2023-12-12 12:48:55	29	1	0	0
      570	2023-12-12 12:51:12	29	0	0	0
      373	2023-12-12 12:51:40	29	0	0	0
      686	2023-12-12 17:00:22	29	1	0	0
      727	2023-12-12 17:00:38	29	1	0	0
      854	2023-12-12 17:00:49	29	1	0	0
      570	2023-12-12 17:00:55	29	1	0	0
      570	2023-12-12 17:01:01	29	1	0	0
     2717	2023-12-12 17:01:06	29	0	0	0
     2717	2023-12-12 17:01:07	29	0	0	0
     2717	2023-12-12 17:01:14	29	1	0	0
     2717	2023-12-12 17:01:15	29	1	0	0
      109	2023-12-12 17:01:20	29	1	0	0
     1263	2023-12-12 17:01:23	29	1	0	0
     2717	2023-12-12 17:01:27	29	1	0	0
      570	2023-12-12 17:01:32	29	1	0	0
      373	2023-12-12 17:01:35	29	1	0	0
      373	2023-12-12 17:01:37	29	1	0	0
      659	2023-12-12 17:01:43	29	1	0	0
      825	2023-12-12 17:08:46	29	1	0	0
      372	2023-12-12 17:10:12	29	1	0	0
     2104	2023-12-12 17:10:36	29	1	0	0
     2104	2023-12-12 17:10:39	29	1	0	0
     2321	2023-12-12 17:10:50	29	1	0	0
     2321	2023-12-12 17:10:53	29	1	0	0
     2321	2023-12-12 17:11:08	29	1	0	0
      146	2023-12-12 17:11:37	29	1	0	0
     2321	2023-12-12 17:11:56	29	1	0	0
      686	2023-12-13 05:00:26	29	0	0	0
      146	2023-12-13 06:57:35	29	0	0	0
      146	2023-12-13 06:57:54	29	0	0	0
      659	2023-12-13 07:30:24	29	0	0	0
      913	2023-12-13 07:32:40	29	0	0	0
     2717	2023-12-13 07:36:02	29	0	0	0
     2717	2023-12-13 07:36:03	29	0	0	0
      569	2023-12-13 07:44:56	29	0	0	0
     1263	2023-12-13 07:46:08	29	0	0	0
      727	2023-12-13 07:48:45	29	0	0	0
      570	2023-12-13 07:51:03	29	0	0	0
      570	2023-12-13 07:51:05	29	0	0	0
      825	2023-12-13 07:55:41	29	0	0	0
     2321	2023-12-13 08:00:06	29	0	0	0
     2321	2023-12-13 08:00:09	29	0	0	0
      373	2023-12-13 08:00:13	29	0	0	0
      109	2023-12-13 08:01:56	29	0	0	0
     2104	2023-12-13 08:06:30	29	0	0	0
     2104	2023-12-13 08:06:34	29	0	0	0
      372	2023-12-13 08:26:30	29	0	0	0
      686	2023-12-13 12:00:57	29	1	0	0
      570	2023-12-13 12:01:45	29	1	0	0
      109	2023-12-13 12:02:14	29	1	0	0
      109	2023-12-13 12:02:33	29	1	0	0
      570	2023-12-13 12:03:22	29	0	0	0
      727	2023-12-13 12:04:27	29	1	0	0
      373	2023-12-13 12:04:31	29	1	0	0
      727	2023-12-13 12:05:51	29	0	0	0
      825	2023-12-13 12:06:07	29	1	0	0
      146	2023-12-13 12:06:51	29	1	0	0
     2104	2023-12-13 12:10:09	29	1	0	0
      686	2023-12-13 12:10:27	29	0	0	0
      109	2023-12-13 12:10:34	29	0	0	0
     2321	2023-12-13 12:10:47	29	1	0	0
      913	2023-12-13 12:11:34	29	1	0	0
     2104	2023-12-13 12:15:11	29	0	0	0
      373	2023-12-13 12:15:15	29	0	0	0
      913	2023-12-13 12:16:36	29	0	0	0
     1263	2023-12-13 12:17:26	29	1	0	0
      854	2023-12-13 12:17:34	29	1	0	0
      372	2023-12-13 12:18:08	29	1	0	0
      854	2023-12-13 12:18:27	29	0	0	0
      659	2023-12-13 12:19:40	29	1	0	0
     1263	2023-12-13 12:20:20	29	0	0	0
      372	2023-12-13 12:20:45	29	0	0	0
      659	2023-12-13 12:23:28	29	0	0	0
     2321	2023-12-13 12:27:46	29	0	0	0
     2717	2023-12-13 12:31:48	29	1	0	0
     2717	2023-12-13 12:36:30	29	0	0	0
      146	2023-12-13 12:37:05	29	0	0	0
      825	2023-12-13 12:38:11	29	0	0	0
      913	2023-12-13 17:00:06	29	1	0	0
      659	2023-12-13 17:00:12	29	1	0	0
      727	2023-12-13 17:00:21	29	1	0	0
     1263	2023-12-13 17:00:48	29	1	0	0
      854	2023-12-13 17:00:50	29	1	0	0
      109	2023-12-13 17:00:52	29	1	0	0
      373	2023-12-13 17:01:04	29	1	0	0
     2717	2023-12-13 17:01:09	29	1	0	0
     2717	2023-12-13 17:01:10	29	1	0	0
      825	2023-12-13 17:01:30	29	1	0	0
     2321	2023-12-13 17:04:02	29	1	0	0
     2321	2023-12-13 17:04:05	29	1	0	0
      372	2023-12-13 17:04:08	29	1	0	0
      146	2023-12-13 17:04:12	29	1	0	0
     2321	2023-12-13 17:04:28	29	1	0	0
     2104	2023-12-13 17:04:35	29	1	0	0
     2104	2023-12-13 17:04:39	29	1	0	0
      686	2023-12-13 17:05:17	29	1	0	0
      686	2023-12-14 05:00:08	29	0	0	0
      659	2023-12-14 07:05:36	29	0	0	0
      913	2023-12-14 07:33:54	29	0	0	0
     2717	2023-12-14 07:35:35	29	0	0	0
     2717	2023-12-14 07:35:37	29	0	0	0
     1263	2023-12-14 07:42:29	29	0	0	0
     1263	2023-12-14 07:43:01	29	0	0	0
      727	2023-12-14 07:51:28	29	0	0	0
      570	2023-12-14 07:53:38	29	0	0	0
      570	2023-12-14 07:53:40	29	0	0	0
      146	2023-12-14 07:53:53	29	0	0	0
     2104	2023-12-14 07:53:59	29	0	0	0
     2104	2023-12-14 07:54:03	29	0	0	0
      109	2023-12-14 07:54:06	29	0	0	0
      109	2023-12-14 07:54:08	29	0	0	0
      373	2023-12-14 07:55:07	29	0	0	0
      825	2023-12-14 07:57:14	29	0	0	0
     2321	2023-12-14 08:04:24	29	0	0	0
     2321	2023-12-14 08:04:27	29	0	0	0
      372	2023-12-14 08:13:00	29	0	0	0
      854	2023-12-14 08:26:49	29	0	0	0
      825	2023-12-14 12:01:08	29	0	0	0
      109	2023-12-14 12:01:25	29	1	0	0
      686	2023-12-14 12:01:43	29	1	0	0
     2104	2023-12-14 12:03:16	29	1	0	0
      109	2023-12-14 12:04:14	29	0	0	0
      854	2023-12-14 12:04:21	29	1	0	0
      570	2023-12-14 12:04:52	29	1	0	0
      854	2023-12-14 12:05:06	29	0	0	0
      659	2023-12-14 12:05:35	29	1	0	0
     1263	2023-12-14 12:06:03	29	1	0	0
      146	2023-12-14 12:06:08	29	1	0	0
      727	2023-12-14 12:06:25	29	1	0	0
     2104	2023-12-14 12:07:03	29	0	0	0
     1263	2023-12-14 12:07:09	29	0	0	0
     2104	2023-12-14 12:07:15	29	0	0	0
      727	2023-12-14 12:07:26	29	0	0	0
      146	2023-12-14 12:07:35	29	0	0	0
      659	2023-12-14 12:08:35	29	0	0	0
      686	2023-12-14 12:10:58	29	0	0	0
      913	2023-12-14 12:11:17	29	1	0	0
      373	2023-12-14 12:13:21	29	1	0	0
     2321	2023-12-14 12:13:43	29	1	0	0
      913	2023-12-14 12:16:24	29	0	0	0
      570	2023-12-14 12:22:25	29	0	0	0
      372	2023-12-14 12:38:30	29	1	0	0
     2321	2023-12-14 12:38:46	29	0	0	0
      373	2023-12-14 12:38:59	29	0	0	0
      825	2023-12-14 12:41:03	29	0	0	0
      372	2023-12-14 12:53:41	29	0	0	0
      854	2023-12-14 17:00:49	29	1	0	0
     2717	2023-12-14 17:01:12	29	1	0	0
     2717	2023-12-14 17:01:13	29	1	0	0
      913	2023-12-14 17:01:28	29	1	0	0
     1263	2023-12-14 17:01:43	29	1	0	0
      109	2023-12-14 17:01:48	29	1	0	0
      659	2023-12-14 17:01:53	29	1	0	0
      570	2023-12-14 17:02:12	29	1	0	0
      570	2023-12-14 17:02:17	29	1	0	0
      686	2023-12-14 17:02:32	29	1	0	0
      727	2023-12-14 17:02:38	29	1	0	0
      373	2023-12-14 17:04:21	29	1	0	0
      825	2023-12-14 17:09:31	29	1	0	0
      372	2023-12-14 17:09:43	29	1	0	0
     2321	2023-12-14 17:09:55	29	1	0	0
     2321	2023-12-14 17:09:58	29	1	0	0
     2321	2023-12-14 17:10:01	29	1	0	0
      146	2023-12-14 17:10:33	29	1	0	0
     2104	2023-12-14 17:10:56	29	1	0	0
     2104	2023-12-14 17:10:59	29	1	0	0
     2321	2023-12-14 17:11:05	29	1	0	0
      686	2023-12-15 05:00:06	29	0	0	0
      146	2023-12-15 06:33:15	29	0	0	0
      913	2023-12-15 07:23:41	29	0	0	0
     2717	2023-12-15 07:43:06	29	0	0	0
     2717	2023-12-15 07:43:08	29	0	0	0
      727	2023-12-15 07:52:27	29	0	0	0
      570	2023-12-15 07:53:23	29	0	0	0
      570	2023-12-15 07:53:26	29	0	0	0
     1263	2023-12-15 07:56:11	29	0	0	0
      109	2023-12-15 07:56:17	29	0	0	0
      373	2023-12-15 07:58:19	29	0	0	0
     2321	2023-12-15 07:59:51	29	0	0	0
     2321	2023-12-15 07:59:57	29	0	0	0
     2321	2023-12-15 08:00:00	29	0	0	0
      854	2023-12-15 08:00:07	29	0	0	0
      825	2023-12-15 08:02:12	29	0	0	0
     2104	2023-12-15 08:03:58	29	0	0	0
     2104	2023-12-15 08:04:02	29	0	0	0
      372	2023-12-15 08:08:27	29	0	0	0
      659	2023-12-15 08:17:14	29	0	0	0
      659	2023-12-15 08:17:16	29	0	0	0
      686	2023-12-15 12:00:16	29	1	0	0
      659	2023-12-15 12:03:30	29	1	0	0
      727	2023-12-15 12:04:23	29	1	0	0
      146	2023-12-15 12:05:29	29	1	0	0
      146	2023-12-15 12:05:46	29	1	0	0
      727	2023-12-15 12:05:55	29	0	0	0
      569	2023-12-15 12:06:44	29	1	0	0
      913	2023-12-15 12:06:51	29	1	0	0
      146	2023-12-15 12:08:48	29	0	0	0
      913	2023-12-15 12:13:13	29	0	0	0
      372	2023-12-15 12:13:17	29	1	0	0
      372	2023-12-15 12:13:23	29	1	0	0
      373	2023-12-15 12:13:40	29	1	0	0
      686	2023-12-15 12:13:54	29	0	0	0
      569	2023-12-15 12:15:12	29	0	0	0
      854	2023-12-15 12:19:01	29	1	0	0
     2321	2023-12-15 12:20:04	29	1	0	0
      854	2023-12-15 12:20:10	29	0	0	0
      659	2023-12-15 12:20:13	29	0	0	0
     1263	2023-12-15 12:20:31	29	1	0	0
      570	2023-12-15 12:20:34	29	1	0	0
      570	2023-12-15 12:20:36	29	1	0	0
      109	2023-12-15 12:20:46	29	1	0	0
      373	2023-12-15 12:21:19	29	0	0	0
      373	2023-12-15 12:21:34	29	0	0	0
     2321	2023-12-15 12:21:38	29	1	0	0
      570	2023-12-15 12:21:42	29	1	0	0
     1263	2023-12-15 12:21:53	29	0	0	0
     2104	2023-12-15 12:22:18	29	1	0	0
     2104	2023-12-15 12:24:12	29	0	0	0
      825	2023-12-15 12:24:49	29	1	0	0
      109	2023-12-15 12:29:20	29	0	0	0
     2717	2023-12-15 12:30:59	29	1	0	0
     2717	2023-12-15 12:31:00	29	1	0	0
      825	2023-12-15 12:31:53	29	0	0	0
      372	2023-12-15 12:32:34	29	0	0	0
     2717	2023-12-15 12:34:22	29	0	0	0
     2717	2023-12-15 12:34:26	29	0	0	0
     2321	2023-12-15 12:41:12	29	0	0	0
      686	2023-12-15 17:00:06	29	1	0	0
      854	2023-12-15 17:01:30	29	1	0	0
     2717	2023-12-15 17:01:40	29	1	0	0
     2717	2023-12-15 17:01:42	29	1	0	0
     1263	2023-12-15 17:02:01	29	1	0	0
      727	2023-12-15 17:02:53	29	1	0	0
      825	2023-12-15 17:03:43	29	1	0	0
      659	2023-12-15 17:04:23	29	1	0	0
      373	2023-12-15 17:06:47	29	1	0	0
      373	2023-12-15 17:06:51	29	1	0	0
      146	2023-12-15 17:10:13	29	1	0	0
      372	2023-12-15 17:10:57	29	1	0	0
     2321	2023-12-15 17:11:02	29	1	0	0
     2321	2023-12-15 17:11:05	29	1	0	0
     2321	2023-12-15 17:11:19	29	1	0	0
     2321	2023-12-15 17:11:24	29	1	0	0
     2104	2023-12-15 17:16:05	29	1	0	0
     2104	2023-12-15 17:16:08	29	1	0	0
     2104	2023-12-15 17:16:11	29	1	0	0
      913	2023-12-15 17:26:15	29	1	0	0
      913	2023-12-19 07:17:56	29	0	0	0
      659	2023-12-19 07:25:20	29	0	0	0
      854	2023-12-19 07:32:14	29	0	0	0
      146	2023-12-19 07:40:15	29	0	0	0
      727	2023-12-19 07:43:51	29	0	0	0
     2717	2023-12-19 07:49:03	29	0	0	0
     2717	2023-12-19 07:49:04	29	0	0	0
     2717	2023-12-19 07:49:08	29	0	0	0
      570	2023-12-19 07:50:57	29	0	0	0
      570	2023-12-19 07:51:00	29	0	0	0
     1263	2023-12-19 07:53:35	29	0	0	0
      825	2023-12-19 07:57:58	29	0	0	0
     2104	2023-12-19 08:00:15	29	0	0	0
     2104	2023-12-19 08:00:19	29	0	0	0
     2321	2023-12-19 08:00:47	29	0	0	0
     2321	2023-12-19 08:00:50	29	0	0	0
      372	2023-12-19 08:02:04	29	0	0	0
      109	2023-12-19 08:03:43	29	0	0	0
      913	2023-12-19 12:00:51	29	1	0	0
      109	2023-12-19 12:05:46	29	1	0	0
      913	2023-12-19 12:05:59	29	0	0	0
     1263	2023-12-19 12:06:05	29	1	0	0
      854	2023-12-19 12:07:42	29	1	0	0
      570	2023-12-19 12:08:29	29	1	0	0
      570	2023-12-19 12:08:31	29	1	0	0
      854	2023-12-19 12:08:40	29	0	0	0
      109	2023-12-19 12:08:48	29	0	0	0
      659	2023-12-19 12:09:27	29	1	0	0
      570	2023-12-19 12:10:11	29	0	0	0
      570	2023-12-19 12:10:12	29	0	0	0
     1263	2023-12-19 12:12:37	29	0	0	0
      659	2023-12-19 12:15:03	29	0	0	0
     2104	2023-12-19 12:17:35	29	1	0	0
     2104	2023-12-19 12:17:44	29	1	0	0
      727	2023-12-19 12:17:50	29	1	0	0
     2717	2023-12-19 12:18:44	29	1	0	0
     2717	2023-12-19 12:18:45	29	1	0	0
     2104	2023-12-19 12:19:07	29	0	0	0
     2104	2023-12-19 12:19:14	29	0	0	0
      727	2023-12-19 12:19:17	29	0	0	0
      372	2023-12-19 12:20:21	29	1	0	0
     2717	2023-12-19 12:21:26	29	0	0	0
     2717	2023-12-19 12:21:27	29	0	0	0
      825	2023-12-19 12:29:42	29	1	0	0
      146	2023-12-19 12:31:22	29	1	0	0
      825	2023-12-19 12:31:33	29	1	0	0
      825	2023-12-19 12:31:47	29	0	0	0
      372	2023-12-19 12:37:39	29	0	0	0
      146	2023-12-19 12:37:51	29	0	0	0
      825	2023-12-19 12:38:25	29	0	0	0
     2321	2023-12-19 12:38:48	29	1	0	0
     2321	2023-12-19 12:41:06	29	0	0	0
      913	2023-12-19 17:00:05	29	1	0	0
      570	2023-12-19 17:00:09	29	1	0	0
      570	2023-12-19 17:00:10	29	1	0	0
      659	2023-12-19 17:00:16	29	1	0	0
      727	2023-12-19 17:00:53	29	1	0	0
     2717	2023-12-19 17:01:26	29	1	0	0
     2717	2023-12-19 17:01:27	29	1	0	0
      854	2023-12-19 17:01:47	29	1	0	0
     1263	2023-12-19 17:02:17	29	1	0	0
      109	2023-12-19 17:02:45	29	1	0	0
      825	2023-12-19 17:08:19	29	1	0	0
     2104	2023-12-19 17:11:54	29	1	0	0
     2104	2023-12-19 17:11:57	29	1	0	0
      146	2023-12-19 17:12:20	29	1	0	0
      372	2023-12-19 17:12:24	29	1	0	0
     2321	2023-12-19 17:12:45	29	1	0	0
     2321	2023-12-19 17:12:48	29	1	0	0
     2321	2023-12-19 17:12:51	29	1	0	0
     2321	2023-12-19 17:13:01	29	1	0	0
     2321	2023-12-19 17:13:12	29	1	0	0
     2104	2023-12-19 17:15:46	29	1	0	0
      854	2023-12-20 07:19:29	29	0	0	0
      913	2023-12-20 07:26:19	29	0	0	0
      570	2023-12-20 07:34:54	29	0	0	0
      570	2023-12-20 07:34:57	29	0	0	0
     1263	2023-12-20 07:44:45	29	0	0	0
      727	2023-12-20 07:44:49	29	0	0	0
      569	2023-12-20 07:45:12	29	0	0	0
     2717	2023-12-20 07:46:53	29	0	0	0
     2717	2023-12-20 07:46:55	29	0	0	0
      146	2023-12-20 07:48:01	29	0	0	0
     2104	2023-12-20 07:49:33	29	0	0	0
     2104	2023-12-20 07:49:37	29	0	0	0
      373	2023-12-20 07:53:48	29	0	0	0
     2321	2023-12-20 08:02:51	29	0	0	0
     2321	2023-12-20 08:02:54	29	0	0	0
      109	2023-12-20 08:12:22	29	0	0	0
      825	2023-12-20 08:13:13	29	0	0	0
      913	2023-12-20 12:02:26	29	1	0	0
      109	2023-12-20 12:03:52	29	1	0	0
      825	2023-12-20 12:04:33	29	1	0	0
      109	2023-12-20 12:04:58	29	1	0	0
      109	2023-12-20 12:05:06	29	0	0	0
      570	2023-12-20 12:05:31	29	1	0	0
     1263	2023-12-20 12:06:13	29	1	0	0
      854	2023-12-20 12:06:51	29	1	0	0
      373	2023-12-20 12:07:11	29	1	0	0
      854	2023-12-20 12:07:23	29	0	0	0
      913	2023-12-20 12:07:31	29	0	0	0
      373	2023-12-20 12:09:05	29	0	0	0
      727	2023-12-20 12:09:46	29	1	0	0
      727	2023-12-20 12:11:42	29	0	0	0
     2104	2023-12-20 12:12:54	29	1	0	0
      570	2023-12-20 12:16:00	29	0	0	0
      570	2023-12-20 12:16:02	29	0	0	0
     2104	2023-12-20 12:17:53	29	0	0	0
     2104	2023-12-20 12:17:58	29	0	0	0
      825	2023-12-20 12:25:13	29	0	0	0
     1263	2023-12-20 12:57:05	29	0	0	0
      913	2023-12-20 17:00:07	29	1	0	0
     2717	2023-12-20 17:00:39	29	1	0	0
     2717	2023-12-20 17:00:40	29	1	0	0
     1263	2023-12-20 17:01:06	29	1	0	0
      854	2023-12-20 17:01:10	29	1	0	0
      727	2023-12-20 17:01:33	29	1	0	0
      727	2023-12-20 17:02:29	29	0	0	0
      727	2023-12-20 17:02:33	29	1	0	0
      570	2023-12-20 17:02:36	29	1	0	0
      570	2023-12-20 17:02:38	29	1	0	0
      825	2023-12-20 17:03:24	29	1	0	0
      373	2023-12-20 17:04:05	29	1	0	0
     2321	2023-12-20 17:05:46	29	1	0	0
     2321	2023-12-20 17:05:50	29	1	0	0
     2321	2023-12-20 17:06:55	29	1	0	0
     2104	2023-12-20 17:11:21	29	1	0	0
     2104	2023-12-20 17:11:24	29	1	0	0
     2104	2023-12-20 17:35:23	29	1	0	0
      109	2023-12-20 19:23:46	29	1	0	0
      854	2023-12-21 07:13:21	29	0	0	0
      913	2023-12-21 07:17:40	29	0	0	0
      727	2023-12-21 07:39:32	29	0	0	0
     2717	2023-12-21 07:41:43	29	0	0	0
     2717	2023-12-21 07:41:44	29	0	0	0
      570	2023-12-21 07:48:14	29	0	0	0
      570	2023-12-21 07:48:16	29	0	0	0
      825	2023-12-21 07:50:24	29	0	0	0
     1263	2023-12-21 07:57:08	29	0	0	0
      373	2023-12-21 07:57:12	29	0	0	0
      109	2023-12-21 07:58:08	29	0	0	0
     2104	2023-12-21 08:02:02	29	0	0	0
     2104	2023-12-21 08:02:07	29	0	0	0
      659	2023-12-21 08:25:35	29	0	0	0
      913	2023-12-21 12:00:25	29	1	0	0
      825	2023-12-21 12:02:31	29	1	0	0
     2717	2023-12-21 12:04:44	29	1	0	0
     2717	2023-12-21 12:04:50	29	1	0	0
      913	2023-12-21 12:07:02	29	0	0	0
      570	2023-12-21 12:10:26	29	1	0	0
      727	2023-12-21 12:11:18	29	1	0	0
      373	2023-12-21 12:11:27	29	1	0	0
     2104	2023-12-21 12:11:47	29	1	0	0
     1263	2023-12-21 12:11:51	29	1	0	0
      727	2023-12-21 12:12:30	29	0	0	0
      373	2023-12-21 12:13:08	29	0	0	0
      570	2023-12-21 12:17:19	29	0	0	0
      854	2023-12-21 12:26:09	29	1	0	0
      854	2023-12-21 12:27:18	29	0	0	0
     2717	2023-12-21 12:31:57	29	0	0	0
     2717	2023-12-21 12:31:59	29	0	0	0
     2104	2023-12-21 12:34:20	29	0	0	0
      109	2023-12-21 12:34:39	29	1	0	0
      825	2023-12-21 12:35:38	29	0	0	0
      659	2023-12-21 12:36:33	29	1	0	0
      659	2023-12-21 12:39:29	29	0	0	0
     1263	2023-12-21 12:40:13	29	0	0	0
      109	2023-12-21 12:53:11	29	0	0	0
      913	2023-12-21 17:00:17	29	1	0	0
      659	2023-12-21 17:00:31	29	1	0	0
      727	2023-12-21 17:00:37	29	1	0	0
      854	2023-12-21 17:00:48	29	1	0	0
     1263	2023-12-21 17:00:54	29	1	0	0
      570	2023-12-21 17:01:35	29	1	0	0
      570	2023-12-21 17:01:36	29	1	0	0
      569	2023-12-21 17:01:45	29	1	0	0
      825	2023-12-21 17:04:19	29	1	0	0
      109	2023-12-21 17:05:06	29	1	0	0
      373	2023-12-21 17:06:48	29	1	0	0
      373	2023-12-21 17:06:50	29	1	0	0
      109	2023-12-21 17:09:15	29	1	0	0
      146	2023-12-21 17:09:45	29	1	0	0
     2104	2023-12-21 17:09:48	29	1	0	0
     2104	2023-12-21 17:09:52	29	1	0	0
     2717	2023-12-21 17:51:39	29	1	0	0
     2717	2023-12-21 17:51:40	29	1	0	0
     2717	2023-12-21 17:52:01	29	1	0	0
      146	2023-12-22 06:16:51	29	0	0	0
      146	2023-12-22 06:16:59	29	0	0	0
     2717	2023-12-22 07:38:39	29	0	0	0
     2717	2023-12-22 07:38:41	29	0	0	0
      913	2023-12-22 07:38:48	29	0	0	0
      659	2023-12-22 07:39:07	29	0	0	0
      659	2023-12-22 07:39:34	29	0	0	0
      569	2023-12-22 07:42:15	29	0	0	0
      727	2023-12-22 07:47:36	29	0	0	0
     1263	2023-12-22 07:51:52	29	0	0	0
      373	2023-12-22 07:58:14	29	0	0	0
      373	2023-12-22 07:58:23	29	0	0	0
      570	2023-12-22 08:00:46	29	0	0	0
      570	2023-12-22 08:00:47	29	0	0	0
     2104	2023-12-22 08:02:08	29	0	0	0
     2104	2023-12-22 08:02:20	29	0	0	0
      372	2023-12-22 08:04:27	29	0	0	0
      854	2023-12-22 08:04:29	29	0	0	0
      825	2023-12-22 08:06:17	29	0	0	0
     2321	2023-12-22 08:06:55	29	0	0	0
     2321	2023-12-22 08:06:58	29	0	0	0
      109	2023-12-22 08:11:23	29	0	0	0
     1263	2023-12-22 12:01:00	29	1	0	0
      373	2023-12-22 12:01:09	29	1	0	0
      913	2023-12-22 12:01:14	29	1	0	0
      854	2023-12-22 12:02:06	29	1	0	0
      569	2023-12-22 12:02:49	29	1	0	0
      854	2023-12-22 12:03:32	29	0	0	0
      109	2023-12-22 12:04:13	29	1	0	0
      570	2023-12-22 12:05:11	29	1	0	0
      913	2023-12-22 12:05:47	29	0	0	0
      569	2023-12-22 12:07:36	29	0	0	0
      659	2023-12-22 12:10:36	29	1	0	0
      373	2023-12-22 12:12:45	29	0	0	0
     2104	2023-12-22 12:12:53	29	0	0	0
     2104	2023-12-22 12:13:00	29	0	0	0
     2104	2023-12-22 12:13:07	29	1	0	0
      570	2023-12-22 12:13:14	29	0	0	0
      146	2023-12-22 12:13:21	29	1	0	0
     2104	2023-12-22 12:13:38	29	1	0	0
      659	2023-12-22 12:14:03	29	0	0	0
      825	2023-12-22 12:14:16	29	1	0	0
     2104	2023-12-22 12:15:06	29	0	0	0
     2104	2023-12-22 12:15:09	29	0	0	0
      372	2023-12-22 12:15:44	29	1	0	0
      109	2023-12-22 12:16:06	29	0	0	0
      727	2023-12-22 12:16:13	29	1	0	0
     2717	2023-12-22 12:16:24	29	1	0	0
     2717	2023-12-22 12:16:25	29	1	0	0
      727	2023-12-22 12:18:16	29	0	0	0
     1263	2023-12-22 12:18:19	29	0	0	0
     1263	2023-12-22 12:18:24	29	0	0	0
     2717	2023-12-22 12:25:19	29	0	0	0
     2717	2023-12-22 12:25:20	29	0	0	0
     2321	2023-12-22 12:25:37	29	1	0	0
      146	2023-12-22 12:30:20	29	0	0	0
      825	2023-12-22 12:31:30	29	0	0	0
     2321	2023-12-22 12:33:11	29	0	0	0
      570	2023-12-22 17:01:02	29	1	0	0
      570	2023-12-22 17:01:04	29	1	0	0
      913	2023-12-22 17:01:50	29	1	0	0
      854	2023-12-22 17:02:17	29	1	0	0
      854	2023-12-22 17:02:36	29	1	0	0
     1263	2023-12-22 17:02:40	29	1	0	0
      727	2023-12-22 17:04:47	29	1	0	0
      569	2023-12-22 17:05:40	29	1	0	0
      373	2023-12-22 17:06:02	29	1	0	0
     2321	2023-12-22 17:06:22	29	1	0	0
     2321	2023-12-22 17:06:26	29	1	0	0
      373	2023-12-22 17:06:36	29	1	0	0
     2321	2023-12-22 17:06:40	29	1	0	0
     2321	2023-12-22 17:06:48	29	1	0	0
     2104	2023-12-22 17:13:22	29	1	0	0
     2104	2023-12-22 17:13:25	29	1	0	0
     2104	2023-12-22 17:13:34	29	1	0	0
      146	2023-12-22 17:13:43	29	1	0	0
      825	2023-12-22 17:17:21	29	1	0	0
     2717	2023-12-22 18:25:24	29	1	0	0
     2717	2023-12-22 18:25:25	29	1	0	0
      686	2023-12-27 05:00:08	29	0	0	0
      659	2023-12-27 07:28:37	29	0	0	0
      146	2023-12-27 07:31:01	29	0	0	0
      570	2023-12-27 07:31:13	29	0	0	0
      570	2023-12-27 07:31:15	29	0	0	0
     2104	2023-12-27 07:32:16	29	0	0	0
     2104	2023-12-27 07:32:19	29	0	0	0
      854	2023-12-27 07:48:20	29	0	0	0
     1263	2023-12-27 07:50:45	29	0	0	0
      109	2023-12-27 08:01:58	29	0	0	0
      727	2023-12-27 08:03:48	29	0	0	0
      825	2023-12-27 08:13:30	29	0	0	0
      727	2023-12-27 11:17:46	29	1	0	0
      727	2023-12-27 11:18:45	29	0	0	0
      109	2023-12-27 11:44:18	29	1	0	0
      686	2023-12-27 12:00:16	29	1	0	0
     2104	2023-12-27 12:02:09	29	1	0	0
     2104	2023-12-27 12:02:18	29	1	0	0
      825	2023-12-27 12:03:27	29	1	0	0
      146	2023-12-27 12:03:32	29	1	0	0
      570	2023-12-27 12:04:16	29	1	0	0
      686	2023-12-27 12:06:14	29	0	0	0
      727	2023-12-27 12:07:09	29	1	0	0
      146	2023-12-27 12:08:13	29	0	0	0
      854	2023-12-27 12:09:57	29	1	0	0
      854	2023-12-27 12:10:45	29	0	0	0
      727	2023-12-27 12:10:53	29	0	0	0
      109	2023-12-27 12:11:06	29	1	0	0
      109	2023-12-27 12:12:18	29	0	0	0
      659	2023-12-27 12:12:32	29	1	0	0
      659	2023-12-27 12:14:48	29	0	0	0
     1263	2023-12-27 12:18:35	29	1	0	0
      570	2023-12-27 12:20:27	29	0	0	0
     1263	2023-12-27 12:23:30	29	0	0	0
     2104	2023-12-27 12:26:24	29	0	0	0
     2104	2023-12-27 12:26:32	29	0	0	0
      825	2023-12-27 12:37:39	29	0	0	0
      686	2023-12-27 17:00:07	29	1	0	0
      659	2023-12-27 17:00:35	29	1	0	0
      727	2023-12-27 17:01:07	29	1	0	0
     1263	2023-12-27 17:01:27	29	1	0	0
      854	2023-12-27 17:01:30	29	1	0	0
      570	2023-12-27 17:01:40	29	1	0	0
      109	2023-12-27 17:01:45	29	1	0	0
      570	2023-12-27 17:01:51	29	1	0	0
     2104	2023-12-27 17:01:55	29	1	0	0
     2104	2023-12-27 17:01:58	29	1	0	0
      146	2023-12-27 17:02:33	29	1	0	0
      146	2023-12-27 17:02:34	29	1	0	0
      825	2023-12-27 17:02:51	29	1	0	0
      686	2023-12-28 05:00:17	29	0	0	0
      727	2023-12-28 07:26:11	29	0	0	0
      659	2023-12-28 07:42:36	29	0	0	0
      913	2023-12-28 07:42:40	29	0	0	0
     2717	2023-12-28 07:45:35	29	0	0	0
     2717	2023-12-28 07:45:36	29	0	0	0
     1263	2023-12-28 07:47:30	29	0	0	0
     2321	2023-12-28 07:57:43	29	0	0	0
      373	2023-12-28 07:57:47	29	0	0	0
      146	2023-12-28 07:57:51	29	0	0	0
      146	2023-12-28 07:57:53	29	0	0	0
     2321	2023-12-28 07:58:01	29	0	0	0
     2321	2023-12-28 07:58:28	29	0	0	0
      570	2023-12-28 08:03:51	29	0	0	0
      570	2023-12-28 08:03:52	29	0	0	0
     2104	2023-12-28 08:05:45	29	0	0	0
      109	2023-12-28 08:05:47	29	0	0	0
     2104	2023-12-28 08:05:59	29	0	0	0
      825	2023-12-28 08:12:49	29	0	0	0
      854	2023-12-28 08:24:32	29	0	0	0
     1263	2023-12-28 12:02:29	29	1	0	0
      854	2023-12-28 12:02:40	29	1	0	0
      854	2023-12-28 12:03:06	29	0	0	0
      146	2023-12-28 12:05:09	29	1	0	0
      570	2023-12-28 12:07:27	29	1	0	0
      727	2023-12-28 12:07:37	29	1	0	0
      727	2023-12-28 12:07:39	29	1	0	0
      727	2023-12-28 12:08:06	29	0	0	0
     2104	2023-12-28 12:09:26	29	1	0	0
     2104	2023-12-28 12:09:32	29	1	0	0
      825	2023-12-28 12:09:39	29	1	0	0
      146	2023-12-28 12:10:05	29	0	0	0
      109	2023-12-28 12:10:48	29	1	0	0
      570	2023-12-28 12:11:03	29	1	0	0
     1263	2023-12-28 12:11:22	29	0	0	0
      686	2023-12-28 12:11:37	29	1	0	0
     2104	2023-12-28 12:12:00	29	0	0	0
     2321	2023-12-28 12:14:00	29	1	0	0
      373	2023-12-28 12:14:42	29	1	0	0
      109	2023-12-28 12:15:57	29	0	0	0
      686	2023-12-28 12:16:19	29	0	0	0
      659	2023-12-28 12:17:22	29	1	0	0
      913	2023-12-28 12:24:50	29	1	0	0
     2321	2023-12-28 12:25:17	29	0	0	0
      913	2023-12-28 12:27:44	29	0	0	0
      659	2023-12-28 12:29:42	29	0	0	0
      825	2023-12-28 12:35:25	29	0	0	0
     2717	2023-12-28 12:47:31	29	1	0	0
     2717	2023-12-28 12:47:34	29	1	0	0
     2717	2023-12-28 12:54:53	29	0	0	0
     2717	2023-12-28 12:54:54	29	0	0	0
      727	2023-12-28 17:00:15	29	1	0	0
      570	2023-12-28 17:00:20	29	1	0	0
      570	2023-12-28 17:00:21	29	1	0	0
     1263	2023-12-28 17:00:24	29	1	0	0
      109	2023-12-28 17:00:30	29	1	0	0
      913	2023-12-28 17:00:34	29	1	0	0
      854	2023-12-28 17:00:38	29	1	0	0
      659	2023-12-28 17:00:43	29	1	0	0
      686	2023-12-28 17:00:50	29	1	0	0
      825	2023-12-28 17:01:16	29	1	0	0
     2321	2023-12-28 17:02:51	29	1	0	0
     2321	2023-12-28 17:02:54	29	1	0	0
     2321	2023-12-28 17:03:04	29	1	0	0
      146	2023-12-28 17:04:10	29	1	0	0
     2104	2023-12-28 17:04:17	29	1	0	0
     2104	2023-12-28 17:04:21	29	1	0	0
     2104	2023-12-28 17:04:24	29	1	0	0
     2717	2023-12-28 17:04:31	29	1	0	0
     2717	2023-12-28 17:04:32	29	1	0	0
     2321	2023-12-28 17:04:46	29	1	0	0
      686	2023-12-29 05:12:38	29	0	0	0
      854	2023-12-29 07:30:06	29	0	0	0
      913	2023-12-29 07:40:14	29	0	0	0
      727	2023-12-29 07:47:57	29	0	0	0
      570	2023-12-29 07:50:19	29	0	0	0
      570	2023-12-29 07:50:20	29	0	0	0
     1263	2023-12-29 07:51:40	29	0	0	0
     2717	2023-12-29 07:59:56	29	0	0	0
     2717	2023-12-29 07:59:58	29	0	0	0
     2321	2023-12-29 08:01:28	29	0	0	0
     2321	2023-12-29 08:01:31	29	0	0	0
     2104	2023-12-29 08:02:47	29	0	0	0
      146	2023-12-29 08:04:08	29	0	0	0
      825	2023-12-29 08:09:37	29	0	0	0
      913	2023-12-29 12:03:21	29	1	0	0
      686	2023-12-29 12:03:35	29	1	0	0
      686	2023-12-29 12:11:30	29	0	0	0
      913	2023-12-29 12:12:06	29	0	0	0
      854	2023-12-29 12:12:11	29	1	0	0
     2321	2023-12-29 12:12:32	29	1	0	0
      570	2023-12-29 12:12:39	29	1	0	0
     2321	2023-12-29 12:12:50	29	1	0	0
      570	2023-12-29 12:16:02	29	0	0	0
     1263	2023-12-29 12:16:10	29	1	0	0
      854	2023-12-29 12:18:25	29	0	0	0
     1263	2023-12-29 12:24:18	29	0	0	0
      727	2023-12-29 12:24:55	29	1	0	0
      727	2023-12-29 12:28:50	29	0	0	0
     2717	2023-12-29 12:30:57	29	1	0	0
     2717	2023-12-29 12:30:58	29	1	0	0
     2104	2023-12-29 12:32:47	29	1	0	0
     2104	2023-12-29 12:32:55	29	1	0	0
     2104	2023-12-29 12:35:29	29	0	0	0
     2104	2023-12-29 12:35:37	29	0	0	0
      825	2023-12-29 12:36:50	29	1	0	0
      146	2023-12-29 12:39:37	29	1	0	0
      825	2023-12-29 12:40:19	29	0	0	0
      825	2023-12-29 12:40:32	29	0	0	0
     2321	2023-12-29 12:48:44	29	0	0	0
     2717	2023-12-29 12:48:48	29	0	0	0
     2717	2023-12-29 12:48:52	29	0	0	0
      146	2023-12-29 12:52:05	29	0	0	0
      570	2023-12-29 15:58:22	29	1	0	0
      570	2023-12-29 15:58:23	29	1	0	0
      913	2023-12-29 17:00:06	29	1	0	0
      727	2023-12-29 17:00:14	29	0	0	0
      727	2023-12-29 17:00:20	29	1	0	0
      854	2023-12-29 17:00:25	29	1	0	0
     2717	2023-12-29 17:00:51	29	1	0	0
     2717	2023-12-29 17:00:52	29	1	0	0
     1263	2023-12-29 17:01:05	29	1	0	0
     2104	2023-12-29 17:01:17	29	1	0	0
     2104	2023-12-29 17:01:21	29	1	0	0
      146	2023-12-29 17:03:28	29	1	0	0
      825	2023-12-29 17:04:36	29	1	0	0
     2321	2023-12-29 17:06:08	29	1	0	0
     2321	2023-12-29 17:06:14	29	1	0	0
      686	2023-12-29 17:07:17	29	1	0	0
      686	2024-01-02 05:00:04	29	0	0	0
      854	2024-01-02 07:24:12	29	0	0	0
     2717	2024-01-02 07:42:16	29	0	0	0
     2717	2024-01-02 07:42:17	29	0	0	0
      659	2024-01-02 07:44:03	29	0	0	0
      570	2024-01-02 07:48:21	29	0	0	0
      570	2024-01-02 07:48:22	29	0	0	0
     1263	2024-01-02 07:48:26	29	0	0	0
      913	2024-01-02 07:48:33	29	0	0	0
     1263	2024-01-02 07:48:55	29	0	0	0
      825	2024-01-02 07:57:26	29	0	0	0
     2104	2024-01-02 07:58:20	29	0	0	0
     2104	2024-01-02 07:58:24	29	0	0	0
     2321	2024-01-02 08:00:16	29	0	0	0
     2321	2024-01-02 08:00:19	29	0	0	0
     2321	2024-01-02 08:00:32	29	0	0	0
      146	2024-01-02 08:01:13	29	0	0	0
      727	2024-01-02 08:03:32	29	0	0	0
      686	2024-01-02 12:00:24	29	1	0	0
      570	2024-01-02 12:03:03	29	1	0	0
      913	2024-01-02 12:05:33	29	1	0	0
      659	2024-01-02 12:10:12	29	1	0	0
      659	2024-01-02 12:10:23	29	1	0	0
      913	2024-01-02 12:12:11	29	0	0	0
      727	2024-01-02 12:14:48	29	1	0	0
     2104	2024-01-02 12:15:32	29	1	0	0
      727	2024-01-02 12:16:25	29	0	0	0
     2321	2024-01-02 12:18:47	29	1	0	0
      146	2024-01-02 12:19:36	29	1	0	0
      825	2024-01-02 12:26:14	29	1	0	0
      570	2024-01-02 12:27:29	29	0	0	0
     2104	2024-01-02 12:28:02	29	0	0	0
     2104	2024-01-02 12:28:17	29	0	0	0
      146	2024-01-02 12:29:35	29	0	0	0
      659	2024-01-02 12:29:47	29	0	0	0
      686	2024-01-02 12:29:57	29	0	0	0
      825	2024-01-02 12:33:36	29	0	0	0
     2717	2024-01-02 12:38:45	29	1	0	0
     2717	2024-01-02 12:38:47	29	1	0	0
     2321	2024-01-02 12:39:26	29	0	0	0
     2717	2024-01-02 12:42:53	29	0	0	0
     2717	2024-01-02 12:42:54	29	0	0	0
     1263	2024-01-02 12:46:34	29	1	0	0
      854	2024-01-02 12:46:37	29	1	0	0
      854	2024-01-02 12:47:11	29	0	0	0
     1263	2024-01-02 12:47:29	29	0	0	0
      913	2024-01-02 17:00:04	29	1	0	0
      686	2024-01-02 17:00:19	29	1	0	0
      727	2024-01-02 17:00:22	29	1	0	0
      727	2024-01-02 17:00:24	29	1	0	0
     2717	2024-01-02 17:00:29	29	1	0	0
     2717	2024-01-02 17:00:30	29	1	0	0
      570	2024-01-02 17:00:44	29	1	0	0
      570	2024-01-02 17:00:45	29	1	0	0
      854	2024-01-02 17:00:49	29	1	0	0
     1263	2024-01-02 17:02:19	29	1	0	0
      659	2024-01-02 17:02:49	29	1	0	0
      825	2024-01-02 17:04:30	29	1	0	0
      146	2024-01-02 17:04:49	29	1	0	0
     2104	2024-01-02 17:05:08	29	1	0	0
     2104	2024-01-02 17:05:11	29	1	0	0
     2321	2024-01-02 17:05:17	29	1	0	0
     2321	2024-01-02 17:05:20	29	1	0	0
     2321	2024-01-02 17:05:24	29	1	0	0
      686	2024-01-03 05:02:32	29	0	0	0
      570	2024-01-03 07:23:55	29	0	0	0
      570	2024-01-03 07:23:56	29	0	0	0
      659	2024-01-03 07:25:22	29	0	0	0
      659	2024-01-03 07:25:52	29	0	0	0
      913	2024-01-03 07:31:52	29	0	0	0
     2717	2024-01-03 07:33:20	29	0	0	0
     2717	2024-01-03 07:33:21	29	0	0	0
      727	2024-01-03 07:42:26	29	0	0	0
     1263	2024-01-03 07:46:02	29	0	0	0
      146	2024-01-03 07:51:43	29	0	0	0
      854	2024-01-03 07:54:46	29	0	0	0
     2321	2024-01-03 07:58:01	29	0	0	0
     2321	2024-01-03 07:58:05	29	0	0	0
     2104	2024-01-03 08:01:20	29	0	0	0
      372	2024-01-03 08:04:22	29	0	0	0
      825	2024-01-03 08:11:13	29	0	0	0
      854	2024-01-03 12:00:07	29	1	0	0
     1263	2024-01-03 12:00:11	29	1	0	0
      854	2024-01-03 12:01:05	29	0	0	0
      727	2024-01-03 12:01:14	29	1	0	0
      727	2024-01-03 12:01:17	29	1	0	0
      686	2024-01-03 12:01:37	29	1	0	0
      727	2024-01-03 12:02:11	29	0	0	0
     2321	2024-01-03 12:05:36	29	1	0	0
      146	2024-01-03 12:05:50	29	1	0	0
     2104	2024-01-03 12:06:35	29	1	0	0
      825	2024-01-03 12:07:30	29	1	0	0
      913	2024-01-03 12:08:12	29	1	0	0
      372	2024-01-03 12:08:39	29	1	0	0
     1263	2024-01-03 12:09:47	29	0	0	0
     2321	2024-01-03 12:10:01	29	0	0	0
      913	2024-01-03 12:13:32	29	0	0	0
      686	2024-01-03 12:13:40	29	0	0	0
      570	2024-01-03 12:14:52	29	1	0	0
      570	2024-01-03 12:14:55	29	1	0	0
      146	2024-01-03 12:15:59	29	0	0	0
     2104	2024-01-03 12:16:22	29	0	0	0
      372	2024-01-03 12:17:46	29	0	0	0
      570	2024-01-03 12:18:16	29	0	0	0
      570	2024-01-03 12:18:21	29	0	0	0
      825	2024-01-03 12:20:04	29	0	0	0
      659	2024-01-03 12:41:50	29	1	0	0
     2717	2024-01-03 12:43:01	29	1	0	0
     2717	2024-01-03 12:43:02	29	1	0	0
      659	2024-01-03 12:48:31	29	0	0	0
     2717	2024-01-03 12:49:03	29	0	0	0
     2717	2024-01-03 12:49:04	29	0	0	0
      913	2024-01-03 17:00:06	29	1	0	0
      570	2024-01-03 17:00:10	29	1	0	0
      570	2024-01-03 17:00:11	29	1	0	0
      727	2024-01-03 17:00:19	29	1	0	0
     2717	2024-01-03 17:00:22	29	1	0	0
     2717	2024-01-03 17:00:26	29	1	0	0
     1263	2024-01-03 17:00:29	29	1	0	0
      854	2024-01-03 17:00:35	29	1	0	0
     2104	2024-01-03 17:00:39	29	1	0	0
     2104	2024-01-03 17:00:42	29	1	0	0
      686	2024-01-03 17:00:51	29	1	0	0
      372	2024-01-03 17:01:04	29	1	0	0
      146	2024-01-03 17:01:10	29	1	0	0
      825	2024-01-03 17:01:16	29	1	0	0
     2321	2024-01-03 17:01:26	29	1	0	0
     2321	2024-01-03 17:01:29	29	1	0	0
     2321	2024-01-03 17:01:35	29	1	0	0
      659	2024-01-03 17:01:52	29	1	0	0
     2321	2024-01-03 17:02:06	29	1	0	0
      686	2024-01-04 05:00:10	29	0	0	0
      659	2024-01-04 07:27:07	29	0	0	0
      570	2024-01-04 07:36:54	29	0	0	0
      570	2024-01-04 07:36:55	29	0	0	0
      727	2024-01-04 07:46:06	29	0	0	0
     2717	2024-01-04 07:49:32	29	0	0	0
     2717	2024-01-04 07:49:34	29	0	0	0
      146	2024-01-04 07:49:58	29	0	0	0
      913	2024-01-04 07:51:25	29	0	0	0
     1263	2024-01-04 07:53:16	29	0	0	0
     2104	2024-01-04 07:54:24	29	0	0	0
     2104	2024-01-04 07:54:28	29	0	0	0
      854	2024-01-04 08:04:48	29	0	0	0
      825	2024-01-04 08:06:04	29	0	0	0
     2321	2024-01-04 08:23:28	29	0	0	0
     2321	2024-01-04 08:23:33	29	0	0	0
      854	2024-01-04 12:00:46	29	1	0	0
      659	2024-01-04 12:00:52	29	1	0	0
      686	2024-01-04 12:01:03	29	1	0	0
      854	2024-01-04 12:01:27	29	0	0	0
      686	2024-01-04 12:06:07	29	0	0	0
      727	2024-01-04 12:09:03	29	1	0	0
      570	2024-01-04 12:09:31	29	1	0	0
      146	2024-01-04 12:09:49	29	1	0	0
     2321	2024-01-04 12:09:53	29	1	0	0
     1263	2024-01-04 12:10:00	29	1	0	0
     1263	2024-01-04 12:10:11	29	1	0	0
     2104	2024-01-04 12:10:20	29	1	0	0
     2104	2024-01-04 12:10:34	29	1	0	0
      825	2024-01-04 12:13:33	29	1	0	0
     2104	2024-01-04 12:13:37	29	0	0	0
     2104	2024-01-04 12:13:42	29	0	0	0
      913	2024-01-04 12:16:21	29	1	0	0
      727	2024-01-04 12:16:50	29	0	0	0
      570	2024-01-04 12:17:20	29	0	0	0
     1263	2024-01-04 12:17:29	29	0	0	0
      913	2024-01-04 12:18:25	29	0	0	0
      146	2024-01-04 12:20:16	29	0	0	0
     2321	2024-01-04 12:21:54	29	0	0	0
     2717	2024-01-04 12:42:13	29	1	0	0
     2717	2024-01-04 12:42:14	29	1	0	0
      659	2024-01-04 12:44:40	29	0	0	0
      825	2024-01-04 12:45:16	29	0	0	0
     2717	2024-01-04 12:47:41	29	0	0	0
     2717	2024-01-04 12:47:43	29	0	0	0
      727	2024-01-04 12:54:07	29	0	0	0
     1263	2024-01-04 17:00:10	29	1	0	0
      570	2024-01-04 17:00:14	29	1	0	0
      570	2024-01-04 17:00:15	29	1	0	0
      727	2024-01-04 17:00:17	29	1	0	0
      854	2024-01-04 17:00:20	29	1	0	0
      146	2024-01-04 17:00:23	29	1	0	0
      825	2024-01-04 17:00:32	29	1	0	0
     2104	2024-01-04 17:00:42	29	1	0	0
     2104	2024-01-04 17:00:45	29	1	0	0
     2717	2024-01-04 17:01:00	29	1	0	0
     2717	2024-01-04 17:01:01	29	1	0	0
     2321	2024-01-04 17:01:08	29	1	0	0
     2321	2024-01-04 17:01:11	29	1	0	0
      913	2024-01-04 17:01:13	29	1	0	0
      686	2024-01-04 17:01:21	29	1	0	0
      659	2024-01-04 17:03:17	29	1	0	0
      659	2024-01-04 17:16:22	29	1	0	0
      686	2024-01-05 05:05:44	29	0	0	0
      659	2024-01-05 07:26:23	29	0	0	0
      146	2024-01-05 07:36:02	29	0	0	0
      570	2024-01-05 07:40:45	29	0	0	0
      570	2024-01-05 07:40:47	29	0	0	0
     1263	2024-01-05 07:47:54	29	0	0	0
     2717	2024-01-05 07:50:47	29	0	0	0
     2717	2024-01-05 07:50:48	29	0	0	0
      727	2024-01-05 07:51:25	29	0	0	0
      913	2024-01-05 07:51:30	29	0	0	0
      825	2024-01-05 07:53:43	29	0	0	0
      373	2024-01-05 07:55:42	29	0	0	0
      372	2024-01-05 08:02:43	29	0	0	0
      854	2024-01-05 08:02:45	29	0	0	0
     2104	2024-01-05 08:03:08	29	0	0	0
     2104	2024-01-05 08:03:19	29	0	0	0
     2321	2024-01-05 08:03:33	29	0	0	0
     2321	2024-01-05 08:03:36	29	0	0	0
     2717	2024-01-05 12:01:44	29	1	0	0
     2717	2024-01-05 12:01:46	29	1	0	0
      686	2024-01-05 12:02:04	29	1	0	0
      659	2024-01-05 12:02:15	29	1	0	0
      570	2024-01-05 12:02:31	29	1	0	0
      913	2024-01-05 12:02:53	29	1	0	0
      727	2024-01-05 12:02:57	29	1	0	0
      727	2024-01-05 12:02:59	29	1	0	0
      727	2024-01-05 12:03:27	29	0	0	0
      913	2024-01-05 12:06:42	29	0	0	0
     1263	2024-01-05 12:07:19	29	1	0	0
      373	2024-01-05 12:07:34	29	1	0	0
     2717	2024-01-05 12:07:54	29	0	0	0
     2717	2024-01-05 12:07:56	29	0	0	0
      146	2024-01-05 12:08:02	29	1	0	0
      854	2024-01-05 12:08:38	29	0	0	0
     2104	2024-01-05 12:08:52	29	1	0	0
     1263	2024-01-05 12:09:00	29	0	0	0
     2104	2024-01-05 12:09:05	29	1	0	0
      854	2024-01-05 12:09:41	29	0	0	0
      686	2024-01-05 12:10:06	29	0	0	0
      373	2024-01-05 12:10:10	29	0	0	0
     2104	2024-01-05 12:10:19	29	0	0	0
     2104	2024-01-05 12:10:27	29	0	0	0
      659	2024-01-05 12:12:12	29	0	0	0
      372	2024-01-05 12:16:07	29	1	0	0
     2321	2024-01-05 12:18:10	29	1	0	0
      570	2024-01-05 12:22:28	29	0	0	0
      146	2024-01-05 12:23:12	29	0	0	0
      372	2024-01-05 12:29:48	29	0	0	0
      825	2024-01-05 12:33:50	29	1	0	0
     2321	2024-01-05 12:34:37	29	0	0	0
      825	2024-01-05 12:36:19	29	0	0	0
     1263	2024-01-05 16:01:09	29	1	0	0
      727	2024-01-05 17:00:46	29	1	0	0
     2717	2024-01-05 17:01:04	29	1	0	0
     2717	2024-01-05 17:01:05	29	1	0	0
      913	2024-01-05 17:01:10	29	1	0	0
     1116	2024-01-05 17:01:28	29	1	0	0
     1116	2024-01-05 17:01:29	29	1	0	0
      854	2024-01-05 17:01:56	29	1	0	0
      659	2024-01-05 17:03:06	29	1	0	0
      569	2024-01-05 17:03:31	29	1	0	0
      825	2024-01-05 17:03:40	29	1	0	0
      686	2024-01-05 17:04:15	29	1	0	0
     2104	2024-01-05 17:06:15	29	1	0	0
     2104	2024-01-05 17:06:18	29	1	0	0
      570	2024-01-05 17:06:27	29	1	0	0
      570	2024-01-05 17:06:29	29	1	0	0
     2104	2024-01-05 17:06:37	29	1	0	0
      372	2024-01-05 17:06:57	29	0	0	0
      372	2024-01-05 17:07:03	29	1	0	0
      146	2024-01-05 17:07:09	29	1	0	0
      373	2024-01-05 17:07:13	29	1	0	0
     2321	2024-01-05 17:07:19	29	1	0	0
     2321	2024-01-05 17:07:22	29	1	0	0
      373	2024-01-05 17:07:25	29	1	0	0
     2321	2024-01-05 17:07:28	29	1	0	0
     2321	2024-01-05 17:07:57	29	1	0	0
      686	2024-01-08 05:00:08	29	0	0	0
      913	2024-01-08 07:27:29	29	0	0	0
      570	2024-01-08 07:33:21	29	0	0	0
      570	2024-01-08 07:33:22	29	0	0	0
      569	2024-01-08 07:34:15	29	0	0	0
      146	2024-01-08 07:40:30	29	0	0	0
     2104	2024-01-08 07:41:24	29	0	0	0
     2104	2024-01-08 07:41:28	29	0	0	0
     2717	2024-01-08 07:42:28	29	0	0	0
     2717	2024-01-08 07:42:29	29	0	0	0
     1116	2024-01-08 07:47:14	29	0	0	0
     1116	2024-01-08 07:47:16	29	0	0	0
     1263	2024-01-08 07:48:41	29	0	0	0
      854	2024-01-08 07:49:54	29	0	0	0
      373	2024-01-08 07:53:51	29	0	0	0
      372	2024-01-08 07:54:44	29	0	0	0
     2321	2024-01-08 07:58:21	29	0	0	0
     2321	2024-01-08 07:58:24	29	0	0	0
     2321	2024-01-08 07:58:29	29	0	0	0
      727	2024-01-08 07:59:57	29	0	0	0
      825	2024-01-08 08:05:46	29	0	0	0
      686	2024-01-08 12:02:13	29	1	0	0
      570	2024-01-08 12:02:28	29	1	0	0
      146	2024-01-08 12:03:16	29	1	0	0
     2104	2024-01-08 12:06:08	29	1	0	0
     2104	2024-01-08 12:06:20	29	1	0	0
      854	2024-01-08 12:06:22	29	1	0	0
      854	2024-01-08 12:07:18	29	0	0	0
     2104	2024-01-08 12:08:02	29	0	0	0
     2104	2024-01-08 12:08:11	29	0	0	0
     1263	2024-01-08 12:08:50	29	1	0	0
      727	2024-01-08 12:09:30	29	1	0	0
     1263	2024-01-08 12:10:04	29	0	0	0
      727	2024-01-08 12:10:11	29	0	0	0
      146	2024-01-08 12:11:18	29	0	0	0
      913	2024-01-08 12:13:05	29	1	0	0
      570	2024-01-08 12:14:47	29	0	0	0
      686	2024-01-08 12:15:34	29	0	0	0
      569	2024-01-08 12:15:46	29	1	0	0
      913	2024-01-08 12:16:13	29	0	0	0
      825	2024-01-08 12:18:58	29	1	0	0
     2321	2024-01-08 12:19:22	29	1	0	0
      373	2024-01-08 12:21:17	29	1	0	0
      372	2024-01-08 12:21:24	29	1	0	0
     2717	2024-01-08 12:22:45	29	1	0	0
      569	2024-01-08 12:23:00	29	0	0	0
     2717	2024-01-08 12:23:19	29	0	0	0
     2717	2024-01-08 12:23:21	29	0	0	0
      373	2024-01-08 12:24:13	29	0	0	0
      372	2024-01-08 12:25:30	29	0	0	0
      825	2024-01-08 12:37:50	29	0	0	0
     2321	2024-01-08 12:52:32	29	0	0	0
     2321	2024-01-08 12:52:43	29	0	0	0
      913	2024-01-08 17:00:03	29	1	0	0
      686	2024-01-08 17:00:10	29	1	0	0
      727	2024-01-08 17:01:01	29	1	0	0
     2717	2024-01-08 17:01:06	29	1	0	0
     2717	2024-01-08 17:01:07	29	1	0	0
     1263	2024-01-08 17:01:11	29	1	0	0
      854	2024-01-08 17:01:15	29	1	0	0
      373	2024-01-08 17:02:25	29	1	0	0
      570	2024-01-08 17:02:52	29	1	0	0
      373	2024-01-08 17:03:02	29	1	0	0
      825	2024-01-08 17:03:09	29	1	0	0
      146	2024-01-08 17:03:50	29	1	0	0
     2104	2024-01-08 17:04:03	29	1	0	0
     2104	2024-01-08 17:04:06	29	1	0	0
     2321	2024-01-08 17:09:53	29	1	0	0
     2321	2024-01-08 17:09:58	29	1	0	0
     2321	2024-01-08 17:11:29	29	1	0	0
      372	2024-01-08 17:16:18	29	1	0	0
     2321	2024-01-08 17:16:40	29	1	0	0
      686	2024-01-09 05:00:13	29	0	0	0
      570	2024-01-09 06:52:47	29	0	0	0
      570	2024-01-09 06:52:48	29	0	0	0
      659	2024-01-09 07:13:57	29	0	0	0
      913	2024-01-09 07:37:05	29	0	0	0
     2717	2024-01-09 07:46:32	29	0	0	0
     2717	2024-01-09 07:46:33	29	0	0	0
      146	2024-01-09 07:49:15	29	0	0	0
      825	2024-01-09 07:51:39	29	0	0	0
      373	2024-01-09 07:54:46	29	0	0	0
      373	2024-01-09 07:54:54	29	0	0	0
      854	2024-01-09 07:56:40	29	0	0	0
      727	2024-01-09 07:58:05	29	0	0	0
     2104	2024-01-09 08:00:41	29	0	0	0
     2104	2024-01-09 08:00:44	29	0	0	0
     1263	2024-01-09 08:02:08	29	0	0	0
     2321	2024-01-09 08:02:13	29	0	0	0
     2321	2024-01-09 08:02:22	29	0	0	0
      372	2024-01-09 08:13:04	29	0	0	0
      854	2024-01-09 12:00:57	29	1	0	0
      659	2024-01-09 12:01:57	29	1	0	0
      913	2024-01-09 12:02:11	29	0	0	0
      854	2024-01-09 12:02:27	29	0	0	0
     1263	2024-01-09 12:06:57	29	1	0	0
      373	2024-01-09 12:07:09	29	1	0	0
      146	2024-01-09 12:07:22	29	1	0	0
      570	2024-01-09 12:07:30	29	1	0	0
      727	2024-01-09 12:08:52	29	0	0	0
      727	2024-01-09 12:08:56	29	1	0	0
      146	2024-01-09 12:10:27	29	0	0	0
     1263	2024-01-09 12:10:31	29	0	0	0
      727	2024-01-09 12:10:42	29	0	0	0
      373	2024-01-09 12:10:50	29	0	0	0
     2321	2024-01-09 12:14:53	29	1	0	0
      825	2024-01-09 12:16:17	29	1	0	0
      570	2024-01-09 12:17:10	29	0	0	0
      570	2024-01-09 12:17:12	29	0	0	0
      686	2024-01-09 12:19:37	29	1	0	0
     2104	2024-01-09 12:20:14	29	1	0	0
      686	2024-01-09 12:25:51	29	0	0	0
      825	2024-01-09 12:32:25	29	0	0	0
     2104	2024-01-09 12:32:53	29	0	0	0
      372	2024-01-09 12:33:34	29	1	0	0
     2321	2024-01-09 12:34:02	29	0	0	0
     2717	2024-01-09 12:38:23	29	1	0	0
      659	2024-01-09 12:40:11	29	0	0	0
     2717	2024-01-09 12:45:57	29	0	0	0
     2717	2024-01-09 12:46:01	29	0	0	0
      372	2024-01-09 12:58:39	29	0	0	0
      372	2024-01-09 12:58:49	29	0	0	0
      727	2024-01-09 17:00:19	29	1	0	0
      913	2024-01-09 17:00:23	29	1	0	0
      686	2024-01-09 17:00:31	29	1	0	0
      854	2024-01-09 17:00:35	29	1	0	0
     1263	2024-01-09 17:01:02	29	1	0	0
     2717	2024-01-09 17:01:06	29	1	0	0
     2717	2024-01-09 17:01:07	29	1	0	0
      570	2024-01-09 17:01:21	29	1	0	0
      659	2024-01-09 17:07:18	29	1	0	0
     2321	2024-01-09 17:08:31	29	1	0	0
      146	2024-01-09 17:08:34	29	1	0	0
      372	2024-01-09 17:08:42	29	1	0	0
      373	2024-01-09 17:08:48	29	1	0	0
     2104	2024-01-09 17:08:53	29	1	0	0
     2104	2024-01-09 17:08:56	29	1	0	0
      825	2024-01-09 17:09:01	29	1	0	0
     2321	2024-01-09 17:09:12	29	1	0	0
     2321	2024-01-09 17:09:15	29	1	0	0
     2321	2024-01-09 17:09:28	29	1	0	0
      686	2024-01-10 05:00:22	29	0	0	0
      570	2024-01-10 07:10:45	29	0	0	0
      570	2024-01-10 07:10:46	29	0	0	0
      659	2024-01-10 07:11:01	29	0	0	0
      913	2024-01-10 07:22:17	29	0	0	0
      727	2024-01-10 07:44:34	29	0	0	0
      727	2024-01-10 07:45:14	29	0	0	0
      146	2024-01-10 07:46:51	29	0	0	0
      373	2024-01-10 07:53:41	29	0	0	0
     2717	2024-01-10 07:54:32	29	0	0	0
     2717	2024-01-10 07:54:33	29	0	0	0
     1263	2024-01-10 07:54:38	29	0	0	0
     2104	2024-01-10 07:58:19	29	0	0	0
     2104	2024-01-10 07:58:26	29	0	0	0
      825	2024-01-10 07:58:38	29	0	0	0
     2321	2024-01-10 08:00:47	29	0	0	0
      854	2024-01-10 08:00:49	29	0	0	0
     2321	2024-01-10 08:00:53	29	0	0	0
      372	2024-01-10 09:15:29	29	0	0	0
     2717	2024-01-10 12:01:10	29	1	0	0
     2717	2024-01-10 12:01:11	29	1	0	0
      659	2024-01-10 12:02:24	29	1	0	0
      686	2024-01-10 12:02:51	29	1	0	0
      854	2024-01-10 12:05:18	29	1	0	0
      854	2024-01-10 12:06:05	29	0	0	0
      727	2024-01-10 12:07:29	29	1	0	0
      146	2024-01-10 12:08:16	29	1	0	0
     2717	2024-01-10 12:08:31	29	0	0	0
     2717	2024-01-10 12:08:32	29	0	0	0
      913	2024-01-10 12:09:51	29	0	0	0
      686	2024-01-10 12:11:16	29	0	0	0
     2104	2024-01-10 12:12:51	29	1	0	0
      570	2024-01-10 12:12:58	29	1	0	0
      727	2024-01-10 12:13:14	29	0	0	0
      146	2024-01-10 12:14:25	29	0	0	0
     2104	2024-01-10 12:15:03	29	0	0	0
     1263	2024-01-10 12:15:13	29	1	0	0
     2321	2024-01-10 12:15:56	29	1	0	0
     1263	2024-01-10 12:18:25	29	0	0	0
      825	2024-01-10 12:21:47	29	1	0	0
      570	2024-01-10 12:22:37	29	0	0	0
      373	2024-01-10 12:24:39	29	1	0	0
      372	2024-01-10 12:26:42	29	1	0	0
      372	2024-01-10 12:28:30	29	0	0	0
     2321	2024-01-10 12:32:55	29	0	0	0
      373	2024-01-10 12:32:59	29	0	0	0
     2321	2024-01-10 12:33:09	29	0	0	0
      825	2024-01-10 12:33:45	29	0	0	0
      659	2024-01-10 12:49:48	29	0	0	0
      913	2024-01-10 17:00:05	29	1	0	0
      727	2024-01-10 17:00:11	29	1	0	0
      686	2024-01-10 17:00:18	29	1	0	0
      659	2024-01-10 17:00:24	29	1	0	0
      854	2024-01-10 17:00:42	29	1	0	0
     1263	2024-01-10 17:00:47	29	1	0	0
     2717	2024-01-10 17:00:51	29	1	0	0
     2717	2024-01-10 17:00:53	29	1	0	0
      570	2024-01-10 17:01:14	29	1	0	0
      570	2024-01-10 17:01:19	29	1	0	0
     2104	2024-01-10 17:01:40	29	1	0	0
     2104	2024-01-10 17:01:43	29	1	0	0
     2104	2024-01-10 17:02:07	29	1	0	0
      146	2024-01-10 17:03:02	29	1	0	0
      825	2024-01-10 17:04:42	29	1	0	0
      372	2024-01-10 17:04:58	29	1	0	0
     2321	2024-01-10 17:05:02	29	1	0	0
     2321	2024-01-10 17:05:05	29	1	0	0
      373	2024-01-10 17:05:11	29	1	0	0
     2321	2024-01-10 17:05:15	29	1	0	0
      373	2024-01-10 17:05:23	29	1	0	0
      686	2024-01-11 05:00:08	29	0	0	0
      659	2024-01-11 07:15:39	29	0	0	0
      146	2024-01-11 07:41:57	29	0	0	0
      570	2024-01-11 07:42:03	29	0	0	0
      570	2024-01-11 07:42:07	29	0	0	0
     2717	2024-01-11 07:49:11	29	0	0	0
     2717	2024-01-11 07:49:12	29	0	0	0
      727	2024-01-11 07:55:19	29	0	0	0
      373	2024-01-11 07:55:44	29	0	0	0
     1263	2024-01-11 07:56:13	29	0	0	0
     2104	2024-01-11 07:58:57	29	0	0	0
     2104	2024-01-11 07:59:00	29	0	0	0
     2104	2024-01-11 07:59:12	29	0	0	0
     2321	2024-01-11 08:00:32	29	0	0	0
      854	2024-01-11 08:00:36	29	0	0	0
     2321	2024-01-11 08:00:39	29	0	0	0
      372	2024-01-11 08:02:40	29	0	0	0
      825	2024-01-11 08:04:01	29	0	0	0
      686	2024-01-11 12:00:35	29	1	0	0
     2321	2024-01-11 12:03:31	29	1	0	0
     1263	2024-01-11 12:03:47	29	1	0	0
      854	2024-01-11 12:03:53	29	1	0	0
     2104	2024-01-11 12:04:15	29	1	0	0
     2104	2024-01-11 12:04:24	29	1	0	0
      825	2024-01-11 12:04:27	29	1	0	0
      854	2024-01-11 12:04:42	29	0	0	0
      146	2024-01-11 12:04:48	29	1	0	0
      373	2024-01-11 12:05:06	29	1	0	0
      570	2024-01-11 12:05:33	29	1	0	0
      372	2024-01-11 12:05:59	29	1	0	0
      727	2024-01-11 12:06:11	29	1	0	0
     1263	2024-01-11 12:06:52	29	0	0	0
      686	2024-01-11 12:07:06	29	0	0	0
      727	2024-01-11 12:08:06	29	0	0	0
      659	2024-01-11 12:09:54	29	1	0	0
      146	2024-01-11 12:10:05	29	0	0	0
      825	2024-01-11 12:12:26	29	1	0	0
      373	2024-01-11 12:13:10	29	0	0	0
      372	2024-01-11 12:13:45	29	0	0	0
      373	2024-01-11 12:13:49	29	0	0	0
     2321	2024-01-11 12:13:57	29	0	0	0
     2104	2024-01-11 12:15:07	29	0	0	0
     2104	2024-01-11 12:15:10	29	0	0	0
     2717	2024-01-11 12:16:21	29	1	0	0
     2717	2024-01-11 12:16:22	29	1	0	0
      570	2024-01-11 12:23:11	29	0	0	0
     2717	2024-01-11 12:23:20	29	0	0	0
     2717	2024-01-11 12:23:21	29	0	0	0
      659	2024-01-11 12:41:26	29	0	0	0
      686	2024-01-11 17:00:05	29	1	0	0
      727	2024-01-11 17:01:03	29	1	0	0
      854	2024-01-11 17:01:16	29	1	0	0
     1263	2024-01-11 17:01:27	29	1	0	0
      570	2024-01-11 17:01:38	29	1	0	0
     2321	2024-01-11 17:02:09	29	1	0	0
     2321	2024-01-11 17:02:12	29	1	0	0
     2321	2024-01-11 17:02:21	29	1	0	0
     2104	2024-01-11 17:02:36	29	1	0	0
     2104	2024-01-11 17:02:40	29	1	0	0
      373	2024-01-11 17:03:08	29	1	0	0
      146	2024-01-11 17:03:29	29	1	0	0
      146	2024-01-11 17:03:47	29	0	0	0
      825	2024-01-11 17:05:33	29	1	0	0
     2717	2024-01-11 17:08:10	29	1	0	0
     2717	2024-01-11 17:08:11	29	1	0	0
      659	2024-01-11 17:09:32	29	1	0	0
      372	2024-01-11 17:09:59	29	1	0	0
     2321	2024-01-11 17:10:15	29	1	0	0
      686	2024-01-12 05:00:06	29	0	0	0
      570	2024-01-12 07:24:02	29	0	0	0
      570	2024-01-12 07:24:03	29	0	0	0
      570	2024-01-12 07:27:16	29	0	0	0
      913	2024-01-12 07:34:51	29	0	0	0
      659	2024-01-12 07:42:20	29	0	0	0
     2717	2024-01-12 07:43:49	29	0	0	0
     2717	2024-01-12 07:43:50	29	0	0	0
      146	2024-01-12 07:45:47	29	0	0	0
      854	2024-01-12 07:51:19	29	0	0	0
      373	2024-01-12 07:56:25	29	0	0	0
      373	2024-01-12 07:56:42	29	0	0	0
     2104	2024-01-12 07:57:07	29	0	0	0
     2104	2024-01-12 07:57:11	29	0	0	0
     2321	2024-01-12 08:01:10	29	0	0	0
     2321	2024-01-12 08:01:13	29	0	0	0
     1263	2024-01-12 08:01:33	29	0	0	0
      825	2024-01-12 08:02:20	29	0	0	0
      372	2024-01-12 08:05:26	29	0	0	0
      727	2024-01-12 08:10:34	29	0	0	0
      913	2024-01-12 12:00:25	29	1	0	0
      659	2024-01-12 12:00:33	29	1	0	0
      686	2024-01-12 12:01:25	29	1	0	0
      854	2024-01-12 12:01:40	29	1	0	0
     1263	2024-01-12 12:01:56	29	1	0	0
      854	2024-01-12 12:02:30	29	0	0	0
     1263	2024-01-12 12:04:21	29	0	0	0
      913	2024-01-12 12:04:47	29	0	0	0
      825	2024-01-12 12:04:55	29	1	0	0
     2717	2024-01-12 12:05:03	29	1	0	0
     2717	2024-01-12 12:05:04	29	1	0	0
     2104	2024-01-12 12:06:06	29	1	0	0
     2104	2024-01-12 12:06:15	29	1	0	0
     2321	2024-01-12 12:07:15	29	1	0	0
      372	2024-01-12 12:07:28	29	1	0	0
      570	2024-01-12 12:07:47	29	1	0	0
      146	2024-01-12 12:08:02	29	1	0	0
      373	2024-01-12 12:08:07	29	1	0	0
     2104	2024-01-12 12:10:08	29	0	0	0
      372	2024-01-12 12:10:14	29	0	0	0
     2104	2024-01-12 12:10:28	29	0	0	0
      659	2024-01-12 12:10:43	29	0	0	0
      686	2024-01-12 12:10:50	29	0	0	0
      570	2024-01-12 12:11:44	29	0	0	0
      727	2024-01-12 12:12:54	29	1	0	0
      146	2024-01-12 12:13:26	29	0	0	0
      727	2024-01-12 12:13:42	29	0	0	0
     2321	2024-01-12 12:29:07	29	0	0	0
      373	2024-01-12 12:29:26	29	0	0	0
      825	2024-01-12 12:31:05	29	0	0	0
     2717	2024-01-12 12:31:44	29	0	0	0
     2717	2024-01-12 12:31:45	29	0	0	0
     2717	2024-01-12 12:31:56	29	0	0	0
     1263	2024-01-12 15:03:31	29	1	0	0
      913	2024-01-12 17:00:04	29	1	0	0
      686	2024-01-12 17:00:13	29	1	0	0
      727	2024-01-12 17:00:18	29	1	0	0
      854	2024-01-12 17:00:24	29	1	0	0
     2717	2024-01-12 17:00:29	29	1	0	0
     2717	2024-01-12 17:00:30	29	1	0	0
      570	2024-01-12 17:01:33	29	1	0	0
      146	2024-01-12 17:01:45	29	1	0	0
      372	2024-01-12 17:02:02	29	1	0	0
      373	2024-01-12 17:02:10	29	1	0	0
     2321	2024-01-12 17:02:19	29	1	0	0
     2321	2024-01-12 17:02:22	29	1	0	0
      825	2024-01-12 17:02:28	29	1	0	0
      373	2024-01-12 17:03:31	29	1	0	0
     2321	2024-01-12 17:03:51	29	1	0	0
     2321	2024-01-12 17:03:58	29	1	0	0
      659	2024-01-12 17:05:11	29	1	0	0
      659	2024-01-12 17:05:26	29	1	0	0
      686	2024-01-15 05:00:15	29	0	0	0
      913	2024-01-15 06:14:50	29	0	0	0
      146	2024-01-15 07:29:29	29	0	0	0
     1833	2024-01-15 07:31:29	29	0	0	0
     2717	2024-01-15 07:33:58	29	0	0	0
     2717	2024-01-15 07:34:00	29	0	0	0
      570	2024-01-15 07:36:17	29	0	0	0
      569	2024-01-15 07:43:46	29	0	0	0
      727	2024-01-15 07:53:38	29	0	0	0
     2104	2024-01-15 07:54:42	29	0	0	0
     2104	2024-01-15 07:54:54	29	0	0	0
      825	2024-01-15 07:55:00	29	0	0	0
      373	2024-01-15 07:56:08	29	0	0	0
      854	2024-01-15 07:58:42	29	0	0	0
     2321	2024-01-15 08:00:13	29	0	0	0
     2321	2024-01-15 08:00:17	29	0	0	0
     2321	2024-01-15 08:00:21	29	0	0	0
      372	2024-01-15 08:03:14	29	0	0	0
      659	2024-01-15 08:06:41	29	0	0	0
      659	2024-01-15 08:07:11	29	0	0	0
     2717	2024-01-15 12:00:12	29	1	0	0
     2717	2024-01-15 12:00:14	29	1	0	0
      913	2024-01-15 12:01:10	29	1	0	0
      686	2024-01-15 12:01:30	29	1	0	0
      570	2024-01-15 12:03:11	29	1	0	0
      913	2024-01-15 12:03:21	29	0	0	0
      373	2024-01-15 12:06:26	29	1	0	0
      146	2024-01-15 12:06:36	29	1	0	0
      727	2024-01-15 12:06:43	29	1	0	0
     2717	2024-01-15 12:06:55	29	0	0	0
     2717	2024-01-15 12:06:57	29	0	0	0
      727	2024-01-15 12:07:33	29	0	0	0
      727	2024-01-15 12:07:44	29	0	0	0
      854	2024-01-15 12:10:03	29	1	0	0
      372	2024-01-15 12:12:43	29	1	0	0
      854	2024-01-15 12:12:51	29	0	0	0
     2104	2024-01-15 12:13:12	29	1	0	0
     2104	2024-01-15 12:13:21	29	1	0	0
      146	2024-01-15 12:15:17	29	0	0	0
      372	2024-01-15 12:15:33	29	0	0	0
     2104	2024-01-15 12:15:45	29	0	0	0
     2104	2024-01-15 12:16:01	29	0	0	0
     2321	2024-01-15 12:18:04	29	1	0	0
      686	2024-01-15 12:20:15	29	0	0	0
      570	2024-01-15 12:27:44	29	0	0	0
      373	2024-01-15 12:28:05	29	0	0	0
      825	2024-01-15 12:28:28	29	1	0	0
      825	2024-01-15 12:31:08	29	0	0	0
      659	2024-01-15 12:41:22	29	1	0	0
      659	2024-01-15 12:43:03	29	0	0	0
      659	2024-01-15 12:43:05	29	0	0	0
     2321	2024-01-15 12:49:40	29	0	0	0
      146	2024-01-15 16:35:38	29	1	0	0
      686	2024-01-15 17:00:07	29	1	0	0
      854	2024-01-15 17:00:32	29	1	0	0
      659	2024-01-15 17:00:48	29	1	0	0
      825	2024-01-15 17:01:09	29	1	0	0
      913	2024-01-15 17:01:16	29	1	0	0
      727	2024-01-15 17:01:22	29	1	0	0
     2717	2024-01-15 17:01:28	29	1	0	0
     2717	2024-01-15 17:01:29	29	1	0	0
     2717	2024-01-15 17:01:44	29	1	0	0
     2717	2024-01-15 17:01:45	29	1	0	0
      373	2024-01-15 17:02:04	29	1	0	0
      570	2024-01-15 17:02:08	29	1	0	0
     2321	2024-01-15 17:02:31	29	1	0	0
     2321	2024-01-15 17:02:34	29	1	0	0
     2321	2024-01-15 17:02:38	29	1	0	0
     2321	2024-01-15 17:03:39	29	1	0	0
     2104	2024-01-15 17:17:51	29	1	0	0
     2104	2024-01-15 17:17:54	29	1	0	0
     2104	2024-01-15 17:18:03	29	1	0	0
      372	2024-01-15 18:34:27	29	1	0	0
      686	2024-01-16 05:01:32	29	0	0	0
      686	2024-01-16 05:01:50	29	0	0	0
     2717	2024-01-16 07:16:24	29	0	0	0
     2717	2024-01-16 07:16:25	29	0	0	0
     2717	2024-01-16 07:17:01	29	0	0	0
      686	2024-01-17 05:00:07	29	0	0	0
      913	2024-01-17 07:27:55	29	0	0	0
      659	2024-01-17 07:30:15	29	0	0	0
      570	2024-01-17 07:34:23	29	0	0	0
      570	2024-01-17 07:34:25	29	0	0	0
      146	2024-01-17 07:35:14	29	0	0	0
      854	2024-01-17 07:39:54	29	0	0	0
      727	2024-01-17 07:43:47	29	0	0	0
     1263	2024-01-17 07:53:28	29	0	0	0
     2717	2024-01-17 07:54:38	29	0	0	0
     2717	2024-01-17 07:54:40	29	0	0	0
      373	2024-01-17 07:57:34	29	0	0	0
     2104	2024-01-17 07:58:49	29	0	0	0
     2104	2024-01-17 07:58:52	29	0	0	0
      372	2024-01-17 08:00:44	29	0	0	0
     2321	2024-01-17 08:11:09	29	0	0	0
     2321	2024-01-17 08:11:12	29	0	0	0
      825	2024-01-17 08:26:25	29	0	0	0
      686	2024-01-17 12:01:12	29	1	0	0
      913	2024-01-17 12:01:30	29	1	0	0
     2717	2024-01-17 12:03:02	29	1	0	0
     2717	2024-01-17 12:03:03	29	1	0	0
      825	2024-01-17 12:03:46	29	1	0	0
      373	2024-01-17 12:04:02	29	1	0	0
      727	2024-01-17 12:04:19	29	1	0	0
      146	2024-01-17 12:05:59	29	1	0	0
      727	2024-01-17 12:06:16	29	0	0	0
      146	2024-01-17 12:08:17	29	0	0	0
      373	2024-01-17 12:08:27	29	0	0	0
     2717	2024-01-17 12:08:32	29	0	0	0
     2717	2024-01-17 12:08:33	29	0	0	0
      913	2024-01-17 12:08:47	29	0	0	0
     1263	2024-01-17 12:09:03	29	1	0	0
     2104	2024-01-17 12:09:10	29	1	0	0
     2104	2024-01-17 12:09:14	29	1	0	0
      570	2024-01-17 12:09:21	29	1	0	0
      570	2024-01-17 12:09:23	29	1	0	0
      686	2024-01-17 12:09:39	29	0	0	0
      372	2024-01-17 12:09:55	29	1	0	0
     2717	2024-01-17 12:10:06	29	0	0	0
     2717	2024-01-17 12:10:08	29	0	0	0
     2321	2024-01-17 12:12:01	29	1	0	0
     1263	2024-01-17 12:25:42	29	0	0	0
     2104	2024-01-17 12:27:20	29	0	0	0
     2104	2024-01-17 12:27:24	29	0	0	0
      659	2024-01-17 12:27:54	29	1	0	0
      825	2024-01-17 12:31:19	29	0	0	0
      570	2024-01-17 12:31:26	29	0	0	0
      659	2024-01-17 12:31:38	29	0	0	0
     2321	2024-01-17 12:35:26	29	0	0	0
      372	2024-01-17 12:35:51	29	0	0	0
      854	2024-01-17 12:39:03	29	1	0	0
      854	2024-01-17 12:40:08	29	0	0	0
