     2443	2024-01-02 07:45:29	31	0	0	0
     2443	2024-01-02 07:45:32	31	0	0	0
     2834	2024-01-02 07:45:43	31	0	0	0
     2834	2024-01-02 07:45:45	31	0	0	0
     2804	2024-01-02 07:45:49	31	0	0	0
     2804	2024-01-02 07:45:51	31	0	0	0
      320	2024-01-02 07:46:09	31	0	0	0
      320	2024-01-02 07:46:11	31	0	0	0
      225	2024-01-02 07:48:18	31	0	0	0
      225	2024-01-02 07:48:22	31	0	0	0
      809	2024-01-02 07:48:51	31	0	0	0
      564	2024-01-02 07:50:02	31	0	0	0
     2706	2024-01-02 07:51:04	31	0	0	0
     2706	2024-01-02 07:51:05	31	0	0	0
      527	2024-01-02 07:54:33	31	0	0	0
      527	2024-01-02 07:54:34	31	0	0	0
     1053	2024-01-02 07:54:49	31	0	0	0
     1053	2024-01-02 07:54:50	31	0	0	0
     2090	2024-01-02 07:55:20	31	0	0	0
     2090	2024-01-02 07:55:21	31	0	0	0
     1773	2024-01-02 07:57:52	31	0	0	0
     1773	2024-01-02 07:57:54	31	0	0	0
      432	2024-01-02 07:58:51	31	0	0	0
      432	2024-01-02 07:58:55	31	0	0	0
     2860	2024-01-02 07:59:28	31	0	0	0
     2307	2024-01-02 08:00:26	31	0	0	0
     1280	2024-01-02 08:04:16	31	0	0	0
     1088	2024-01-02 08:09:09	31	0	0	0
      467	2024-01-02 09:28:25	31	0	0	0
      467	2024-01-02 09:28:29	31	0	0	0
      651	2024-01-02 12:00:52	31	0	0	0
      651	2024-01-02 12:00:53	31	0	0	0
     2307	2024-01-02 12:01:24	31	1	0	0
     2706	2024-01-02 12:01:31	31	1	0	0
      320	2024-01-02 12:01:51	31	1	0	0
     2804	2024-01-02 12:01:56	31	1	0	0
      467	2024-01-02 12:02:07	31	1	0	0
      527	2024-01-02 12:02:18	31	1	0	0
     1088	2024-01-02 12:02:27	31	1	0	0
      225	2024-01-02 12:03:03	31	1	0	0
      809	2024-01-02 12:03:29	31	1	0	0
     2307	2024-01-02 12:03:48	31	0	0	0
     1053	2024-01-02 12:03:55	31	1	0	0
     2706	2024-01-02 12:05:50	31	0	0	0
      564	2024-01-02 12:06:03	31	1	0	0
      809	2024-01-02 12:06:18	31	0	0	0
      320	2024-01-02 12:06:24	31	0	0	0
      225	2024-01-02 12:06:29	31	0	0	0
      432	2024-01-02 12:06:36	31	1	0	0
      564	2024-01-02 12:07:16	31	0	0	0
     1053	2024-01-02 12:07:22	31	0	0	0
     2090	2024-01-02 12:07:27	31	1	0	0
     1280	2024-01-02 12:07:32	31	1	0	0
     2834	2024-01-02 12:07:37	31	1	0	0
     2834	2024-01-02 12:07:38	31	1	0	0
     1088	2024-01-02 12:07:55	31	0	0	0
     2804	2024-01-02 12:09:05	31	0	0	0
      432	2024-01-02 12:14:29	31	0	0	0
     2834	2024-01-02 12:14:42	31	0	0	0
     2834	2024-01-02 12:14:43	31	0	0	0
      527	2024-01-02 12:14:52	31	0	0	0
     1280	2024-01-02 12:15:08	31	0	0	0
     2090	2024-01-02 12:16:09	31	0	0	0
     2090	2024-01-02 12:16:11	31	0	0	0
      467	2024-01-02 12:26:04	31	0	0	0
     1773	2024-01-02 12:42:08	31	1	0	0
     2443	2024-01-02 12:42:12	31	1	0	0
     2443	2024-01-02 12:42:13	31	1	0	0
     2443	2024-01-02 12:45:12	31	0	0	0
     2443	2024-01-02 12:45:13	31	0	0	0
     2860	2024-01-02 12:55:35	31	1	0	0
     1773	2024-01-02 12:57:06	31	0	0	0
     2860	2024-01-02 12:58:03	31	0	0	0
      651	2024-01-02 17:00:18	31	1	0	0
      651	2024-01-02 17:00:21	31	1	0	0
     1053	2024-01-02 17:00:33	31	1	0	0
     1053	2024-01-02 17:00:36	31	1	0	0
     2804	2024-01-02 17:00:44	31	1	0	0
     2804	2024-01-02 17:00:50	31	1	0	0
      320	2024-01-02 17:00:55	31	1	0	0
      320	2024-01-02 17:00:57	31	1	0	0
     1773	2024-01-02 17:01:02	31	1	0	0
     1773	2024-01-02 17:01:04	31	1	0	0
      467	2024-01-02 17:01:28	31	0	0	0
      467	2024-01-02 17:01:34	31	1	0	0
      467	2024-01-02 17:01:37	31	1	0	0
     2860	2024-01-02 17:01:44	31	1	0	0
     2860	2024-01-02 17:01:51	31	1	0	0
     2860	2024-01-02 17:01:52	31	1	0	0
     2706	2024-01-02 17:01:57	31	1	0	0
     2706	2024-01-02 17:02:01	31	1	0	0
     1280	2024-01-02 17:02:04	31	1	0	0
     2443	2024-01-02 17:02:07	31	1	0	0
     2443	2024-01-02 17:02:09	31	1	0	0
     2307	2024-01-02 17:02:19	31	1	0	0
      527	2024-01-02 17:02:39	31	1	0	0
      225	2024-01-02 17:03:11	31	0	0	0
      225	2024-01-02 17:03:15	31	1	0	0
      809	2024-01-02 17:03:26	31	1	0	0
     2834	2024-01-02 17:03:29	31	1	0	0
     2834	2024-01-02 17:03:30	31	1	0	0
      527	2024-01-02 17:04:53	31	4	0	0
      809	2024-01-02 17:05:24	31	4	0	0
     1053	2024-01-02 17:06:01	31	4	0	0
     2706	2024-01-02 17:06:07	31	0	0	0
     2706	2024-01-02 17:06:11	31	4	0	0
     2706	2024-01-02 17:06:23	31	4	0	0
     2834	2024-01-02 17:06:35	31	4	0	0
     2834	2024-01-02 17:06:36	31	4	0	0
     2090	2024-01-02 17:15:27	31	1	0	0
     2090	2024-01-02 17:15:29	31	1	0	0
      432	2024-01-02 17:16:49	31	1	0	0
      432	2024-01-02 17:16:56	31	1	0	0
     1088	2024-01-02 17:35:05	31	1	0	0
      564	2024-01-02 17:48:33	31	1	0	0
     2706	2024-01-02 19:32:10	31	5	0	0
     2706	2024-01-02 19:32:11	31	5	0	0
      527	2024-01-02 19:34:07	31	5	0	0
      527	2024-01-02 19:34:09	31	5	0	0
      809	2024-01-02 19:34:22	31	5	0	0
     1053	2024-01-02 19:34:34	31	5	0	0
     2834	2024-01-02 19:35:29	31	5	0	0
     2834	2024-01-02 19:35:31	31	5	0	0
      833	2024-01-03 07:05:27	31	0	0	0
     2804	2024-01-03 07:33:45	31	0	0	0
     2804	2024-01-03 07:33:47	31	0	0	0
     2973	2024-01-03 07:35:07	31	0	0	0
     2973	2024-01-03 07:35:11	31	0	0	0
      651	2024-01-03 07:35:53	31	0	0	0
      651	2024-01-03 07:35:55	31	0	0	0
     2859	2024-01-03 07:39:53	31	0	0	0
     2090	2024-01-03 07:41:00	31	0	0	0
     2090	2024-01-03 07:41:01	31	0	0	0
     2860	2024-01-03 07:44:59	31	0	0	0
     2443	2024-01-03 07:46:02	31	0	0	0
     2443	2024-01-03 07:46:04	31	0	0	0
      809	2024-01-03 07:46:26	31	0	0	0
     1053	2024-01-03 07:48:46	31	0	0	0
     1053	2024-01-03 07:48:47	31	0	0	0
      564	2024-01-03 07:49:34	31	0	0	0
      775	2024-01-03 07:49:46	31	0	0	0
      775	2024-01-03 07:49:47	31	0	0	0
     2107	2024-01-03 07:50:35	31	0	0	0
     1264	2024-01-03 07:51:03	31	0	0	0
     1264	2024-01-03 07:51:05	31	0	0	0
     1773	2024-01-03 07:51:16	31	0	0	0
     1773	2024-01-03 07:51:17	31	0	0	0
      225	2024-01-03 07:51:56	31	0	0	0
      225	2024-01-03 07:52:09	31	0	0	0
     1215	2024-01-03 07:52:28	31	0	0	0
     1898	2024-01-03 07:52:41	31	0	0	0
     1898	2024-01-03 07:52:52	31	0	0	0
     2706	2024-01-03 07:52:57	31	0	0	0
     2706	2024-01-03 07:52:59	31	0	0	0
      209	2024-01-03 07:53:24	31	0	0	0
      320	2024-01-03 07:53:38	31	0	0	0
      320	2024-01-03 07:53:40	31	0	0	0
      320	2024-01-03 07:53:55	31	0	0	0
      527	2024-01-03 07:54:24	31	0	0	0
      527	2024-01-03 07:54:26	31	0	0	0
     1280	2024-01-03 07:56:37	31	0	0	0
     2350	2024-01-03 07:57:04	31	0	0	0
     2307	2024-01-03 08:00:05	31	0	0	0
     2834	2024-01-03 08:03:11	31	0	0	0
     2834	2024-01-03 08:03:15	31	0	0	0
      467	2024-01-03 08:37:22	31	0	0	0
      467	2024-01-03 08:37:26	31	0	0	0
      432	2024-01-03 09:19:47	31	0	0	0
     1215	2024-01-03 12:00:03	31	1	0	0
     2443	2024-01-03 12:00:04	31	1	0	0
     2443	2024-01-03 12:00:06	31	1	0	0
     2804	2024-01-03 12:00:09	31	1	0	0
      651	2024-01-03 12:00:12	31	1	0	0
      775	2024-01-03 12:00:15	31	1	0	0
     2973	2024-01-03 12:00:19	31	1	0	0
     2973	2024-01-03 12:00:23	31	1	0	0
     2107	2024-01-03 12:00:33	31	1	0	0
     1773	2024-01-03 12:01:08	31	1	0	0
     2706	2024-01-03 12:01:29	31	1	0	0
     2834	2024-01-03 12:02:21	31	1	0	0
     2834	2024-01-03 12:02:23	31	1	0	0
      775	2024-01-03 12:02:40	31	0	0	0
      775	2024-01-03 12:02:41	31	0	0	0
     2804	2024-01-03 12:04:25	31	0	0	0
      833	2024-01-03 12:04:34	31	1	0	0
     2973	2024-01-03 12:04:47	31	0	0	0
     2973	2024-01-03 12:04:51	31	0	0	0
      320	2024-01-03 12:04:59	31	1	0	0
      651	2024-01-03 12:05:04	31	0	0	0
      320	2024-01-03 12:05:23	31	1	0	0
      833	2024-01-03 12:05:49	31	0	0	0
     1898	2024-01-03 12:07:51	31	1	0	0
     1264	2024-01-03 12:11:42	31	1	0	0
      527	2024-01-03 12:11:45	31	1	0	0
      809	2024-01-03 12:11:54	31	1	0	0
     2706	2024-01-03 12:12:26	31	0	0	0
     2107	2024-01-03 12:12:30	31	0	0	0
     2860	2024-01-03 12:14:39	31	1	0	0
      467	2024-01-03 12:14:48	31	1	0	0
     2834	2024-01-03 12:14:55	31	1	0	0
     2834	2024-01-03 12:15:14	31	0	0	0
     2834	2024-01-03 12:15:16	31	0	0	0
     1215	2024-01-03 12:16:04	31	0	0	0
     1264	2024-01-03 12:16:20	31	0	0	0
     2860	2024-01-03 12:16:51	31	0	0	0
     2443	2024-01-03 12:19:03	31	0	0	0
     2443	2024-01-03 12:19:09	31	0	0	0
      320	2024-01-03 12:19:30	31	0	0	0
     1773	2024-01-03 12:19:47	31	0	0	0
      467	2024-01-03 12:22:26	31	0	0	0
     2859	2024-01-03 12:25:06	31	1	0	0
      432	2024-01-03 12:25:22	31	1	0	0
     1280	2024-01-03 12:26:34	31	1	0	0
     2090	2024-01-03 12:27:51	31	1	0	0
      809	2024-01-03 12:29:09	31	0	0	0
     1053	2024-01-03 12:29:29	31	1	0	0
     2350	2024-01-03 12:29:45	31	1	0	0
     2090	2024-01-03 12:29:51	31	0	0	0
     2090	2024-01-03 12:29:53	31	0	0	0
      225	2024-01-03 12:29:59	31	1	0	0
     1280	2024-01-03 12:30:12	31	0	0	0
     1053	2024-01-03 12:31:21	31	0	0	0
     2859	2024-01-03 12:34:22	31	0	0	0
      564	2024-01-03 12:35:05	31	1	0	0
      432	2024-01-03 12:37:27	31	0	0	0
     2350	2024-01-03 12:38:42	31	0	0	0
      225	2024-01-03 12:39:01	31	0	0	0
      527	2024-01-03 12:39:12	31	0	0	0
      432	2024-01-03 12:42:04	31	0	0	0
      564	2024-01-03 12:45:37	31	0	0	0
      225	2024-01-03 12:55:13	31	0	0	0
      209	2024-01-03 12:57:21	31	1	0	0
      209	2024-01-03 12:59:25	31	0	0	0
     1264	2024-01-03 17:00:40	31	1	0	0
     1264	2024-01-03 17:00:42	31	1	0	0
      209	2024-01-03 17:00:43	31	1	0	0
      833	2024-01-03 17:00:49	31	1	0	0
     2804	2024-01-03 17:00:54	31	1	0	0
     2804	2024-01-03 17:00:55	31	1	0	0
      651	2024-01-03 17:01:00	31	1	0	0
      651	2024-01-03 17:01:02	31	1	0	0
     1773	2024-01-03 17:01:05	31	1	0	0
     1773	2024-01-03 17:01:07	31	1	0	0
      467	2024-01-03 17:01:10	31	1	0	0
      467	2024-01-03 17:01:13	31	1	0	0
     2973	2024-01-03 17:01:18	31	1	0	0
     2973	2024-01-03 17:01:21	31	1	0	0
     2443	2024-01-03 17:01:26	31	1	0	0
     2443	2024-01-03 17:01:27	31	1	0	0
     1215	2024-01-03 17:01:32	31	1	0	0
     1215	2024-01-03 17:01:33	31	1	0	0
      320	2024-01-03 17:01:39	31	1	0	0
      320	2024-01-03 17:01:41	31	1	0	0
     2834	2024-01-03 17:01:43	31	1	0	0
     2834	2024-01-03 17:01:44	31	1	0	0
      775	2024-01-03 17:01:49	31	1	0	0
      775	2024-01-03 17:01:51	31	1	0	0
     2706	2024-01-03 17:01:57	31	1	0	0
     2307	2024-01-03 17:02:17	31	1	0	0
     2860	2024-01-03 17:02:38	31	1	0	0
     2860	2024-01-03 17:02:43	31	1	0	0
     2706	2024-01-03 17:03:02	31	4	0	0
      225	2024-01-03 17:03:28	31	1	0	0
      564	2024-01-03 17:04:37	31	1	0	0
     2859	2024-01-03 17:05:02	31	1	0	0
     1280	2024-01-03 17:05:06	31	1	0	0
     1053	2024-01-03 17:05:15	31	1	0	0
      527	2024-01-03 17:06:35	31	1	0	0
      809	2024-01-03 17:06:50	31	1	0	0
     2350	2024-01-03 17:09:00	31	1	0	0
     2350	2024-01-03 17:09:03	31	1	0	0
      775	2024-01-03 17:09:15	31	4	0	0
      775	2024-01-03 17:09:16	31	4	0	0
      527	2024-01-03 17:11:02	31	4	0	0
      809	2024-01-03 17:11:04	31	4	0	0
     1053	2024-01-03 17:11:08	31	4	0	0
     1280	2024-01-03 17:11:11	31	4	0	0
     2090	2024-01-03 17:12:34	31	1	0	0
     2090	2024-01-03 17:12:35	31	1	0	0
     2859	2024-01-03 17:16:24	31	4	0	0
     2107	2024-01-03 17:20:11	31	1	0	0
      432	2024-01-03 17:21:38	31	1	0	0
      527	2024-01-03 19:30:03	31	5	0	0
      527	2024-01-03 19:30:04	31	5	0	0
      809	2024-01-03 19:30:08	31	5	0	0
      775	2024-01-03 19:30:12	31	5	0	0
      775	2024-01-03 19:30:13	31	5	0	0
     2859	2024-01-03 19:30:23	31	5	0	0
     1053	2024-01-03 19:30:26	31	5	0	0
     1053	2024-01-03 19:30:27	31	5	0	0
     1280	2024-01-03 19:30:31	31	5	0	0
     2706	2024-01-03 19:30:40	31	5	0	0
      833	2024-01-04 07:01:59	31	0	0	0
     2804	2024-01-04 07:26:05	31	0	0	0
     2804	2024-01-04 07:26:14	31	0	0	0
     2804	2024-01-04 07:26:16	31	0	0	0
     2973	2024-01-04 07:28:01	31	0	0	0
     2973	2024-01-04 07:28:05	31	0	0	0
      467	2024-01-04 07:37:01	31	0	0	0
      467	2024-01-04 07:37:07	31	0	0	0
     2090	2024-01-04 07:43:30	31	0	0	0
     2090	2024-01-04 07:43:32	31	0	0	0
      564	2024-01-04 07:44:41	31	0	0	0
      775	2024-01-04 07:44:52	31	0	0	0
      775	2024-01-04 07:44:53	31	0	0	0
     2443	2024-01-04 07:46:28	31	0	0	0
     2443	2024-01-04 07:46:33	31	0	0	0
      320	2024-01-04 07:47:33	31	0	0	0
      320	2024-01-04 07:47:35	31	0	0	0
      809	2024-01-04 07:47:47	31	0	0	0
     2706	2024-01-04 07:48:04	31	0	0	0
     2706	2024-01-04 07:48:05	31	0	0	0
     2859	2024-01-04 07:49:35	31	0	0	0
     1053	2024-01-04 07:50:58	31	0	0	0
     1053	2024-01-04 07:51:00	31	0	0	0
     1280	2024-01-04 07:51:04	31	0	0	0
     1215	2024-01-04 07:51:23	31	0	0	0
     1215	2024-01-04 07:51:25	31	0	0	0
      904	2024-01-04 07:51:37	31	0	0	0
      225	2024-01-04 07:51:48	31	0	0	0
      225	2024-01-04 07:51:56	31	0	0	0
     2107	2024-01-04 07:52:01	31	0	0	0
     2834	2024-01-04 07:56:22	31	0	0	0
     2834	2024-01-04 07:56:24	31	0	0	0
     1773	2024-01-04 07:56:29	31	0	0	0
     1773	2024-01-04 07:56:30	31	0	0	0
     2860	2024-01-04 07:56:39	31	0	0	0
      209	2024-01-04 07:58:08	31	0	0	0
      527	2024-01-04 07:59:20	31	0	0	0
      527	2024-01-04 07:59:21	31	0	0	0
      432	2024-01-04 07:59:48	31	0	0	0
      432	2024-01-04 07:59:55	31	0	0	0
     2350	2024-01-04 07:59:58	31	0	0	0
     2307	2024-01-04 08:15:07	31	0	0	0
      651	2024-01-04 09:24:59	31	0	0	0
      651	2024-01-04 09:25:01	31	0	0	0
     1773	2024-01-04 12:00:18	31	1	0	0
      209	2024-01-04 12:00:21	31	1	0	0
      651	2024-01-04 12:00:54	31	0	0	0
      527	2024-01-04 12:01:39	31	1	0	0
     2307	2024-01-04 12:02:23	31	1	0	0
      225	2024-01-04 12:02:25	31	1	0	0
      209	2024-01-04 12:02:31	31	0	0	0
     2350	2024-01-04 12:02:37	31	1	0	0
     2973	2024-01-04 12:03:24	31	1	0	0
     2973	2024-01-04 12:03:27	31	1	0	0
      809	2024-01-04 12:03:33	31	1	0	0
     2804	2024-01-04 12:03:38	31	1	0	0
     1215	2024-01-04 12:03:47	31	1	0	0
     2443	2024-01-04 12:03:52	31	1	0	0
     2443	2024-01-04 12:03:54	31	1	0	0
      320	2024-01-04 12:04:55	31	1	0	0
     2834	2024-01-04 12:04:57	31	1	0	0
     2834	2024-01-04 12:04:58	31	1	0	0
      320	2024-01-04 12:05:05	31	1	0	0
     2443	2024-01-04 12:05:32	31	0	0	0
     2443	2024-01-04 12:05:33	31	0	0	0
     2804	2024-01-04 12:05:44	31	0	0	0
     2804	2024-01-04 12:05:46	31	0	0	0
      833	2024-01-04 12:06:01	31	1	0	0
      651	2024-01-04 12:06:08	31	0	0	0
     2973	2024-01-04 12:06:13	31	0	0	0
     2973	2024-01-04 12:06:16	31	0	0	0
     2107	2024-01-04 12:06:40	31	1	0	0
     2307	2024-01-04 12:06:50	31	0	0	0
      775	2024-01-04 12:07:00	31	1	0	0
      833	2024-01-04 12:07:12	31	0	0	0
     2834	2024-01-04 12:07:48	31	0	0	0
     2834	2024-01-04 12:07:50	31	0	0	0
      467	2024-01-04 12:08:14	31	1	0	0
      775	2024-01-04 12:09:15	31	0	0	0
      320	2024-01-04 12:10:40	31	0	0	0
     2107	2024-01-04 12:11:58	31	0	0	0
      527	2024-01-04 12:12:36	31	0	0	0
     2350	2024-01-04 12:12:41	31	0	0	0
     1773	2024-01-04 12:13:02	31	0	0	0
      809	2024-01-04 12:13:44	31	0	0	0
      564	2024-01-04 12:14:31	31	1	0	0
      564	2024-01-04 12:15:04	31	0	0	0
      432	2024-01-04 12:18:42	31	1	0	0
     2706	2024-01-04 12:20:01	31	1	0	0
     1215	2024-01-04 12:20:34	31	0	0	0
      225	2024-01-04 12:20:52	31	0	0	0
      467	2024-01-04 12:20:57	31	0	0	0
     2860	2024-01-04 12:21:17	31	1	0	0
     1280	2024-01-04 12:22:28	31	1	0	0
     2090	2024-01-04 12:22:40	31	1	0	0
     2090	2024-01-04 12:22:41	31	1	0	0
     2860	2024-01-04 12:23:08	31	0	0	0
      904	2024-01-04 12:23:14	31	1	0	0
     2859	2024-01-04 12:23:41	31	1	0	0
     1053	2024-01-04 12:25:30	31	1	0	0
      904	2024-01-04 12:26:50	31	0	0	0
      467	2024-01-04 12:27:34	31	0	0	0
     1280	2024-01-04 12:27:50	31	0	0	0
     2706	2024-01-04 12:28:26	31	0	0	0
     2859	2024-01-04 12:29:29	31	0	0	0
     2090	2024-01-04 12:29:52	31	0	0	0
     2090	2024-01-04 12:29:54	31	0	0	0
      432	2024-01-04 12:30:40	31	0	0	0
     2090	2024-01-04 12:37:03	31	0	0	0
     2090	2024-01-04 12:37:04	31	0	0	0
     1053	2024-01-04 12:44:18	31	0	0	0
      209	2024-01-04 17:00:01	31	1	0	0
      320	2024-01-04 17:00:04	31	1	0	0
      320	2024-01-04 17:00:06	31	1	0	0
     2706	2024-01-04 17:00:11	31	1	0	0
     2706	2024-01-04 17:00:12	31	1	0	0
     2804	2024-01-04 17:00:17	31	1	0	0
     2804	2024-01-04 17:00:20	31	1	0	0
     2350	2024-01-04 17:00:46	31	1	0	0
     1215	2024-01-04 17:01:10	31	1	0	0
     1773	2024-01-04 17:01:15	31	1	0	0
      527	2024-01-04 17:01:21	31	1	0	0
      833	2024-01-04 17:01:32	31	1	0	0
      651	2024-01-04 17:01:42	31	1	0	0
      651	2024-01-04 17:01:44	31	1	0	0
     2973	2024-01-04 17:01:48	31	1	0	0
     2973	2024-01-04 17:01:51	31	1	0	0
     2443	2024-01-04 17:02:10	31	1	0	0
     2860	2024-01-04 17:02:17	31	1	0	0
     2860	2024-01-04 17:02:21	31	1	0	0
      775	2024-01-04 17:02:50	31	1	0	0
      775	2024-01-04 17:02:51	31	1	0	0
      225	2024-01-04 17:03:03	31	1	0	0
      225	2024-01-04 17:03:06	31	1	0	0
     2706	2024-01-04 17:03:16	31	4	0	0
      467	2024-01-04 17:03:32	31	1	0	0
      467	2024-01-04 17:03:36	31	1	0	0
     2859	2024-01-04 17:04:10	31	1	0	0
     1280	2024-01-04 17:05:53	31	1	0	0
     1053	2024-01-04 17:06:29	31	1	0	0
      809	2024-01-04 17:06:49	31	1	0	0
      775	2024-01-04 17:07:21	31	4	0	0
      775	2024-01-04 17:07:23	31	4	0	0
     2350	2024-01-04 17:07:26	31	4	0	0
     1773	2024-01-04 17:07:37	31	4	0	0
     1773	2024-01-04 17:07:39	31	4	0	0
      527	2024-01-04 17:07:45	31	4	0	0
      904	2024-01-04 17:07:59	31	1	0	0
      564	2024-01-04 17:08:05	31	1	0	0
      809	2024-01-04 17:08:26	31	4	0	0
     2834	2024-01-04 17:08:48	31	1	0	0
     2834	2024-01-04 17:08:50	31	1	0	0
      904	2024-01-04 17:10:17	31	4	0	0
     1053	2024-01-04 17:10:21	31	4	0	0
     2090	2024-01-04 17:13:23	31	1	0	0
     2090	2024-01-04 17:13:24	31	1	0	0
     2834	2024-01-04 17:14:04	31	4	0	0
     2834	2024-01-04 17:14:05	31	4	0	0
     2859	2024-01-04 17:14:11	31	4	0	0
     1280	2024-01-04 17:14:35	31	4	0	0
     2107	2024-01-04 17:14:43	31	1	0	0
      432	2024-01-04 17:45:03	31	1	0	0
      527	2024-01-04 19:30:03	31	5	0	0
      527	2024-01-04 19:30:05	31	5	0	0
     2834	2024-01-04 19:30:06	31	5	0	0
     2834	2024-01-04 19:30:08	31	5	0	0
     2834	2024-01-04 19:30:09	31	5	0	0
      809	2024-01-04 19:30:12	31	5	0	0
     1053	2024-01-04 19:30:16	31	5	0	0
     1053	2024-01-04 19:30:17	31	5	0	0
      775	2024-01-04 19:30:20	31	5	0	0
      775	2024-01-04 19:30:21	31	5	0	0
     2350	2024-01-04 19:30:25	31	5	0	0
     1773	2024-01-04 19:30:28	31	5	0	0
     1773	2024-01-04 19:30:30	31	5	0	0
     1280	2024-01-04 19:30:34	31	5	0	0
     2706	2024-01-04 19:30:41	31	5	0	0
     2859	2024-01-04 19:30:46	31	5	0	0
      904	2024-01-04 19:31:09	31	5	0	0
     2107	2024-01-05 07:01:23	31	0	0	0
      833	2024-01-05 07:07:18	31	0	0	0
     2804	2024-01-05 07:18:29	31	0	0	0
     2804	2024-01-05 07:18:32	31	0	0	0
     2973	2024-01-05 07:33:50	31	0	0	0
     2973	2024-01-05 07:33:54	31	0	0	0
     2834	2024-01-05 07:42:19	31	0	0	0
     2834	2024-01-05 07:42:20	31	0	0	0
      809	2024-01-05 07:42:25	31	0	0	0
      809	2024-01-05 07:42:27	31	0	0	0
      320	2024-01-05 07:42:39	31	0	0	0
      320	2024-01-05 07:42:41	31	0	0	0
      467	2024-01-05 07:43:04	31	0	0	0
      467	2024-01-05 07:43:08	31	0	0	0
      564	2024-01-05 07:43:43	31	0	0	0
      904	2024-01-05 07:43:55	31	0	0	0
     2706	2024-01-05 07:44:31	31	0	0	0
     2706	2024-01-05 07:44:33	31	0	0	0
     1215	2024-01-05 07:46:08	31	0	0	0
      651	2024-01-05 07:47:20	31	0	0	0
      651	2024-01-05 07:47:22	31	0	0	0
     1280	2024-01-05 07:49:45	31	0	0	0
      527	2024-01-05 07:51:11	31	0	0	0
      527	2024-01-05 07:51:13	31	0	0	0
     1773	2024-01-05 07:53:32	31	0	0	0
     1773	2024-01-05 07:53:34	31	0	0	0
     1053	2024-01-05 07:53:41	31	0	0	0
     1053	2024-01-05 07:53:42	31	0	0	0
     2859	2024-01-05 07:54:54	31	0	0	0
     2860	2024-01-05 07:56:48	31	0	0	0
     2307	2024-01-05 07:57:16	31	0	0	0
     1898	2024-01-05 07:58:37	31	0	0	0
      225	2024-01-05 08:02:55	31	0	0	0
     2090	2024-01-05 08:07:18	31	0	0	0
     2090	2024-01-05 08:07:19	31	0	0	0
      209	2024-01-05 08:16:05	31	0	0	0
      209	2024-01-05 12:00:02	31	1	0	0
     2307	2024-01-05 12:00:05	31	1	0	0
     1773	2024-01-05 12:00:16	31	1	0	0
     2107	2024-01-05 12:00:21	31	1	0	0
     1898	2024-01-05 12:00:26	31	1	0	0
     1215	2024-01-05 12:00:32	31	1	0	0
      775	2024-01-05 12:00:38	31	1	0	0
     2834	2024-01-05 12:00:40	31	1	0	0
     2834	2024-01-05 12:00:41	31	1	0	0
      833	2024-01-05 12:00:50	31	1	0	0
     2804	2024-01-05 12:01:03	31	1	0	0
     2973	2024-01-05 12:01:11	31	1	0	0
     2973	2024-01-05 12:01:14	31	1	0	0
      209	2024-01-05 12:02:03	31	0	0	0
     2307	2024-01-05 12:02:09	31	0	0	0
      225	2024-01-05 12:02:13	31	1	0	0
     2859	2024-01-05 12:02:23	31	1	0	0
     2706	2024-01-05 12:02:51	31	1	0	0
     2860	2024-01-05 12:03:00	31	1	0	0
     1898	2024-01-05 12:03:21	31	0	0	0
      809	2024-01-05 12:03:26	31	1	0	0
      833	2024-01-05 12:03:41	31	0	0	0
     2090	2024-01-05 12:03:50	31	1	0	0
     2090	2024-01-05 12:03:51	31	1	0	0
      320	2024-01-05 12:03:54	31	1	0	0
     1053	2024-01-05 12:03:57	31	1	0	0
     2834	2024-01-05 12:04:07	31	0	0	0
     2834	2024-01-05 12:04:09	31	0	0	0
     2860	2024-01-05 12:04:12	31	0	0	0
     1773	2024-01-05 12:04:19	31	0	0	0
     2804	2024-01-05 12:04:24	31	0	0	0
     2973	2024-01-05 12:04:38	31	0	0	0
     1280	2024-01-05 12:04:48	31	1	0	0
      904	2024-01-05 12:05:06	31	1	0	0
     2090	2024-01-05 12:06:13	31	0	0	0
     2090	2024-01-05 12:06:15	31	0	0	0
     2859	2024-01-05 12:06:49	31	0	0	0
     2107	2024-01-05 12:07:13	31	0	0	0
      904	2024-01-05 12:07:43	31	0	0	0
      527	2024-01-05 12:08:09	31	1	0	0
     1280	2024-01-05 12:09:15	31	0	0	0
      809	2024-01-05 12:12:41	31	0	0	0
     1053	2024-01-05 12:12:44	31	0	0	0
      775	2024-01-05 12:14:14	31	0	0	0
     1215	2024-01-05 12:14:50	31	0	0	0
     2706	2024-01-05 12:15:00	31	0	0	0
      467	2024-01-05 12:17:38	31	1	0	0
      320	2024-01-05 12:17:51	31	0	0	0
      225	2024-01-05 12:17:56	31	0	0	0
      651	2024-01-05 12:18:03	31	1	0	0
      527	2024-01-05 12:18:21	31	0	0	0
      651	2024-01-05 12:19:02	31	0	0	0
      904	2024-01-05 15:21:44	31	1	0	0
      467	2024-01-05 17:00:27	31	1	0	0
      467	2024-01-05 17:00:30	31	1	0	0
     2804	2024-01-05 17:00:41	31	1	0	0
     2804	2024-01-05 17:00:42	31	1	0	0
      209	2024-01-05 17:00:47	31	1	0	0
     1215	2024-01-05 17:00:50	31	1	0	0
     2973	2024-01-05 17:00:53	31	1	0	0
     2973	2024-01-05 17:00:56	31	1	0	0
      320	2024-01-05 17:01:04	31	1	0	0
      320	2024-01-05 17:01:06	31	1	0	0
      833	2024-01-05 17:01:11	31	1	0	0
      527	2024-01-05 17:01:15	31	1	0	0
      527	2024-01-05 17:01:16	31	1	0	0
     2706	2024-01-05 17:01:20	31	1	0	0
     2706	2024-01-05 17:01:21	31	1	0	0
      225	2024-01-05 17:01:26	31	1	0	0
      651	2024-01-05 17:01:30	31	1	0	0
      225	2024-01-05 17:01:35	31	1	0	0
      651	2024-01-05 17:01:38	31	1	0	0
     1773	2024-01-05 17:01:56	31	1	0	0
     1773	2024-01-05 17:01:57	31	1	0	0
     2090	2024-01-05 17:02:16	31	1	0	0
     2090	2024-01-05 17:02:18	31	1	0	0
     2860	2024-01-05 17:02:24	31	1	0	0
     2860	2024-01-05 17:02:26	31	1	0	0
     1280	2024-01-05 17:03:40	31	1	0	0
     2859	2024-01-05 17:04:29	31	1	0	0
      809	2024-01-05 17:04:51	31	1	0	0
      809	2024-01-05 17:04:53	31	1	0	0
     1053	2024-01-05 17:04:55	31	1	0	0
     1053	2024-01-05 17:04:56	31	1	0	0
     2834	2024-01-05 17:05:08	31	1	0	0
     2834	2024-01-05 17:05:10	31	1	0	0
      775	2024-01-05 17:05:26	31	1	0	0
      775	2024-01-05 17:05:27	31	1	0	0
     1898	2024-01-05 17:09:06	31	1	0	0
     2307	2024-01-05 17:10:22	31	1	0	0
     2307	2024-01-05 17:15:05	31	1	0	0
     2107	2024-01-05 17:15:18	31	1	0	0
     1773	2024-01-05 17:15:48	31	4	0	0
      775	2024-01-05 17:15:52	31	4	0	0
      775	2024-01-05 17:15:54	31	4	0	0
      564	2024-01-05 18:14:42	31	1	0	0
      775	2024-01-05 18:14:48	31	1	0	0
      775	2024-01-05 18:14:50	31	1	0	0
      833	2024-01-06 08:05:07	31	0	0	0
     2973	2024-01-06 08:05:46	31	0	0	0
     2973	2024-01-06 08:05:50	31	0	0	0
     2834	2024-01-06 08:36:57	31	0	0	0
     2834	2024-01-06 08:36:59	31	0	0	0
      527	2024-01-06 08:40:07	31	0	0	0
      527	2024-01-06 08:40:08	31	0	0	0
      775	2024-01-06 08:54:27	31	0	0	0
      775	2024-01-06 08:54:28	31	0	0	0
     2350	2024-01-06 09:01:57	31	0	0	0
     1215	2024-01-06 09:54:34	31	0	0	0
     1280	2024-01-06 10:30:02	31	0	0	0
     1773	2024-01-06 10:38:50	31	0	0	0
      775	2024-01-06 12:04:00	31	1	0	0
     1280	2024-01-06 12:09:07	31	1	0	0
     1215	2024-01-06 12:09:13	31	1	0	0
     1773	2024-01-06 12:09:25	31	1	0	0
     2834	2024-01-06 12:09:36	31	1	0	0
     2834	2024-01-06 12:09:38	31	1	0	0
     2350	2024-01-06 12:12:45	31	1	0	0
     2350	2024-01-06 12:18:52	31	0	0	0
      775	2024-01-06 12:18:58	31	0	0	0
     1215	2024-01-06 12:19:41	31	0	0	0
     2834	2024-01-06 12:21:36	31	0	0	0
     2834	2024-01-06 12:21:37	31	0	0	0
     2834	2024-01-06 12:21:39	31	0	0	0
     1280	2024-01-06 12:22:06	31	0	0	0
     2973	2024-01-06 12:26:57	31	1	0	0
     2973	2024-01-06 12:27:00	31	1	0	0
      527	2024-01-06 12:27:06	31	1	0	0
      527	2024-01-06 12:28:06	31	0	0	0
     2973	2024-01-06 12:28:09	31	0	0	0
      833	2024-01-06 12:30:31	31	1	0	0
      833	2024-01-06 12:31:32	31	0	0	0
     1773	2024-01-06 12:43:41	31	0	0	0
      775	2024-01-06 14:11:34	31	1	0	0
      775	2024-01-06 14:11:36	31	1	0	0
     1773	2024-01-06 14:40:17	31	1	0	0
     1773	2024-01-06 14:40:20	31	1	0	0
     2973	2024-01-06 15:44:45	31	0	0	0
     2973	2024-01-06 15:44:55	31	1	0	0
     2973	2024-01-06 15:44:59	31	1	0	0
     1280	2024-01-06 15:54:05	31	1	0	0
      833	2024-01-06 16:30:05	31	1	0	0
      527	2024-01-06 16:31:59	31	1	0	0
      527	2024-01-06 16:32:00	31	1	0	0
     2834	2024-01-06 17:00:07	31	1	0	0
     2834	2024-01-06 17:00:08	31	1	0	0
     2834	2024-01-06 17:00:10	31	1	0	0
     1215	2024-01-06 17:00:12	31	1	0	0
     1215	2024-01-06 17:00:13	31	1	0	0
     2350	2024-01-06 17:04:41	31	1	0	0
     2834	2024-01-07 08:36:18	31	0	0	0
     2834	2024-01-07 08:36:20	31	0	0	0
     2834	2024-01-07 12:01:21	31	1	0	0
     2834	2024-01-07 12:01:23	31	1	0	0
     2443	2024-01-07 12:07:09	31	0	0	0
     2443	2024-01-07 12:07:10	31	0	0	0
     2443	2024-01-07 12:07:12	31	0	0	0
     2350	2024-01-07 12:07:24	31	0	0	0
     2834	2024-01-07 12:07:54	31	0	0	0
     2834	2024-01-07 12:07:56	31	0	0	0
     2834	2024-01-07 12:08:04	31	0	0	0
     2443	2024-01-07 17:08:40	31	1	0	0
     2443	2024-01-07 17:08:42	31	1	0	0
     2834	2024-01-07 17:08:59	31	1	0	0
     2834	2024-01-07 17:09:00	31	1	0	0
     2350	2024-01-07 17:11:35	31	1	0	0
      833	2024-01-08 07:17:08	31	0	0	0
     2973	2024-01-08 07:28:58	31	0	0	0
     2973	2024-01-08 07:29:08	31	0	0	0
     1898	2024-01-08 07:31:37	31	0	0	0
     2107	2024-01-08 07:33:59	31	0	0	0
      467	2024-01-08 07:35:19	31	0	0	0
      467	2024-01-08 07:35:22	31	0	0	0
      225	2024-01-08 07:45:30	31	0	0	0
      809	2024-01-08 07:45:33	31	0	0	0
      225	2024-01-08 07:45:39	31	0	0	0
      809	2024-01-08 07:45:41	31	0	0	0
     2834	2024-01-08 07:46:44	31	0	0	0
     2834	2024-01-08 07:46:46	31	0	0	0
      564	2024-01-08 07:48:25	31	0	0	0
      775	2024-01-08 07:48:34	31	0	0	0
      775	2024-01-08 07:48:35	31	0	0	0
      651	2024-01-08 07:48:40	31	0	0	0
      651	2024-01-08 07:48:42	31	0	0	0
     2706	2024-01-08 07:50:02	31	0	0	0
     2706	2024-01-08 07:50:04	31	0	0	0
     2859	2024-01-08 07:51:48	31	0	0	0
      527	2024-01-08 07:52:59	31	0	0	0
      527	2024-01-08 07:53:01	31	0	0	0
     1773	2024-01-08 07:53:05	31	0	0	0
     1773	2024-01-08 07:53:07	31	0	0	0
     1053	2024-01-08 07:53:36	31	0	0	0
     1053	2024-01-08 07:53:37	31	0	0	0
     1088	2024-01-08 07:54:04	31	0	0	0
     1215	2024-01-08 07:56:08	31	0	0	0
     1215	2024-01-08 07:56:10	31	0	0	0
     2443	2024-01-08 07:56:19	31	0	0	0
     2443	2024-01-08 07:56:21	31	0	0	0
     1280	2024-01-08 07:56:53	31	0	0	0
     2860	2024-01-08 07:57:09	31	0	0	0
     2090	2024-01-08 07:59:15	31	0	0	0
     2090	2024-01-08 07:59:16	31	0	0	0
      432	2024-01-08 07:59:22	31	0	0	0
      432	2024-01-08 07:59:28	31	0	0	0
     2307	2024-01-08 07:59:33	31	0	0	0
     2350	2024-01-08 08:04:50	31	0	0	0
     2834	2024-01-08 12:00:16	31	1	0	0
     2834	2024-01-08 12:00:21	31	1	0	0
     2307	2024-01-08 12:00:43	31	1	0	0
     1215	2024-01-08 12:00:56	31	1	0	0
     2973	2024-01-08 12:01:01	31	1	0	0
     2973	2024-01-08 12:01:04	31	1	0	0
     2706	2024-01-08 12:03:16	31	1	0	0
      527	2024-01-08 12:03:41	31	1	0	0
     2350	2024-01-08 12:04:29	31	1	0	0
      775	2024-01-08 12:04:46	31	1	0	0
      651	2024-01-08 12:05:08	31	1	0	0
     1773	2024-01-08 12:05:12	31	1	0	0
     2443	2024-01-08 12:05:21	31	1	0	0
     2443	2024-01-08 12:05:23	31	1	0	0
      225	2024-01-08 12:05:36	31	1	0	0
      809	2024-01-08 12:05:51	31	1	0	0
      775	2024-01-08 12:06:01	31	0	0	0
     2307	2024-01-08 12:06:06	31	0	0	0
     2706	2024-01-08 12:06:10	31	0	0	0
      527	2024-01-08 12:07:00	31	0	0	0
     2350	2024-01-08 12:07:15	31	0	0	0
      225	2024-01-08 12:07:34	31	0	0	0
     1088	2024-01-08 12:08:36	31	1	0	0
     2443	2024-01-08 12:10:25	31	0	0	0
     2443	2024-01-08 12:10:26	31	0	0	0
      467	2024-01-08 12:10:43	31	1	0	0
      467	2024-01-08 12:10:48	31	0	0	0
     2834	2024-01-08 12:11:22	31	0	0	0
     2834	2024-01-08 12:11:23	31	0	0	0
     1773	2024-01-08 12:11:56	31	0	0	0
      651	2024-01-08 12:17:07	31	0	0	0
     2973	2024-01-08 12:17:14	31	0	0	0
     2107	2024-01-08 12:17:46	31	1	0	0
     1898	2024-01-08 12:21:08	31	1	0	0
      833	2024-01-08 12:21:23	31	1	0	0
     1215	2024-01-08 12:21:33	31	0	0	0
     2107	2024-01-08 12:21:42	31	0	0	0
      833	2024-01-08 12:22:04	31	0	0	0
      432	2024-01-08 12:25:16	31	1	0	0
     2860	2024-01-08 12:28:49	31	1	0	0
     1280	2024-01-08 12:28:55	31	1	0	0
     1280	2024-01-08 12:32:12	31	0	0	0
     1053	2024-01-08 12:33:25	31	1	0	0
     1088	2024-01-08 12:33:41	31	0	0	0
     2860	2024-01-08 12:33:54	31	0	0	0
      809	2024-01-08 12:35:15	31	0	0	0
     2090	2024-01-08 12:35:20	31	0	0	0
     2090	2024-01-08 12:35:24	31	1	0	0
     2859	2024-01-08 12:35:56	31	0	0	0
     1053	2024-01-08 12:37:06	31	0	0	0
     2859	2024-01-08 12:39:33	31	0	0	0
      432	2024-01-08 12:41:47	31	0	0	0
     2090	2024-01-08 12:42:33	31	0	0	0
     2090	2024-01-08 12:42:37	31	0	0	0
     1898	2024-01-08 12:48:13	31	0	0	0
      564	2024-01-08 12:50:34	31	1	0	0
      564	2024-01-08 12:51:06	31	0	0	0
     2834	2024-01-08 15:14:51	31	1	0	0
     2834	2024-01-08 15:14:55	31	1	0	0
      651	2024-01-08 17:00:48	31	1	0	0
      651	2024-01-08 17:00:50	31	1	0	0
     2090	2024-01-08 17:01:02	31	1	0	0
     2090	2024-01-08 17:01:05	31	1	0	0
     2706	2024-01-08 17:01:17	31	1	0	0
     2706	2024-01-08 17:01:18	31	1	0	0
      809	2024-01-08 17:01:29	31	1	0	0
     2307	2024-01-08 17:01:43	31	1	0	0
      833	2024-01-08 17:01:59	31	1	0	0
      467	2024-01-08 17:02:08	31	1	0	0
      467	2024-01-08 17:02:11	31	1	0	0
     2973	2024-01-08 17:02:21	31	1	0	0
      775	2024-01-08 17:02:33	31	1	0	0
      775	2024-01-08 17:02:35	31	1	0	0
     1215	2024-01-08 17:02:42	31	1	0	0
     1053	2024-01-08 17:02:56	31	1	0	0
     1053	2024-01-08 17:02:58	31	1	0	0
      225	2024-01-08 17:03:08	31	1	0	0
     2443	2024-01-08 17:03:19	31	1	0	0
     2443	2024-01-08 17:03:21	31	1	0	0
     2859	2024-01-08 17:05:16	31	1	0	0
     1280	2024-01-08 17:05:21	31	1	0	0
     2860	2024-01-08 17:05:28	31	1	0	0
     2860	2024-01-08 17:05:29	31	1	0	0
     1773	2024-01-08 17:06:10	31	1	0	0
     1773	2024-01-08 17:06:14	31	1	0	0
     2090	2024-01-08 17:06:21	31	0	0	0
     2090	2024-01-08 17:06:25	31	0	0	0
     2090	2024-01-08 17:06:31	31	4	0	0
     2860	2024-01-08 17:09:56	31	4	0	0
     1280	2024-01-08 17:10:02	31	4	0	0
     2859	2024-01-08 17:10:27	31	0	0	0
     2859	2024-01-08 17:10:34	31	4	0	0
     1898	2024-01-08 17:10:47	31	1	0	0
      564	2024-01-08 17:10:58	31	1	0	0
      775	2024-01-08 17:13:51	31	4	0	0
      775	2024-01-08 17:13:53	31	4	0	0
     2107	2024-01-08 17:24:26	31	1	0	0
     1898	2024-01-08 17:29:39	31	4	0	0
      432	2024-01-08 17:37:36	31	1	0	0
      432	2024-01-08 17:37:47	31	1	0	0
      527	2024-01-08 17:48:34	31	1	0	0
     1088	2024-01-08 18:01:52	31	1	0	0
     1088	2024-01-08 18:01:56	31	1	0	0
     2350	2024-01-08 18:12:41	31	1	0	0
     2860	2024-01-08 19:31:43	31	5	0	0
      775	2024-01-08 19:33:32	31	5	0	0
      775	2024-01-08 19:33:34	31	5	0	0
     1898	2024-01-08 19:33:52	31	5	0	0
     1280	2024-01-08 19:34:04	31	5	0	0
     2090	2024-01-08 19:34:35	31	0	0	0
     2090	2024-01-08 19:34:45	31	5	0	0
     2090	2024-01-08 19:34:46	31	5	0	0
     2859	2024-01-08 19:34:56	31	5	0	0
      833	2024-01-09 07:10:12	31	0	0	0
     2973	2024-01-09 07:37:33	31	0	0	0
     2973	2024-01-09 07:37:36	31	0	0	0
     2804	2024-01-09 07:40:20	31	0	0	0
     2804	2024-01-09 07:40:26	31	0	0	0
     2107	2024-01-09 07:43:27	31	0	0	0
      564	2024-01-09 07:44:09	31	0	0	0
      775	2024-01-09 07:44:21	31	0	0	0
      775	2024-01-09 07:44:23	31	0	0	0
     2350	2024-01-09 07:44:27	31	0	0	0
     1898	2024-01-09 07:45:24	31	0	0	0
      651	2024-01-09 07:47:20	31	0	0	0
      651	2024-01-09 07:47:22	31	0	0	0
     1053	2024-01-09 07:47:43	31	0	0	0
     1053	2024-01-09 07:47:45	31	0	0	0
     2706	2024-01-09 07:48:06	31	0	0	0
     2706	2024-01-09 07:48:09	31	0	0	0
     2443	2024-01-09 07:50:17	31	0	0	0
     2443	2024-01-09 07:50:19	31	0	0	0
     1215	2024-01-09 07:50:22	31	0	0	0
     1215	2024-01-09 07:50:23	31	0	0	0
     1280	2024-01-09 07:50:56	31	0	0	0
     1088	2024-01-09 07:52:52	31	0	0	0
     2859	2024-01-09 07:53:10	31	0	0	0
     2834	2024-01-09 07:53:13	31	0	0	0
     2834	2024-01-09 07:53:19	31	0	0	0
      320	2024-01-09 07:54:31	31	0	0	0
      320	2024-01-09 07:54:33	31	0	0	0
      225	2024-01-09 07:56:20	31	0	0	0
      225	2024-01-09 07:56:26	31	0	0	0
      209	2024-01-09 07:58:03	31	0	0	0
     2307	2024-01-09 07:58:06	31	0	0	0
     2860	2024-01-09 07:58:12	31	0	0	0
      527	2024-01-09 07:58:26	31	0	0	0
      527	2024-01-09 07:58:27	31	0	0	0
     1773	2024-01-09 08:00:33	31	0	0	0
     1773	2024-01-09 08:00:35	31	0	0	0
      432	2024-01-09 08:52:25	31	0	0	0
      432	2024-01-09 08:52:29	31	0	0	0
      467	2024-01-09 11:58:48	31	0	0	0
      467	2024-01-09 11:58:51	31	0	0	0
     2307	2024-01-09 12:00:08	31	1	0	0
     2804	2024-01-09 12:01:32	31	1	0	0
     1215	2024-01-09 12:01:43	31	1	0	0
     2973	2024-01-09 12:01:47	31	1	0	0
      651	2024-01-09 12:01:55	31	1	0	0
     2834	2024-01-09 12:02:16	31	0	0	0
     2834	2024-01-09 12:02:17	31	0	0	0
     2107	2024-01-09 12:02:33	31	1	0	0
     2307	2024-01-09 12:02:47	31	0	0	0
      527	2024-01-09 12:03:03	31	1	0	0
     1088	2024-01-09 12:03:07	31	1	0	0
      320	2024-01-09 12:03:17	31	1	0	0
     1053	2024-01-09 12:03:53	31	1	0	0
     1898	2024-01-09 12:04:09	31	1	0	0
     1773	2024-01-09 12:04:26	31	1	0	0
      775	2024-01-09 12:04:28	31	1	0	0
     2834	2024-01-09 12:04:40	31	0	0	0
     2834	2024-01-09 12:04:42	31	0	0	0
     2860	2024-01-09 12:04:49	31	1	0	0
      651	2024-01-09 12:04:59	31	0	0	0
     1280	2024-01-09 12:05:11	31	1	0	0
      527	2024-01-09 12:05:28	31	0	0	0
      775	2024-01-09 12:05:48	31	0	0	0
     2706	2024-01-09 12:06:20	31	1	0	0
     2804	2024-01-09 12:06:26	31	0	0	0
      833	2024-01-09 12:06:32	31	1	0	0
     2973	2024-01-09 12:06:44	31	0	0	0
     2443	2024-01-09 12:07:00	31	1	0	0
     2443	2024-01-09 12:07:01	31	1	0	0
     1215	2024-01-09 12:07:07	31	0	0	0
     2860	2024-01-09 12:07:16	31	0	0	0
     2443	2024-01-09 12:08:10	31	0	0	0
     2443	2024-01-09 12:08:12	31	0	0	0
     2859	2024-01-09 12:08:29	31	1	0	0
     2859	2024-01-09 12:08:30	31	1	0	0
     1053	2024-01-09 12:11:43	31	0	0	0
      320	2024-01-09 12:12:09	31	0	0	0
     1773	2024-01-09 12:12:15	31	0	0	0
     2350	2024-01-09 12:15:25	31	1	0	0
     2859	2024-01-09 12:18:14	31	0	0	0
      833	2024-01-09 12:19:17	31	0	0	0
     2107	2024-01-09 12:22:15	31	0	0	0
     2706	2024-01-09 12:24:58	31	0	0	0
     1088	2024-01-09 12:27:09	31	0	0	0
     2350	2024-01-09 12:30:22	31	0	0	0
     1898	2024-01-09 12:31:25	31	0	0	0
      809	2024-01-09 12:32:27	31	0	0	0
      564	2024-01-09 12:34:50	31	1	0	0
      564	2024-01-09 12:35:03	31	0	0	0
      225	2024-01-09 12:40:54	31	1	0	0
      432	2024-01-09 12:41:21	31	1	0	0
      225	2024-01-09 12:47:49	31	0	0	0
      432	2024-01-09 12:48:41	31	0	0	0
      209	2024-01-09 12:58:06	31	1	0	0
      209	2024-01-09 13:00:07	31	0	0	0
     2804	2024-01-09 17:00:19	31	1	0	0
     2804	2024-01-09 17:00:21	31	1	0	0
      833	2024-01-09 17:00:27	31	1	0	0
     2973	2024-01-09 17:00:32	31	1	0	0
      209	2024-01-09 17:00:37	31	1	0	0
      320	2024-01-09 17:00:39	31	1	0	0
      320	2024-01-09 17:00:41	31	1	0	0
     1215	2024-01-09 17:00:49	31	1	0	0
     2443	2024-01-09 17:00:54	31	1	0	0
     2443	2024-01-09 17:00:55	31	1	0	0
     2307	2024-01-09 17:01:03	31	1	0	0
     2706	2024-01-09 17:01:27	31	1	0	0
      775	2024-01-09 17:02:00	31	1	0	0
      775	2024-01-09 17:02:02	31	1	0	0
     2107	2024-01-09 17:02:39	31	1	0	0
     2834	2024-01-09 17:02:53	31	1	0	0
     2834	2024-01-09 17:02:54	31	1	0	0
     2859	2024-01-09 17:02:59	31	1	0	0
      225	2024-01-09 17:03:13	31	1	0	0
     2860	2024-01-09 17:03:37	31	1	0	0
     1773	2024-01-09 17:03:41	31	1	0	0
     2350	2024-01-09 17:04:20	31	1	0	0
      527	2024-01-09 17:04:42	31	1	0	0
      527	2024-01-09 17:04:51	31	1	0	0
     2706	2024-01-09 17:04:57	31	4	0	0
      809	2024-01-09 17:05:01	31	1	0	0
      809	2024-01-09 17:05:03	31	1	0	0
     1053	2024-01-09 17:05:06	31	1	0	0
     1053	2024-01-09 17:05:08	31	1	0	0
      564	2024-01-09 17:05:12	31	1	0	0
      651	2024-01-09 17:05:20	31	1	0	0
      651	2024-01-09 17:05:23	31	1	0	0
     1088	2024-01-09 17:05:28	31	1	0	0
     1088	2024-01-09 17:05:32	31	1	0	0
     2859	2024-01-09 17:05:51	31	4	0	0
     1773	2024-01-09 17:06:02	31	4	0	0
     1773	2024-01-09 17:06:03	31	4	0	0
     2834	2024-01-09 17:06:06	31	4	0	0
     2834	2024-01-09 17:06:07	31	4	0	0
     2860	2024-01-09 17:07:13	31	4	0	0
      527	2024-01-09 17:08:10	31	4	0	0
     1088	2024-01-09 17:08:14	31	4	0	0
     2350	2024-01-09 17:08:24	31	4	0	0
     1898	2024-01-09 17:08:49	31	1	0	0
      775	2024-01-09 17:12:07	31	4	0	0
      775	2024-01-09 17:12:09	31	4	0	0
      432	2024-01-09 17:16:09	31	1	0	0
     2834	2024-01-09 19:30:30	31	5	0	0
     2834	2024-01-09 19:30:31	31	5	0	0
      527	2024-01-09 19:30:35	31	5	0	0
      527	2024-01-09 19:30:36	31	5	0	0
      775	2024-01-09 19:30:58	31	5	0	0
      775	2024-01-09 19:31:02	31	5	0	0
     1088	2024-01-09 19:31:08	31	5	0	0
     1088	2024-01-09 19:31:12	31	5	0	0
     1773	2024-01-09 19:31:15	31	5	0	0
     1773	2024-01-09 19:31:19	31	5	0	0
     2860	2024-01-09 19:31:26	31	5	0	0
     2706	2024-01-09 19:31:35	31	5	0	0
     2859	2024-01-09 19:31:40	31	5	0	0
     2350	2024-01-09 19:31:44	31	5	0	0
     1898	2024-01-09 19:35:26	31	5	0	0
      833	2024-01-10 07:04:56	31	0	0	0
     2973	2024-01-10 07:35:52	31	0	0	0
     2834	2024-01-10 07:37:14	31	0	0	0
     2834	2024-01-10 07:37:16	31	0	0	0
     2804	2024-01-10 07:38:19	31	0	0	0
     2804	2024-01-10 07:38:22	31	0	0	0
      564	2024-01-10 07:39:18	31	0	0	0
      775	2024-01-10 07:39:34	31	0	0	0
      775	2024-01-10 07:39:35	31	0	0	0
     1898	2024-01-10 07:39:48	31	0	0	0
     2443	2024-01-10 07:39:58	31	0	0	0
     2443	2024-01-10 07:39:59	31	0	0	0
      651	2024-01-10 07:42:17	31	0	0	0
      651	2024-01-10 07:42:19	31	0	0	0
      320	2024-01-10 07:45:38	31	0	0	0
      320	2024-01-10 07:45:40	31	0	0	0
     2706	2024-01-10 07:45:48	31	0	0	0
     2706	2024-01-10 07:45:50	31	0	0	0
     2350	2024-01-10 07:47:10	31	0	0	0
      809	2024-01-10 07:47:39	31	0	0	0
     1053	2024-01-10 07:51:06	31	0	0	0
     1053	2024-01-10 07:51:07	31	0	0	0
     1088	2024-01-10 07:52:02	31	0	0	0
     1215	2024-01-10 07:52:45	31	0	0	0
      527	2024-01-10 07:54:13	31	0	0	0
      527	2024-01-10 07:54:15	31	0	0	0
     2859	2024-01-10 07:54:20	31	0	0	0
      209	2024-01-10 07:59:06	31	0	0	0
     2860	2024-01-10 07:59:17	31	0	0	0
     2860	2024-01-10 07:59:18	31	0	0	0
     2107	2024-01-10 08:03:29	31	0	0	0
      225	2024-01-10 08:04:03	31	0	0	0
      225	2024-01-10 08:04:14	31	0	0	0
     1773	2024-01-10 08:06:43	31	0	0	0
     2307	2024-01-10 08:20:27	31	0	0	0
      432	2024-01-10 08:40:31	31	0	0	0
      432	2024-01-10 08:40:35	31	0	0	0
     1280	2024-01-10 08:45:34	31	0	0	0
      467	2024-01-10 09:56:58	31	0	0	0
      467	2024-01-10 09:57:01	31	0	0	0
     2307	2024-01-10 12:00:38	31	1	0	0
      651	2024-01-10 12:00:48	31	1	0	0
      775	2024-01-10 12:00:50	31	1	0	0
     2706	2024-01-10 12:00:56	31	1	0	0
      775	2024-01-10 12:01:06	31	0	0	0
      225	2024-01-10 12:02:00	31	1	0	0
     2307	2024-01-10 12:02:06	31	0	0	0
      527	2024-01-10 12:02:23	31	1	0	0
      320	2024-01-10 12:02:30	31	1	0	0
      809	2024-01-10 12:02:33	31	1	0	0
     2804	2024-01-10 12:02:38	31	1	0	0
     1215	2024-01-10 12:02:57	31	1	0	0
     1088	2024-01-10 12:03:04	31	1	0	0
     2443	2024-01-10 12:03:09	31	1	0	0
     2443	2024-01-10 12:03:10	31	1	0	0
     2973	2024-01-10 12:03:16	31	1	0	0
     2973	2024-01-10 12:03:19	31	1	0	0
     2350	2024-01-10 12:03:35	31	1	0	0
     1053	2024-01-10 12:03:56	31	1	0	0
     2706	2024-01-10 12:04:05	31	0	0	0
     2350	2024-01-10 12:05:10	31	0	0	0
      651	2024-01-10 12:05:46	31	0	0	0
     1773	2024-01-10 12:06:24	31	1	0	0
     2973	2024-01-10 12:06:29	31	1	0	0
     2804	2024-01-10 12:07:09	31	0	0	0
     2834	2024-01-10 12:07:21	31	1	0	0
     2834	2024-01-10 12:07:23	31	1	0	0
      467	2024-01-10 12:08:54	31	1	0	0
     1053	2024-01-10 12:10:14	31	0	0	0
      527	2024-01-10 12:10:17	31	0	0	0
     1088	2024-01-10 12:10:21	31	0	0	0
     1773	2024-01-10 12:10:45	31	0	0	0
      320	2024-01-10 12:12:31	31	0	0	0
      225	2024-01-10 12:12:41	31	0	0	0
     2107	2024-01-10 12:13:08	31	1	0	0
     1280	2024-01-10 12:13:25	31	1	0	0
     2859	2024-01-10 12:13:29	31	1	0	0
     2860	2024-01-10 12:13:39	31	1	0	0
     2834	2024-01-10 12:15:19	31	0	0	0
     2834	2024-01-10 12:15:20	31	0	0	0
     1280	2024-01-10 12:16:02	31	0	0	0
     2860	2024-01-10 12:16:06	31	0	0	0
     2859	2024-01-10 12:16:50	31	0	0	0
      833	2024-01-10 12:17:18	31	1	0	0
      432	2024-01-10 12:17:26	31	1	0	0
      809	2024-01-10 12:20:13	31	0	0	0
     2107	2024-01-10 12:25:29	31	0	0	0
      564	2024-01-10 12:37:50	31	1	0	0
      564	2024-01-10 12:38:02	31	0	0	0
      833	2024-01-10 12:41:47	31	0	0	0
      467	2024-01-10 12:42:06	31	0	0	0
     1215	2024-01-10 12:42:24	31	0	0	0
     2443	2024-01-10 12:42:26	31	0	0	0
     2443	2024-01-10 12:42:28	31	0	0	0
      209	2024-01-10 12:58:19	31	1	0	0
      209	2024-01-10 13:00:07	31	0	0	0
      651	2024-01-10 17:00:07	31	1	0	0
      651	2024-01-10 17:00:08	31	1	0	0
      775	2024-01-10 17:00:09	31	1	0	0
      775	2024-01-10 17:00:11	31	1	0	0
     1773	2024-01-10 17:00:13	31	1	0	0
     1773	2024-01-10 17:00:14	31	1	0	0
      320	2024-01-10 17:00:20	31	1	0	0
      320	2024-01-10 17:00:22	31	1	0	0
      209	2024-01-10 17:00:43	31	1	0	0
     2350	2024-01-10 17:00:54	31	1	0	0
     2350	2024-01-10 17:00:57	31	1	0	0
      467	2024-01-10 17:01:10	31	1	0	0
      467	2024-01-10 17:01:13	31	1	0	0
     2804	2024-01-10 17:01:40	31	1	0	0
     2804	2024-01-10 17:01:42	31	1	0	0
     2973	2024-01-10 17:01:46	31	1	0	0
     2973	2024-01-10 17:01:50	31	1	0	0
     1215	2024-01-10 17:01:54	31	1	0	0
     1215	2024-01-10 17:01:55	31	1	0	0
      833	2024-01-10 17:02:06	31	1	0	0
      833	2024-01-10 17:02:08	31	1	0	0
     2443	2024-01-10 17:02:10	31	1	0	0
     2443	2024-01-10 17:02:12	31	1	0	0
     2834	2024-01-10 17:02:17	31	1	0	0
     2834	2024-01-10 17:02:18	31	1	0	0
      527	2024-01-10 17:02:27	31	1	0	0
      527	2024-01-10 17:02:29	31	1	0	0
      225	2024-01-10 17:03:10	31	1	0	0
     2706	2024-01-10 17:03:15	31	1	0	0
      467	2024-01-10 17:04:46	31	1	0	0
      467	2024-01-10 17:04:49	31	1	0	0
     1898	2024-01-10 17:05:03	31	1	0	0
      564	2024-01-10 17:05:32	31	1	0	0
     2834	2024-01-10 17:06:03	31	4	0	0
     2834	2024-01-10 17:06:05	31	4	0	0
     2706	2024-01-10 17:06:21	31	4	0	0
      775	2024-01-10 17:06:33	31	1	0	0
      775	2024-01-10 17:06:35	31	1	0	0
     1280	2024-01-10 17:07:47	31	1	0	0
      809	2024-01-10 17:07:50	31	1	0	0
     1053	2024-01-10 17:07:53	31	1	0	0
     2860	2024-01-10 17:08:08	31	1	0	0
     2859	2024-01-10 17:08:15	31	1	0	0
     2307	2024-01-10 17:09:53	31	1	0	0
     1898	2024-01-10 17:11:56	31	4	0	0
     2859	2024-01-10 17:12:00	31	4	0	0
     2860	2024-01-10 17:12:03	31	4	0	0
     2860	2024-01-10 17:12:11	31	4	0	0
     1088	2024-01-10 17:12:27	31	1	0	0
      527	2024-01-10 17:13:06	31	4	0	0
      809	2024-01-10 17:13:11	31	4	0	0
     1053	2024-01-10 17:13:15	31	4	0	0
     1088	2024-01-10 17:19:41	31	4	0	0
     2107	2024-01-10 17:33:46	31	1	0	0
      432	2024-01-10 17:55:07	31	1	0	0
      527	2024-01-10 19:30:16	31	5	0	0
      527	2024-01-10 19:30:18	31	5	0	0
     2706	2024-01-10 19:31:19	31	5	0	0
     2860	2024-01-10 19:31:22	31	5	0	0
      809	2024-01-10 19:31:28	31	5	0	0
     2859	2024-01-10 19:31:39	31	5	0	0
     1053	2024-01-10 19:31:44	31	5	0	0
     1053	2024-01-10 19:31:47	31	5	0	0
     1088	2024-01-10 19:32:04	31	5	0	0
     2859	2024-01-10 19:32:53	31	5	0	0
     2834	2024-01-10 19:32:59	31	5	0	0
     2834	2024-01-10 19:33:02	31	5	0	0
     1898	2024-01-10 19:33:06	31	5	0	0
     1898	2024-01-10 19:33:09	31	5	0	0
      833	2024-01-11 07:21:51	31	0	0	0
     2973	2024-01-11 07:34:19	31	0	0	0
     2973	2024-01-11 07:34:25	31	0	0	0
     2090	2024-01-11 07:35:54	31	0	0	0
     2090	2024-01-11 07:35:55	31	0	0	0
      564	2024-01-11 07:37:39	31	0	0	0
      651	2024-01-11 07:40:59	31	0	0	0
      651	2024-01-11 07:41:00	31	0	0	0
     2706	2024-01-11 07:42:29	31	0	0	0
     2706	2024-01-11 07:42:31	31	0	0	0
     2804	2024-01-11 07:43:39	31	0	0	0
     2804	2024-01-11 07:43:44	31	0	0	0
      467	2024-01-11 07:44:08	31	0	0	0
      809	2024-01-11 07:48:01	31	0	0	0
     1898	2024-01-11 07:48:11	31	0	0	0
      209	2024-01-11 07:50:48	31	0	0	0
     1053	2024-01-11 07:51:15	31	0	0	0
     1053	2024-01-11 07:51:17	31	0	0	0
     2107	2024-01-11 07:53:14	31	0	0	0
     2443	2024-01-11 07:53:53	31	0	0	0
     2443	2024-01-11 07:53:55	31	0	0	0
     1215	2024-01-11 07:53:59	31	0	0	0
      225	2024-01-11 07:54:11	31	0	0	0
      225	2024-01-11 07:54:23	31	0	0	0
      320	2024-01-11 07:55:06	31	0	0	0
      320	2024-01-11 07:55:08	31	0	0	0
     2350	2024-01-11 07:57:14	31	0	0	0
     2859	2024-01-11 07:57:21	31	0	0	0
     2859	2024-01-11 07:57:34	31	0	0	0
     2307	2024-01-11 07:57:42	31	0	0	0
     2860	2024-01-11 07:58:06	31	0	0	0
     1280	2024-01-11 07:59:19	31	0	0	0
      432	2024-01-11 08:00:28	31	0	0	0
      432	2024-01-11 08:00:30	31	0	0	0
     1773	2024-01-11 08:01:24	31	0	0	0
      527	2024-01-11 08:05:31	31	0	0	0
      527	2024-01-11 08:05:32	31	0	0	0
     2307	2024-01-11 12:00:39	31	1	0	0
     2973	2024-01-11 12:01:03	31	1	0	0
      527	2024-01-11 12:01:34	31	1	0	0
     1773	2024-01-11 12:01:54	31	1	0	0
      651	2024-01-11 12:02:12	31	1	0	0
      467	2024-01-11 12:02:21	31	1	0	0
     2307	2024-01-11 12:02:41	31	0	0	0
     2804	2024-01-11 12:03:05	31	1	0	0
     2973	2024-01-11 12:03:41	31	0	0	0
      651	2024-01-11 12:03:48	31	0	0	0
     2350	2024-01-11 12:04:04	31	1	0	0
     2804	2024-01-11 12:08:36	31	0	0	0
     1215	2024-01-11 12:08:46	31	0	0	0
      833	2024-01-11 12:12:51	31	1	0	0
      467	2024-01-11 12:13:06	31	0	0	0
      833	2024-01-11 12:13:14	31	0	0	0
      809	2024-01-11 12:14:07	31	1	0	0
      225	2024-01-11 12:14:11	31	1	0	0
     2706	2024-01-11 12:14:24	31	1	0	0
     2090	2024-01-11 12:14:34	31	1	0	0
      527	2024-01-11 12:15:38	31	0	0	0
     2107	2024-01-11 12:17:35	31	1	0	0
      320	2024-01-11 12:17:55	31	1	0	0
     1280	2024-01-11 12:18:29	31	1	0	0
     2860	2024-01-11 12:18:35	31	1	0	0
     2860	2024-01-11 12:18:36	31	1	0	0
      809	2024-01-11 12:19:15	31	0	0	0
      225	2024-01-11 12:19:19	31	0	0	0
     2859	2024-01-11 12:19:28	31	1	0	0
     1053	2024-01-11 12:19:39	31	1	0	0
     2706	2024-01-11 12:20:03	31	0	0	0
     2860	2024-01-11 12:20:39	31	0	0	0
      432	2024-01-11 12:20:49	31	1	0	0
     2350	2024-01-11 12:21:03	31	0	0	0
     1280	2024-01-11 12:21:23	31	0	0	0
     2859	2024-01-11 12:22:17	31	0	0	0
     1773	2024-01-11 12:22:24	31	0	0	0
     2107	2024-01-11 12:22:49	31	0	0	0
     2107	2024-01-11 12:22:57	31	0	0	0
     2443	2024-01-11 12:23:27	31	1	0	0
     2443	2024-01-11 12:23:28	31	1	0	0
     1898	2024-01-11 12:24:02	31	1	0	0
     1053	2024-01-11 12:31:08	31	0	0	0
      320	2024-01-11 12:31:13	31	0	0	0
      320	2024-01-11 12:31:26	31	0	0	0
     2443	2024-01-11 12:31:42	31	0	0	0
     2443	2024-01-11 12:31:45	31	0	0	0
     2090	2024-01-11 12:31:59	31	0	0	0
     1215	2024-01-11 12:35:35	31	0	0	0
      432	2024-01-11 12:38:08	31	0	0	0
      564	2024-01-11 12:42:35	31	1	0	0
      564	2024-01-11 12:43:03	31	0	0	0
     1898	2024-01-11 12:46:17	31	0	0	0
     1088	2024-01-11 12:53:13	31	0	0	0
      209	2024-01-11 12:58:10	31	1	0	0
      209	2024-01-11 13:00:05	31	0	0	0
     2804	2024-01-11 17:00:35	31	1	0	0
     2804	2024-01-11 17:00:37	31	1	0	0
      467	2024-01-11 17:00:46	31	1	0	0
      467	2024-01-11 17:00:49	31	1	0	0
     2973	2024-01-11 17:00:55	31	1	0	0
      225	2024-01-11 17:01:15	31	1	0	0
      209	2024-01-11 17:01:16	31	1	0	0
     2443	2024-01-11 17:01:24	31	0	0	0
     2443	2024-01-11 17:01:25	31	0	0	0
     2443	2024-01-11 17:01:29	31	1	0	0
     2443	2024-01-11 17:01:30	31	1	0	0
     1215	2024-01-11 17:01:33	31	1	0	0
     1773	2024-01-11 17:01:37	31	1	0	0
     1773	2024-01-11 17:01:40	31	1	0	0
      320	2024-01-11 17:01:45	31	1	0	0
      527	2024-01-11 17:02:13	31	1	0	0
      225	2024-01-11 17:03:36	31	1	0	0
     2307	2024-01-11 17:03:40	31	1	0	0
     1088	2024-01-11 17:03:49	31	1	0	0
     2859	2024-01-11 17:04:00	31	1	0	0
     1053	2024-01-11 17:04:05	31	1	0	0
     1280	2024-01-11 17:04:10	31	1	0	0
     2350	2024-01-11 17:04:15	31	1	0	0
     2860	2024-01-11 17:04:33	31	1	0	0
      809	2024-01-11 17:04:44	31	1	0	0
     1898	2024-01-11 17:05:23	31	1	0	0
     2090	2024-01-11 17:05:37	31	1	0	0
     2350	2024-01-11 17:06:06	31	0	0	0
     2350	2024-01-11 17:06:16	31	4	0	0
     2859	2024-01-11 17:06:27	31	4	0	0
     2107	2024-01-11 17:07:04	31	1	0	0
     1898	2024-01-11 17:09:06	31	4	0	0
     1053	2024-01-11 17:09:42	31	4	0	0
      833	2024-01-11 17:10:03	31	1	0	0
      809	2024-01-11 17:10:29	31	4	0	0
     2860	2024-01-11 17:10:34	31	4	0	0
     1280	2024-01-11 17:10:44	31	4	0	0
     2090	2024-01-11 17:31:57	31	1	0	0
      432	2024-01-11 18:06:04	31	1	0	0
     1280	2024-01-11 19:30:46	31	5	0	0
      809	2024-01-11 19:30:50	31	5	0	0
     2350	2024-01-11 19:30:55	31	5	0	0
     1053	2024-01-11 19:30:58	31	5	0	0
     1053	2024-01-11 19:31:00	31	5	0	0
     2859	2024-01-11 19:31:04	31	5	0	0
     2860	2024-01-11 19:31:09	31	0	0	0
     2860	2024-01-11 19:31:11	31	0	0	0
     2860	2024-01-11 19:31:17	31	5	0	0
     2860	2024-01-11 19:31:20	31	5	0	0
     1898	2024-01-11 19:31:29	31	5	0	0
      833	2024-01-12 07:26:16	31	0	0	0
     2090	2024-01-12 07:33:12	31	0	0	0
     2090	2024-01-12 07:33:14	31	0	0	0
     2804	2024-01-12 07:35:10	31	0	0	0
     2804	2024-01-12 07:35:13	31	0	0	0
     2973	2024-01-12 07:36:01	31	0	0	0
     2443	2024-01-12 07:38:44	31	0	0	0
     2443	2024-01-12 07:38:45	31	0	0	0
      467	2024-01-12 07:39:44	31	0	0	0
      467	2024-01-12 07:39:47	31	0	0	0
      651	2024-01-12 07:42:21	31	0	0	0
      651	2024-01-12 07:42:22	31	0	0	0
     2859	2024-01-12 07:45:45	31	0	0	0
      320	2024-01-12 07:46:40	31	0	0	0
      320	2024-01-12 07:46:42	31	0	0	0
      320	2024-01-12 07:46:58	31	0	0	0
     1898	2024-01-12 07:48:02	31	0	0	0
      564	2024-01-12 07:48:12	31	0	0	0
      775	2024-01-12 07:48:20	31	0	0	0
      775	2024-01-12 07:48:22	31	0	0	0
     1215	2024-01-12 07:48:38	31	0	0	0
     2834	2024-01-12 07:49:00	31	0	0	0
     2834	2024-01-12 07:49:02	31	0	0	0
     2706	2024-01-12 07:49:57	31	0	0	0
     2350	2024-01-12 07:52:51	31	0	0	0
      527	2024-01-12 07:54:20	31	0	0	0
      527	2024-01-12 07:54:23	31	0	0	0
      209	2024-01-12 07:54:43	31	0	0	0
      225	2024-01-12 07:55:17	31	0	0	0
      225	2024-01-12 07:55:22	31	0	0	0
      809	2024-01-12 07:57:07	31	0	0	0
     1773	2024-01-12 07:57:11	31	0	0	0
     1773	2024-01-12 07:57:13	31	0	0	0
      809	2024-01-12 07:57:18	31	0	0	0
     1280	2024-01-12 07:57:36	31	0	0	0
     1053	2024-01-12 07:57:52	31	0	0	0
     1053	2024-01-12 07:57:54	31	0	0	0
     1088	2024-01-12 07:58:13	31	0	0	0
     2307	2024-01-12 07:59:12	31	0	0	0
     2860	2024-01-12 07:59:36	31	0	0	0
     2860	2024-01-12 07:59:39	31	0	0	0
     2107	2024-01-12 08:05:25	31	0	0	0
      432	2024-01-12 08:29:51	31	0	0	0
     2706	2024-01-12 12:00:04	31	1	0	0
     2834	2024-01-12 12:00:07	31	1	0	0
     2834	2024-01-12 12:00:08	31	1	0	0
      775	2024-01-12 12:00:12	31	1	0	0
      320	2024-01-12 12:00:17	31	1	0	0
     2307	2024-01-12 12:00:22	31	1	0	0
      320	2024-01-12 12:00:26	31	1	0	0
     1773	2024-01-12 12:00:39	31	1	0	0
      527	2024-01-12 12:00:42	31	1	0	0
     1215	2024-01-12 12:00:44	31	1	0	0
      527	2024-01-12 12:00:46	31	1	0	0
     2107	2024-01-12 12:00:49	31	1	0	0
     1088	2024-01-12 12:00:53	31	1	0	0
     2804	2024-01-12 12:01:04	31	1	0	0
     2443	2024-01-12 12:01:14	31	1	0	0
     2443	2024-01-12 12:01:16	31	1	0	0
     2443	2024-01-12 12:01:17	31	1	0	0
      651	2024-01-12 12:01:24	31	1	0	0
     2350	2024-01-12 12:01:31	31	1	0	0
      833	2024-01-12 12:01:37	31	1	0	0
     1898	2024-01-12 12:01:43	31	1	0	0
     2973	2024-01-12 12:01:53	31	1	0	0
     2307	2024-01-12 12:02:05	31	0	0	0
      775	2024-01-12 12:02:13	31	0	0	0
     2706	2024-01-12 12:02:17	31	0	0	0
     1773	2024-01-12 12:02:25	31	0	0	0
      651	2024-01-12 12:02:26	31	0	0	0
     1215	2024-01-12 12:04:12	31	0	0	0
      809	2024-01-12 12:04:54	31	1	0	0
     2860	2024-01-12 12:05:36	31	1	0	0
      833	2024-01-12 12:06:26	31	0	0	0
      564	2024-01-12 12:06:34	31	0	0	0
      564	2024-01-12 12:06:40	31	1	0	0
     2804	2024-01-12 12:06:48	31	0	0	0
      467	2024-01-12 12:06:58	31	1	0	0
     2834	2024-01-12 12:07:02	31	1	0	0
     2350	2024-01-12 12:07:06	31	0	0	0
      467	2024-01-12 12:07:10	31	0	0	0
     2834	2024-01-12 12:07:34	31	0	0	0
     2834	2024-01-12 12:07:35	31	0	0	0
     2860	2024-01-12 12:09:31	31	0	0	0
      320	2024-01-12 12:11:25	31	0	0	0
      527	2024-01-12 12:11:40	31	0	0	0
     2859	2024-01-12 12:11:51	31	1	0	0
     1088	2024-01-12 12:12:02	31	0	0	0
     1280	2024-01-12 12:12:20	31	1	0	0
      809	2024-01-12 12:12:47	31	0	0	0
     2973	2024-01-12 12:14:46	31	0	0	0
     2973	2024-01-12 12:14:49	31	0	0	0
     1280	2024-01-12 12:16:16	31	0	0	0
     2859	2024-01-12 12:16:21	31	0	0	0
     2107	2024-01-12 12:16:57	31	0	0	0
     2443	2024-01-12 12:20:32	31	0	0	0
     2443	2024-01-12 12:20:34	31	0	0	0
     1898	2024-01-12 12:20:37	31	0	0	0
     2090	2024-01-12 12:22:17	31	1	0	0
      432	2024-01-12 12:22:59	31	1	0	0
      225	2024-01-12 12:23:09	31	1	0	0
      564	2024-01-12 12:24:43	31	0	0	0
     2090	2024-01-12 12:25:02	31	0	0	0
     2090	2024-01-12 12:25:03	31	0	0	0
     1053	2024-01-12 12:26:57	31	1	0	0
     1053	2024-01-12 12:29:02	31	0	0	0
      225	2024-01-12 12:34:26	31	0	0	0
      209	2024-01-12 12:56:57	31	1	0	0
      209	2024-01-12 12:58:21	31	0	0	0
      432	2024-01-12 13:00:02	31	0	0	0
     2706	2024-01-12 17:00:08	31	1	0	0
     2706	2024-01-12 17:00:11	31	1	0	0
      320	2024-01-12 17:00:18	31	1	0	0
      320	2024-01-12 17:00:20	31	1	0	0
     2834	2024-01-12 17:00:24	31	1	0	0
     2834	2024-01-12 17:00:25	31	1	0	0
     1215	2024-01-12 17:00:29	31	1	0	0
     2804	2024-01-12 17:00:38	31	1	0	0
     2804	2024-01-12 17:00:39	31	1	0	0
      209	2024-01-12 17:00:43	31	1	0	0
      467	2024-01-12 17:01:30	31	1	0	0
      467	2024-01-12 17:01:33	31	1	0	0
      833	2024-01-12 17:01:37	31	1	0	0
     2973	2024-01-12 17:01:43	31	1	0	0
     2443	2024-01-12 17:01:52	31	1	0	0
     2443	2024-01-12 17:02:05	31	1	0	0
      651	2024-01-12 17:02:22	31	1	0	0
     1280	2024-01-12 17:03:11	31	1	0	0
     2860	2024-01-12 17:03:27	31	1	0	0
      225	2024-01-12 17:03:51	31	1	0	0
     2307	2024-01-12 17:04:00	31	1	0	0
     1088	2024-01-12 17:04:17	31	1	0	0
     1898	2024-01-12 17:04:18	31	1	0	0
     1088	2024-01-12 17:04:23	31	1	0	0
     1088	2024-01-12 17:04:26	31	1	0	0
      527	2024-01-12 17:04:29	31	1	0	0
      527	2024-01-12 17:04:31	31	1	0	0
      809	2024-01-12 17:04:33	31	1	0	0
      809	2024-01-12 17:04:34	31	1	0	0
      564	2024-01-12 17:04:40	31	1	0	0
     1053	2024-01-12 17:04:52	31	1	0	0
     2090	2024-01-12 17:04:56	31	1	0	0
     2090	2024-01-12 17:04:57	31	1	0	0
     2350	2024-01-12 17:05:03	31	1	0	0
     2834	2024-01-12 17:05:21	31	4	0	0
     2834	2024-01-12 17:05:22	31	4	0	0
     1773	2024-01-12 17:05:44	31	1	0	0
      775	2024-01-12 17:08:27	31	1	0	0
      775	2024-01-12 17:08:28	31	1	0	0
     1053	2024-01-12 17:08:35	31	4	0	0
      809	2024-01-12 17:08:38	31	4	0	0
     2860	2024-01-12 17:08:43	31	4	0	0
     1898	2024-01-12 17:08:59	31	4	0	0
     1280	2024-01-12 17:09:05	31	4	0	0
     2859	2024-01-12 17:09:30	31	1	0	0
     1773	2024-01-12 17:09:41	31	4	0	0
     1773	2024-01-12 17:09:45	31	4	0	0
     2350	2024-01-12 17:10:02	31	4	0	0
      527	2024-01-12 17:13:30	31	4	0	0
     1088	2024-01-12 17:13:35	31	4	0	0
      775	2024-01-12 17:16:11	31	4	0	0
      775	2024-01-12 17:16:12	31	4	0	0
      432	2024-01-12 17:16:22	31	1	0	0
     2107	2024-01-12 17:17:06	31	1	0	0
      432	2024-01-12 17:17:42	31	1	0	0
      527	2024-01-12 19:30:02	31	5	0	0
      527	2024-01-12 19:30:04	31	5	0	0
     1898	2024-01-12 19:30:09	31	5	0	0
     1773	2024-01-12 19:30:12	31	5	0	0
     1773	2024-01-12 19:30:13	31	5	0	0
     1280	2024-01-12 19:30:17	31	5	0	0
     2350	2024-01-12 19:30:20	31	5	0	0
     2860	2024-01-12 19:30:23	31	5	0	0
     2860	2024-01-12 19:30:27	31	5	0	0
     2350	2024-01-12 19:30:30	31	5	0	0
     1088	2024-01-12 19:30:33	31	5	0	0
     1053	2024-01-12 19:30:39	31	5	0	0
     2834	2024-01-12 19:30:43	31	5	0	0
     2834	2024-01-12 19:30:45	31	5	0	0
     2834	2024-01-12 19:30:47	31	5	0	0
      809	2024-01-12 19:30:49	31	5	0	0
      775	2024-01-12 19:31:07	31	5	0	0
      775	2024-01-12 19:31:08	31	5	0	0
     1898	2024-01-13 07:46:54	31	0	0	0
      833	2024-01-13 08:05:01	31	0	0	0
      527	2024-01-13 08:30:24	31	0	0	0
      527	2024-01-13 08:30:25	31	0	0	0
     2090	2024-01-13 08:34:54	31	0	0	0
     2090	2024-01-13 08:34:56	31	0	0	0
     2834	2024-01-13 08:43:32	31	0	0	0
     2834	2024-01-13 08:43:34	31	0	0	0
     2804	2024-01-13 08:53:23	31	0	0	0
     2804	2024-01-13 08:53:33	31	0	0	0
     1773	2024-01-13 09:25:10	31	0	0	0
     1215	2024-01-13 10:10:29	31	0	0	0
     2443	2024-01-13 10:10:47	31	0	0	0
     2443	2024-01-13 10:10:49	31	0	0	0
     2443	2024-01-13 10:10:50	31	0	0	0
     1280	2024-01-13 10:17:01	31	0	0	0
     2350	2024-01-13 10:17:04	31	0	0	0
     2350	2024-01-13 12:05:20	31	1	0	0
     2834	2024-01-13 12:05:27	31	1	0	0
     2834	2024-01-13 12:05:28	31	1	0	0
      527	2024-01-13 12:05:35	31	1	0	0
     1773	2024-01-13 12:05:40	31	1	0	0
     2834	2024-01-13 12:09:03	31	0	0	0
     2834	2024-01-13 12:09:04	31	0	0	0
     2804	2024-01-13 12:09:42	31	1	0	0
      833	2024-01-13 12:09:48	31	1	0	0
     2090	2024-01-13 12:10:09	31	1	0	0
      833	2024-01-13 12:10:16	31	0	0	0
     2804	2024-01-13 12:10:55	31	0	0	0
     1898	2024-01-13 12:11:15	31	1	0	0
     2443	2024-01-13 12:13:24	31	1	0	0
     2443	2024-01-13 12:13:25	31	1	0	0
     1215	2024-01-13 12:14:02	31	1	0	0
     1898	2024-01-13 12:14:08	31	0	0	0
     1280	2024-01-13 12:15:43	31	1	0	0
      527	2024-01-13 12:22:00	31	0	0	0
     1773	2024-01-13 12:22:03	31	0	0	0
     1280	2024-01-13 12:23:18	31	0	0	0
     2090	2024-01-13 12:24:32	31	0	0	0
     2090	2024-01-13 12:24:33	31	0	0	0
     2350	2024-01-13 12:28:36	31	0	0	0
     1215	2024-01-13 12:31:01	31	0	0	0
     2443	2024-01-13 12:31:08	31	0	0	0
     2443	2024-01-13 12:31:12	31	0	0	0
     1088	2024-01-13 12:43:21	31	0	0	0
     1773	2024-01-13 14:07:48	31	1	0	0
     1773	2024-01-13 14:07:50	31	1	0	0
     1280	2024-01-13 14:37:33	31	1	0	0
     2090	2024-01-13 15:44:31	31	1	0	0
     2090	2024-01-13 15:44:33	31	1	0	0
     1088	2024-01-13 16:17:55	31	1	0	0
     2804	2024-01-13 16:33:49	31	1	0	0
     2804	2024-01-13 16:33:55	31	1	0	0
     1215	2024-01-13 17:00:53	31	1	0	0
      527	2024-01-13 17:01:46	31	1	0	0
      527	2024-01-13 17:01:48	31	1	0	0
     2443	2024-01-13 17:01:52	31	1	0	0
     2443	2024-01-13 17:01:53	31	1	0	0
      833	2024-01-13 17:02:00	31	1	0	0
     2834	2024-01-13 17:02:47	31	1	0	0
     2834	2024-01-13 17:02:49	31	1	0	0
     2350	2024-01-13 17:06:19	31	1	0	0
     1898	2024-01-13 17:11:03	31	1	0	0
      775	2024-01-14 08:08:10	31	0	0	0
      775	2024-01-14 08:08:12	31	0	0	0
     1898	2024-01-14 08:49:33	31	0	0	0
      775	2024-01-14 12:02:12	31	1	0	0
     1898	2024-01-14 12:02:53	31	1	0	0
     1898	2024-01-14 12:07:39	31	0	0	0
      775	2024-01-14 12:08:01	31	0	0	0
     1898	2024-01-14 16:00:07	31	1	0	0
     1898	2024-01-14 16:00:12	31	1	0	0
      775	2024-01-14 17:00:02	31	1	0	0
      775	2024-01-14 17:00:04	31	1	0	0
      833	2024-01-15 07:14:32	31	0	0	0
     2973	2024-01-15 07:28:30	31	0	0	0
     2804	2024-01-15 07:32:22	31	0	0	0
     2804	2024-01-15 07:32:26	31	0	0	0
     2443	2024-01-15 07:37:28	31	0	0	0
     2443	2024-01-15 07:37:29	31	0	0	0
      564	2024-01-15 07:38:38	31	0	0	0
      775	2024-01-15 07:39:08	31	0	0	0
      775	2024-01-15 07:39:09	31	0	0	0
      209	2024-01-15 07:39:19	31	0	0	0
     2706	2024-01-15 07:42:52	31	0	0	0
     2706	2024-01-15 07:42:54	31	0	0	0
     2107	2024-01-15 07:44:08	31	0	0	0
     2090	2024-01-15 07:45:54	31	0	0	0
     2090	2024-01-15 07:45:55	31	0	0	0
     2860	2024-01-15 07:46:22	31	0	0	0
      651	2024-01-15 07:48:51	31	0	0	0
      651	2024-01-15 07:48:52	31	0	0	0
      320	2024-01-15 07:49:16	31	0	0	0
      320	2024-01-15 07:49:18	31	0	0	0
     1053	2024-01-15 07:53:00	31	0	0	0
     1053	2024-01-15 07:53:02	31	0	0	0
     1215	2024-01-15 07:54:53	31	0	0	0
     2834	2024-01-15 07:55:32	31	0	0	0
     2834	2024-01-15 07:55:33	31	0	0	0
     1898	2024-01-15 07:55:37	31	0	0	0
     1280	2024-01-15 07:56:20	31	0	0	0
      527	2024-01-15 07:56:25	31	0	0	0
      527	2024-01-15 07:56:26	31	0	0	0
     1088	2024-01-15 07:57:11	31	0	0	0
      432	2024-01-15 07:59:35	31	0	0	0
      432	2024-01-15 07:59:39	31	0	0	0
      225	2024-01-15 08:02:12	31	0	0	0
     1773	2024-01-15 08:03:49	31	0	0	0
     1773	2024-01-15 08:03:50	31	0	0	0
     2350	2024-01-15 08:13:01	31	0	0	0
     2307	2024-01-15 08:49:03	31	0	0	0
      564	2024-01-15 12:00:03	31	1	0	0
     1773	2024-01-15 12:00:13	31	1	0	0
      320	2024-01-15 12:00:20	31	1	0	0
     2706	2024-01-15 12:00:35	31	1	0	0
     2350	2024-01-15 12:00:54	31	1	0	0
     2307	2024-01-15 12:01:02	31	1	0	0
     1898	2024-01-15 12:01:19	31	1	0	0
     2973	2024-01-15 12:01:39	31	1	0	0
     2804	2024-01-15 12:01:46	31	1	0	0
     2443	2024-01-15 12:01:53	31	1	0	0
     2443	2024-01-15 12:01:54	31	1	0	0
     2443	2024-01-15 12:01:56	31	1	0	0
     1215	2024-01-15 12:01:59	31	1	0	0
     2834	2024-01-15 12:02:15	31	1	0	0
     2834	2024-01-15 12:02:16	31	1	0	0
      432	2024-01-15 12:02:21	31	1	0	0
     2107	2024-01-15 12:02:47	31	1	0	0
     2973	2024-01-15 12:03:04	31	0	0	0
      467	2024-01-15 12:04:05	31	1	0	0
     2350	2024-01-15 12:04:17	31	0	0	0
     1773	2024-01-15 12:04:28	31	0	0	0
     2804	2024-01-15 12:04:56	31	0	0	0
      527	2024-01-15 12:05:07	31	1	0	0
      651	2024-01-15 12:05:09	31	1	0	0
      833	2024-01-15 12:06:06	31	1	0	0
     2443	2024-01-15 12:06:10	31	0	0	0
     2443	2024-01-15 12:06:12	31	0	0	0
     2307	2024-01-15 12:06:23	31	0	0	0
     1088	2024-01-15 12:06:49	31	1	0	0
      651	2024-01-15 12:06:55	31	0	0	0
      320	2024-01-15 12:07:13	31	0	0	0
     2834	2024-01-15 12:08:39	31	0	0	0
     2834	2024-01-15 12:08:40	31	0	0	0
     1215	2024-01-15 12:08:44	31	0	0	0
      775	2024-01-15 12:09:04	31	1	0	0
     1898	2024-01-15 12:09:53	31	0	0	0
      775	2024-01-15 12:10:29	31	0	0	0
      775	2024-01-15 12:10:32	31	0	0	0
     2706	2024-01-15 12:19:04	31	0	0	0
     2107	2024-01-15 12:20:53	31	0	0	0
      225	2024-01-15 12:21:00	31	1	0	0
      527	2024-01-15 12:21:09	31	0	0	0
     1088	2024-01-15 12:21:13	31	0	0	0
      225	2024-01-15 12:22:28	31	0	0	0
      833	2024-01-15 12:23:25	31	0	0	0
      225	2024-01-15 12:25:03	31	0	0	0
     1053	2024-01-15 12:25:33	31	1	0	0
     2860	2024-01-15 12:25:46	31	1	0	0
     2090	2024-01-15 12:26:22	31	1	0	0
     1280	2024-01-15 12:26:29	31	1	0	0
      467	2024-01-15 12:30:52	31	0	0	0
     1053	2024-01-15 12:31:09	31	0	0	0
      432	2024-01-15 12:31:28	31	0	0	0
     1280	2024-01-15 12:31:36	31	0	0	0
     2860	2024-01-15 12:31:41	31	0	0	0
     2090	2024-01-15 12:42:15	31	0	0	0
      209	2024-01-15 12:58:13	31	1	0	0
      209	2024-01-15 13:00:07	31	0	0	0
     2706	2024-01-15 17:00:02	31	1	0	0
      775	2024-01-15 17:00:04	31	1	0	0
      775	2024-01-15 17:00:07	31	1	0	0
      320	2024-01-15 17:00:18	31	1	0	0
      320	2024-01-15 17:00:20	31	1	0	0
      651	2024-01-15 17:00:30	31	1	0	0
      651	2024-01-15 17:00:33	31	1	0	0
      209	2024-01-15 17:01:30	31	1	0	0
      467	2024-01-15 17:01:36	31	1	0	0
      467	2024-01-15 17:01:39	31	1	0	0
     2804	2024-01-15 17:01:43	31	1	0	0
     2804	2024-01-15 17:01:47	31	1	0	0
     2973	2024-01-15 17:01:52	31	1	0	0
      833	2024-01-15 17:02:00	31	1	0	0
     1215	2024-01-15 17:02:06	31	1	0	0
     1215	2024-01-15 17:02:13	31	1	0	0
     2443	2024-01-15 17:02:17	31	1	0	0
     2443	2024-01-15 17:02:18	31	1	0	0
     2307	2024-01-15 17:02:32	31	1	0	0
     2706	2024-01-15 17:02:41	31	4	0	0
      225	2024-01-15 17:02:48	31	1	0	0
      225	2024-01-15 17:02:55	31	1	0	0
     1088	2024-01-15 17:03:11	31	1	0	0
     1773	2024-01-15 17:03:32	31	1	0	0
     1773	2024-01-15 17:03:37	31	1	0	0
     1898	2024-01-15 17:06:21	31	1	0	0
     1053	2024-01-15 17:06:56	31	1	0	0
     1053	2024-01-15 17:06:59	31	1	0	0
     2107	2024-01-15 17:07:30	31	0	0	0
     2107	2024-01-15 17:07:35	31	1	0	0
      564	2024-01-15 17:07:40	31	1	0	0
     2107	2024-01-15 17:07:45	31	1	0	0
     1280	2024-01-15 17:08:00	31	1	0	0
      775	2024-01-15 17:08:41	31	4	0	0
      775	2024-01-15 17:08:43	31	4	0	0
     2860	2024-01-15 17:09:09	31	1	0	0
     2834	2024-01-15 17:09:15	31	1	0	0
     2834	2024-01-15 17:09:19	31	1	0	0
     2090	2024-01-15 17:09:29	31	1	0	0
     2834	2024-01-15 17:10:52	31	0	0	0
     2834	2024-01-15 17:10:55	31	0	0	0
     1898	2024-01-15 17:14:20	31	4	0	0
     2860	2024-01-15 17:16:57	31	4	0	0
     1280	2024-01-15 17:17:01	31	4	0	0
     2350	2024-01-15 17:36:42	31	1	0	0
      432	2024-01-15 17:42:07	31	1	0	0
      527	2024-01-15 18:21:49	31	1	0	0
     2834	2024-01-15 19:30:13	31	5	0	0
     2834	2024-01-15 19:30:15	31	5	0	0
     2860	2024-01-15 19:30:41	31	5	0	0
     1280	2024-01-15 19:30:46	31	5	0	0
     2706	2024-01-15 19:32:01	31	5	0	0
      775	2024-01-15 19:32:15	31	5	0	0
      775	2024-01-15 19:32:16	31	5	0	0
     1898	2024-01-15 19:32:33	31	5	0	0
      833	2024-01-17 07:18:46	31	0	0	0
      833	2024-01-17 07:18:48	31	0	0	0
     2107	2024-01-17 07:19:56	31	0	0	0
     2973	2024-01-17 07:29:20	31	0	0	0
     2804	2024-01-17 07:30:12	31	0	0	0
     2804	2024-01-17 07:30:15	31	0	0	0
      467	2024-01-17 07:42:06	31	0	0	0
     2090	2024-01-17 07:42:34	31	0	0	0
     2090	2024-01-17 07:42:36	31	0	0	0
      651	2024-01-17 07:43:46	31	0	0	0
      651	2024-01-17 07:43:47	31	0	0	0
      564	2024-01-17 07:44:35	31	0	0	0
     2834	2024-01-17 07:44:47	31	0	0	0
     2834	2024-01-17 07:44:49	31	0	0	0
      775	2024-01-17 07:45:06	31	0	0	0
      775	2024-01-17 07:45:07	31	0	0	0
     2706	2024-01-17 07:48:25	31	0	0	0
     2706	2024-01-17 07:48:27	31	0	0	0
     1280	2024-01-17 07:49:15	31	0	0	0
     1053	2024-01-17 07:49:18	31	0	0	0
     1053	2024-01-17 07:49:19	31	0	0	0
      527	2024-01-17 07:49:46	31	0	0	0
      527	2024-01-17 07:49:47	31	0	0	0
     2307	2024-01-17 07:54:11	31	0	0	0
     2443	2024-01-17 07:54:16	31	0	0	0
     2443	2024-01-17 07:54:26	31	0	0	0
     2443	2024-01-17 07:54:28	31	0	0	0
     1215	2024-01-17 07:54:44	31	0	0	0
     1773	2024-01-17 07:54:51	31	0	0	0
     1773	2024-01-17 07:54:53	31	0	0	0
     2860	2024-01-17 07:54:56	31	0	0	0
     2860	2024-01-17 07:55:00	31	0	0	0
     2350	2024-01-17 07:55:28	31	0	0	0
      809	2024-01-17 07:55:36	31	0	0	0
      225	2024-01-17 07:56:56	31	0	0	0
      225	2024-01-17 07:57:00	31	0	0	0
      209	2024-01-17 07:57:49	31	0	0	0
      432	2024-01-17 07:59:22	31	0	0	0
      432	2024-01-17 07:59:31	31	0	0	0
     1088	2024-01-17 08:18:29	31	0	0	0
     1773	2024-01-17 12:00:31	31	1	0	0
     2706	2024-01-17 12:00:42	31	1	0	0
      527	2024-01-17 12:01:03	31	1	0	0
      651	2024-01-17 12:01:07	31	1	0	0
     2834	2024-01-17 12:01:10	31	1	0	0
     2834	2024-01-17 12:01:16	31	1	0	0
     2804	2024-01-17 12:01:20	31	1	0	0
     2307	2024-01-17 12:01:25	31	1	0	0
     2973	2024-01-17 12:01:28	31	1	0	0
     1215	2024-01-17 12:01:32	31	1	0	0
     2443	2024-01-17 12:01:52	31	1	0	0
     2443	2024-01-17 12:01:53	31	1	0	0
     2350	2024-01-17 12:01:57	31	1	0	0
     1088	2024-01-17 12:02:59	31	1	0	0
      651	2024-01-17 12:04:28	31	0	0	0
      833	2024-01-17 12:04:51	31	1	0	0
      833	2024-01-17 12:05:07	31	0	0	0
     2307	2024-01-17 12:05:16	31	0	0	0
      564	2024-01-17 12:05:28	31	1	0	0
     2107	2024-01-17 12:06:12	31	1	0	0
      432	2024-01-17 12:07:43	31	1	0	0
      225	2024-01-17 12:07:45	31	1	0	0
     2443	2024-01-17 12:07:56	31	0	0	0
     2443	2024-01-17 12:07:58	31	0	0	0
      467	2024-01-17 12:08:03	31	1	0	0
     2834	2024-01-17 12:08:12	31	1	0	0
      320	2024-01-17 12:08:41	31	0	0	0
      320	2024-01-17 12:08:43	31	0	0	0
     2834	2024-01-17 12:09:02	31	0	0	0
     2834	2024-01-17 12:09:03	31	0	0	0
     1280	2024-01-17 12:09:08	31	1	0	0
      775	2024-01-17 12:09:58	31	1	0	0
     1773	2024-01-17 12:11:41	31	0	0	0
      527	2024-01-17 12:12:20	31	0	0	0
     2090	2024-01-17 12:12:32	31	1	0	0
     2090	2024-01-17 12:12:35	31	1	0	0
      809	2024-01-17 12:12:50	31	1	0	0
     1053	2024-01-17 12:12:56	31	1	0	0
     2973	2024-01-17 12:13:53	31	0	0	0
     1280	2024-01-17 12:14:33	31	0	0	0
     2107	2024-01-17 12:14:39	31	0	0	0
     1215	2024-01-17 12:14:46	31	0	0	0
     2350	2024-01-17 12:15:59	31	0	0	0
     2706	2024-01-17 12:16:26	31	0	0	0
      225	2024-01-17 12:16:55	31	0	0	0
      775	2024-01-17 12:17:23	31	0	0	0
      809	2024-01-17 12:20:36	31	0	0	0
     1053	2024-01-17 12:23:37	31	0	0	0
      467	2024-01-17 12:30:14	31	0	0	0
     2860	2024-01-17 12:40:06	31	1	0	0
     2860	2024-01-17 12:42:22	31	0	0	0
      564	2024-01-17 12:43:17	31	0	0	0
     2090	2024-01-17 12:50:41	31	0	0	0
     2090	2024-01-17 12:50:42	31	0	0	0
      432	2024-01-17 12:50:57	31	0	0	0
     1898	2024-01-17 12:54:00	31	0	0	0
      651	2024-01-17 12:56:53	31	0	0	0
      209	2024-01-17 12:59:22	31	1	0	0
      209	2024-01-17 13:00:03	31	0	0	0
    10003	2024-01-17 13:26:16	31	0	0	0
