      435	2024-01-02 06:41:34	37	0	1	0
     1283	2024-01-02 07:37:31	37	0	1	0
      653	2024-01-02 07:38:19	37	0	1	0
      653	2024-01-02 07:38:21	37	0	1	0
     2608	2024-01-02 07:41:54	37	0	1	0
     2608	2024-01-02 07:41:58	37	0	1	0
     2239	2024-01-02 07:44:54	37	0	1	0
       51	2024-01-02 07:48:02	37	0	1	0
     2041	2024-01-02 07:51:11	37	0	1	0
     2041	2024-01-02 07:51:13	37	0	1	0
      118	2024-01-02 07:52:47	37	0	1	0
     2891	2024-01-02 07:52:52	37	0	1	0
      533	2024-01-02 07:53:36	37	0	1	0
      211	2024-01-02 07:56:05	37	0	1	0
     1141	2024-01-02 07:56:24	37	0	1	0
     1141	2024-01-02 07:56:26	37	0	1	0
      710	2024-01-02 07:57:06	37	0	1	0
      710	2024-01-02 07:57:08	37	0	1	0
      132	2024-01-02 07:58:15	37	0	1	0
     1052	2024-01-02 08:00:03	37	0	1	0
     1871	2024-01-02 08:00:17	37	0	1	0
      910	2024-01-02 08:00:25	37	0	1	0
      910	2024-01-02 08:00:29	37	0	1	0
      306	2024-01-02 08:00:58	37	0	1	0
     1658	2024-01-02 08:02:18	37	0	1	0
     1539	2024-01-02 08:02:57	37	0	1	0
     1539	2024-01-02 08:02:59	37	0	1	0
      528	2024-01-02 08:03:27	37	0	1	0
     1129	2024-01-02 08:04:31	37	0	1	0
     1129	2024-01-02 08:04:33	37	0	1	0
      318	2024-01-02 08:06:18	37	0	1	0
       61	2024-01-02 08:06:29	37	0	1	0
      176	2024-01-02 08:27:48	37	0	1	0
      176	2024-01-02 08:27:50	37	0	1	0
      118	2024-01-02 12:01:02	37	1	1	0
      211	2024-01-02 12:01:06	37	1	1	0
     2891	2024-01-02 12:01:26	37	1	1	0
     2891	2024-01-02 12:01:27	37	1	1	0
     2239	2024-01-02 12:01:54	37	1	1	0
      533	2024-01-02 12:02:12	37	1	1	0
     2239	2024-01-02 12:05:05	37	0	1	0
     2891	2024-01-02 12:05:10	37	0	1	0
     2891	2024-01-02 12:05:18	37	0	1	0
     1871	2024-01-02 12:05:26	37	1	1	0
     1658	2024-01-02 12:07:05	37	1	1	0
      435	2024-01-02 12:07:37	37	0	1	0
      435	2024-01-02 12:07:49	37	1	1	0
     1871	2024-01-02 12:08:02	37	0	1	0
     1283	2024-01-02 12:08:40	37	1	1	0
      653	2024-01-02 12:11:33	37	1	1	0
      910	2024-01-02 12:11:49	37	1	1	0
     2041	2024-01-02 12:12:41	37	1	1	0
      528	2024-01-02 12:12:46	37	1	1	0
      318	2024-01-02 12:12:58	37	1	1	0
      132	2024-01-02 12:13:13	37	1	1	0
       51	2024-01-02 12:13:36	37	1	1	0
     2041	2024-01-02 12:14:05	37	0	1	0
      528	2024-01-02 12:14:11	37	0	1	0
       51	2024-01-02 12:14:20	37	0	1	0
      176	2024-01-02 12:14:38	37	1	1	0
      710	2024-01-02 12:14:43	37	1	1	0
      306	2024-01-02 12:14:51	37	1	1	0
     1141	2024-01-02 12:15:14	37	1	1	0
       61	2024-01-02 12:15:41	37	1	1	0
      710	2024-01-02 12:17:31	37	0	1	0
     1658	2024-01-02 12:17:42	37	0	1	0
      435	2024-01-02 12:17:48	37	0	1	0
      533	2024-01-02 12:18:01	37	0	1	0
      118	2024-01-02 12:18:09	37	0	1	0
      176	2024-01-02 12:19:58	37	0	1	0
      176	2024-01-02 12:20:02	37	0	1	0
      176	2024-01-02 12:20:07	37	1	1	0
      211	2024-01-02 12:21:18	37	0	1	0
      132	2024-01-02 12:21:35	37	0	1	0
      306	2024-01-02 12:21:40	37	0	1	0
      306	2024-01-02 12:21:42	37	0	1	0
       61	2024-01-02 12:21:50	37	0	1	0
     2608	2024-01-02 12:22:25	37	1	1	0
     1129	2024-01-02 12:22:29	37	1	1	0
     1129	2024-01-02 12:22:31	37	1	1	0
      176	2024-01-02 12:23:05	37	0	1	0
      176	2024-01-02 12:23:07	37	0	1	0
      318	2024-01-02 12:30:03	37	0	1	0
     1141	2024-01-02 12:34:55	37	0	1	0
     1283	2024-01-02 12:42:44	37	0	1	0
      653	2024-01-02 12:42:53	37	0	1	0
      653	2024-01-02 12:42:56	37	0	1	0
      910	2024-01-02 12:43:05	37	0	1	0
     1129	2024-01-02 12:43:56	37	0	1	0
     1539	2024-01-02 12:46:47	37	1	1	0
     2608	2024-01-02 12:49:15	37	0	1	0
     1539	2024-01-02 12:51:56	37	0	1	0
     1141	2024-01-02 12:56:11	37	0	1	0
      435	2024-01-02 17:00:09	37	1	1	0
      533	2024-01-02 17:00:14	37	1	1	0
     1283	2024-01-02 17:00:21	37	1	1	0
      710	2024-01-02 17:00:23	37	1	1	0
      710	2024-01-02 17:00:26	37	1	1	0
      910	2024-01-02 17:00:30	37	1	1	0
      653	2024-01-02 17:00:34	37	1	1	0
     1539	2024-01-02 17:00:38	37	1	1	0
     2239	2024-01-02 17:00:41	37	1	1	0
     1658	2024-01-02 17:00:46	37	1	1	0
      132	2024-01-02 17:00:51	37	1	1	0
       51	2024-01-02 17:00:55	37	0	1	0
       51	2024-01-02 17:01:04	37	1	1	0
     2162	2024-01-02 17:01:09	37	1	1	0
      318	2024-01-02 17:01:14	37	1	1	0
       61	2024-01-02 17:01:18	37	1	1	0
     2608	2024-01-02 17:01:22	37	1	1	0
      211	2024-01-02 17:01:27	37	1	1	0
     2891	2024-01-02 17:01:31	37	1	1	0
      176	2024-01-02 17:01:38	37	1	1	0
      176	2024-01-02 17:01:40	37	1	1	0
     1129	2024-01-02 17:02:54	37	1	1	0
     1129	2024-01-02 17:02:56	37	1	1	0
      528	2024-01-02 17:02:59	37	1	1	0
     1141	2024-01-02 17:03:06	37	1	1	0
     1141	2024-01-02 17:03:07	37	1	1	0
     2041	2024-01-02 17:03:41	37	1	1	0
     2041	2024-01-02 17:03:43	37	1	1	0
     1052	2024-01-02 17:04:27	37	1	1	0
     1871	2024-01-02 17:04:47	37	1	1	0
      528	2024-01-02 17:05:47	37	1	1	0
      306	2024-01-02 17:49:40	37	1	1	0
      118	2024-01-02 17:49:43	37	1	1	0
      435	2024-01-03 06:33:34	37	0	1	0
      435	2024-01-03 06:34:00	37	0	1	0
      176	2024-01-03 07:16:49	37	0	1	0
      176	2024-01-03 07:16:51	37	0	1	0
      118	2024-01-03 07:37:35	37	0	1	0
     2891	2024-01-03 07:37:39	37	0	1	0
     2162	2024-01-03 07:37:44	37	0	1	0
      533	2024-01-03 07:38:59	37	0	1	0
     1283	2024-01-03 07:45:59	37	0	1	0
     1283	2024-01-03 07:46:02	37	0	1	0
     2239	2024-01-03 07:47:58	37	0	1	0
      710	2024-01-03 07:51:32	37	0	1	0
      710	2024-01-03 07:51:33	37	0	1	0
      132	2024-01-03 07:52:42	37	0	1	0
       51	2024-01-03 07:54:08	37	0	1	0
     1141	2024-01-03 07:54:12	37	0	1	0
     1141	2024-01-03 07:54:14	37	0	1	0
     1141	2024-01-03 07:55:48	37	0	1	0
     2041	2024-01-03 07:56:16	37	0	1	0
     2041	2024-01-03 07:56:18	37	0	1	0
      306	2024-01-03 07:56:27	37	0	1	0
      528	2024-01-03 07:57:29	37	0	1	0
     1539	2024-01-03 07:57:40	37	0	1	0
      211	2024-01-03 07:58:34	37	0	1	0
     1871	2024-01-03 08:01:15	37	0	1	0
     1129	2024-01-03 08:01:43	37	0	1	0
     1129	2024-01-03 08:01:45	37	0	1	0
     2608	2024-01-03 08:01:49	37	0	1	0
     2608	2024-01-03 08:01:53	37	0	1	0
     1658	2024-01-03 08:01:58	37	0	1	0
       61	2024-01-03 08:03:41	37	0	1	0
      910	2024-01-03 08:05:25	37	0	1	0
     1052	2024-01-03 08:05:27	37	0	1	0
      318	2024-01-03 08:16:20	37	0	1	0
     2239	2024-01-03 12:01:12	37	1	1	0
     2162	2024-01-03 12:02:52	37	1	1	0
      533	2024-01-03 12:03:12	37	1	1	0
     2041	2024-01-03 12:04:22	37	1	1	0
     2239	2024-01-03 12:05:31	37	0	1	0
     2041	2024-01-03 12:06:06	37	0	1	0
     2041	2024-01-03 12:06:08	37	0	1	0
      533	2024-01-03 12:07:38	37	0	1	0
     2162	2024-01-03 12:08:20	37	0	1	0
       51	2024-01-03 12:09:27	37	1	1	0
     1129	2024-01-03 12:09:33	37	1	1	0
       51	2024-01-03 12:10:37	37	0	1	0
     1129	2024-01-03 12:10:51	37	0	1	0
     2891	2024-01-03 12:12:33	37	1	1	0
     1141	2024-01-03 12:15:18	37	1	1	0
     2891	2024-01-03 12:15:42	37	0	1	0
     1871	2024-01-03 12:16:15	37	1	1	0
     1871	2024-01-03 12:17:12	37	0	1	0
     1539	2024-01-03 12:18:21	37	1	1	0
       61	2024-01-03 12:18:25	37	1	1	0
     2608	2024-01-03 12:19:47	37	1	1	0
      211	2024-01-03 12:21:16	37	1	1	0
      318	2024-01-03 12:25:26	37	1	1	0
      910	2024-01-03 12:25:52	37	1	1	0
      318	2024-01-03 12:26:05	37	0	1	0
      710	2024-01-03 12:28:10	37	1	1	0
     1658	2024-01-03 12:31:48	37	1	1	0
      306	2024-01-03 12:34:07	37	1	1	0
      306	2024-01-03 12:36:08	37	0	1	0
      306	2024-01-03 12:36:09	37	0	1	0
      435	2024-01-03 12:37:31	37	1	1	0
     1283	2024-01-03 12:37:36	37	1	1	0
      710	2024-01-03 12:37:57	37	0	1	0
     1052	2024-01-03 12:38:18	37	1	1	0
      528	2024-01-03 12:40:31	37	1	1	0
      528	2024-01-03 12:42:37	37	0	1	0
      176	2024-01-03 12:42:57	37	1	1	0
      176	2024-01-03 12:42:59	37	1	1	0
     1658	2024-01-03 12:44:59	37	0	1	0
     1141	2024-01-03 12:45:03	37	0	1	0
     2608	2024-01-03 12:45:07	37	0	1	0
     1052	2024-01-03 12:47:03	37	0	1	0
       61	2024-01-03 12:47:43	37	0	1	0
      176	2024-01-03 12:49:53	37	0	1	0
      910	2024-01-03 12:51:26	37	0	1	0
      435	2024-01-03 12:51:30	37	0	1	0
     1283	2024-01-03 12:51:34	37	0	1	0
     2041	2024-01-03 17:00:08	37	1	1	0
     2041	2024-01-03 17:00:10	37	1	1	0
     1539	2024-01-03 17:00:19	37	1	1	0
      132	2024-01-03 17:00:26	37	0	1	0
      132	2024-01-03 17:00:32	37	1	1	0
      910	2024-01-03 17:00:36	37	1	1	0
     2891	2024-01-03 17:00:46	37	1	1	0
      435	2024-01-03 17:00:59	37	1	1	0
     1283	2024-01-03 17:01:05	37	1	1	0
     2608	2024-01-03 17:01:09	37	1	1	0
      318	2024-01-03 17:01:14	37	1	1	0
     1129	2024-01-03 17:01:17	37	1	1	0
     1129	2024-01-03 17:01:19	37	1	1	0
     1052	2024-01-03 17:01:23	37	1	1	0
     2239	2024-01-03 17:01:27	37	1	1	0
       51	2024-01-03 17:01:46	37	1	1	0
      533	2024-01-03 17:01:52	37	1	1	0
      176	2024-01-03 17:02:00	37	1	1	0
      176	2024-01-03 17:02:03	37	1	1	0
      710	2024-01-03 17:02:07	37	1	1	0
      710	2024-01-03 17:02:09	37	1	1	0
     1658	2024-01-03 17:02:16	37	1	1	0
     2162	2024-01-03 17:02:23	37	1	1	0
      118	2024-01-03 17:02:33	37	1	1	0
      211	2024-01-03 17:02:44	37	1	1	0
      306	2024-01-03 17:02:52	37	1	1	0
       61	2024-01-03 17:03:29	37	1	1	0
      528	2024-01-03 17:03:33	37	1	1	0
     1141	2024-01-03 17:03:49	37	1	1	0
     1141	2024-01-03 17:03:51	37	1	1	0
     1871	2024-01-03 17:03:56	37	1	1	0
      435	2024-01-04 06:16:23	37	0	1	0
      653	2024-01-04 07:27:26	37	0	1	0
      653	2024-01-04 07:27:28	37	0	1	0
      176	2024-01-04 07:37:04	37	0	1	0
      176	2024-01-04 07:37:05	37	0	1	0
     1283	2024-01-04 07:42:22	37	0	1	0
      118	2024-01-04 07:43:07	37	0	1	0
     2891	2024-01-04 07:43:12	37	0	1	0
     2891	2024-01-04 07:43:16	37	0	1	0
     2162	2024-01-04 07:43:20	37	0	1	0
      533	2024-01-04 07:44:42	37	0	1	0
      710	2024-01-04 07:47:21	37	0	1	0
      710	2024-01-04 07:47:23	37	0	1	0
     2239	2024-01-04 07:49:22	37	0	1	0
     2608	2024-01-04 07:53:08	37	0	1	0
     2608	2024-01-04 07:53:12	37	0	1	0
      132	2024-01-04 07:54:23	37	0	1	0
      318	2024-01-04 07:55:49	37	0	1	0
     1658	2024-01-04 07:56:58	37	0	1	0
      211	2024-01-04 07:58:22	37	0	1	0
       61	2024-01-04 07:58:44	37	0	1	0
     1871	2024-01-04 07:59:41	37	0	1	0
     1141	2024-01-04 08:00:11	37	0	1	0
     1141	2024-01-04 08:00:13	37	0	1	0
     1539	2024-01-04 08:00:17	37	0	1	0
     1539	2024-01-04 08:00:19	37	0	1	0
     1052	2024-01-04 08:00:33	37	0	1	0
      306	2024-01-04 08:03:11	37	0	1	0
      910	2024-01-04 08:04:09	37	0	1	0
      528	2024-01-04 08:08:11	37	0	1	0
     1129	2024-01-04 08:18:40	37	0	1	0
     1129	2024-01-04 08:18:42	37	0	1	0
     2239	2024-01-04 12:01:28	37	1	1	0
      533	2024-01-04 12:01:48	37	1	1	0
     1052	2024-01-04 12:08:18	37	1	1	0
     1658	2024-01-04 12:08:20	37	1	1	0
      132	2024-01-04 12:08:55	37	1	1	0
      435	2024-01-04 12:09:15	37	1	1	0
     1871	2024-01-04 12:09:34	37	1	1	0
     1871	2024-01-04 12:10:07	37	0	1	0
     1141	2024-01-04 12:10:39	37	1	1	0
      533	2024-01-04 12:10:55	37	0	1	0
     1283	2024-01-04 12:11:13	37	1	1	0
      318	2024-01-04 12:12:16	37	1	1	0
     1052	2024-01-04 12:12:35	37	0	1	0
     1658	2024-01-04 12:12:40	37	0	1	0
     2239	2024-01-04 12:13:42	37	0	1	0
      653	2024-01-04 12:14:06	37	1	1	0
      132	2024-01-04 12:14:40	37	0	1	0
      710	2024-01-04 12:14:47	37	1	1	0
      118	2024-01-04 12:15:22	37	1	1	0
      118	2024-01-04 12:16:02	37	0	1	0
      710	2024-01-04 12:16:08	37	0	1	0
      435	2024-01-04 12:16:18	37	0	1	0
     1283	2024-01-04 12:16:22	37	0	1	0
     2162	2024-01-04 12:17:02	37	1	1	0
     2608	2024-01-04 12:17:40	37	1	1	0
       61	2024-01-04 12:18:15	37	1	1	0
      211	2024-01-04 12:18:22	37	1	1	0
      910	2024-01-04 12:18:27	37	1	1	0
     1539	2024-01-04 12:20:41	37	1	1	0
      306	2024-01-04 12:21:15	37	1	1	0
      528	2024-01-04 12:21:29	37	1	1	0
      528	2024-01-04 12:21:36	37	1	1	0
      318	2024-01-04 12:23:09	37	0	1	0
     2162	2024-01-04 12:23:30	37	0	1	0
      176	2024-01-04 12:23:51	37	1	1	0
      306	2024-01-04 12:24:06	37	0	1	0
      306	2024-01-04 12:24:07	37	0	1	0
      528	2024-01-04 12:24:11	37	0	1	0
      653	2024-01-04 12:24:47	37	0	1	0
     2608	2024-01-04 12:24:51	37	0	1	0
      528	2024-01-04 12:25:11	37	0	1	0
     1141	2024-01-04 12:25:46	37	0	1	0
     2891	2024-01-04 12:27:18	37	1	1	0
      176	2024-01-04 12:27:37	37	0	1	0
      176	2024-01-04 12:27:39	37	0	1	0
      211	2024-01-04 12:33:58	37	0	1	0
     1129	2024-01-04 12:38:02	37	1	1	0
     1539	2024-01-04 12:38:20	37	0	1	0
      910	2024-01-04 12:38:27	37	0	1	0
     2891	2024-01-04 12:40:11	37	0	1	0
     1129	2024-01-04 12:40:24	37	0	1	0
       61	2024-01-04 12:42:14	37	0	1	0
     1129	2024-01-04 12:42:18	37	0	1	0
      132	2024-01-04 17:00:55	37	1	1	0
     2891	2024-01-04 17:00:59	37	1	1	0
     1658	2024-01-04 17:01:04	37	1	1	0
     2239	2024-01-04 17:01:08	37	1	1	0
      318	2024-01-04 17:02:04	37	1	1	0
     2608	2024-01-04 17:02:08	37	1	1	0
     2608	2024-01-04 17:02:14	37	1	1	0
     2162	2024-01-04 17:02:31	37	1	1	0
      176	2024-01-04 17:03:08	37	1	1	0
      211	2024-01-04 17:03:47	37	1	1	0
      528	2024-01-04 17:03:51	37	1	1	0
     1052	2024-01-04 17:05:50	37	1	1	0
      910	2024-01-04 17:06:40	37	1	1	0
     1129	2024-01-04 17:10:16	37	1	1	0
     1129	2024-01-04 17:10:19	37	1	1	0
      435	2024-01-04 17:10:35	37	1	1	0
     1539	2024-01-04 17:10:42	37	1	1	0
     1283	2024-01-04 17:10:47	37	1	1	0
      653	2024-01-04 17:10:54	37	1	1	0
      653	2024-01-04 17:10:57	37	1	1	0
      710	2024-01-04 17:18:22	37	1	1	0
      710	2024-01-04 17:18:24	37	1	1	0
       61	2024-01-04 17:24:49	37	1	1	0
     1141	2024-01-04 17:24:58	37	1	1	0
     1141	2024-01-04 17:24:59	37	1	1	0
     1871	2024-01-04 17:26:12	37	1	1	0
       61	2024-01-04 17:26:17	37	1	1	0
      306	2024-01-04 18:45:12	37	1	1	0
      118	2024-01-04 18:45:22	37	1	1	0
      533	2024-01-04 18:45:33	37	1	1	0
      306	2024-01-04 18:46:42	37	1	1	0
      435	2024-01-05 06:22:42	37	0	1	0
      653	2024-01-05 07:24:29	37	0	1	0
      653	2024-01-05 07:24:31	37	0	1	0
      306	2024-01-05 07:31:04	37	0	1	0
      306	2024-01-05 07:31:07	37	0	1	0
      118	2024-01-05 07:45:15	37	0	1	0
     2891	2024-01-05 07:45:19	37	0	1	0
     2162	2024-01-05 07:45:22	37	0	1	0
     1283	2024-01-05 07:46:09	37	0	1	0
      533	2024-01-05 07:47:58	37	0	1	0
     2239	2024-01-05 07:51:29	37	0	1	0
      176	2024-01-05 07:52:11	37	0	1	0
      176	2024-01-05 07:52:14	37	0	1	0
      132	2024-01-05 07:54:08	37	0	1	0
      318	2024-01-05 07:54:16	37	0	1	0
     2041	2024-01-05 07:54:36	37	0	1	0
     2041	2024-01-05 07:54:38	37	0	1	0
      910	2024-01-05 07:54:53	37	0	1	0
      211	2024-01-05 07:57:53	37	0	1	0
     1141	2024-01-05 07:58:24	37	0	1	0
     1141	2024-01-05 07:58:26	37	0	1	0
     1539	2024-01-05 07:58:59	37	0	1	0
     1539	2024-01-05 07:59:01	37	0	1	0
      710	2024-01-05 07:59:15	37	0	1	0
      710	2024-01-05 07:59:18	37	0	1	0
     1658	2024-01-05 07:59:24	37	0	1	0
     1871	2024-01-05 07:59:45	37	0	1	0
      528	2024-01-05 07:59:49	37	0	1	0
       61	2024-01-05 08:01:41	37	0	1	0
     1052	2024-01-05 08:02:45	37	0	1	0
     1129	2024-01-05 08:03:45	37	0	1	0
     1129	2024-01-05 08:03:47	37	0	1	0
     2608	2024-01-05 08:09:12	37	0	1	0
     2608	2024-01-05 08:09:16	37	0	1	0
     2162	2024-01-05 12:01:42	37	1	1	0
      211	2024-01-05 12:02:38	37	1	1	0
     1871	2024-01-05 12:02:42	37	1	1	0
     2891	2024-01-05 12:03:26	37	1	1	0
      533	2024-01-05 12:04:44	37	1	1	0
     2891	2024-01-05 12:06:04	37	0	1	0
      435	2024-01-05 12:06:37	37	1	1	0
      653	2024-01-05 12:06:57	37	1	1	0
     1283	2024-01-05 12:07:09	37	1	1	0
     2041	2024-01-05 12:07:34	37	1	1	0
      710	2024-01-05 12:07:39	37	1	1	0
     2239	2024-01-05 12:07:46	37	1	1	0
     2162	2024-01-05 12:07:57	37	0	1	0
     1052	2024-01-05 12:08:04	37	1	1	0
      176	2024-01-05 12:09:15	37	1	1	0
      176	2024-01-05 12:09:16	37	1	1	0
      910	2024-01-05 12:09:47	37	1	1	0
     1871	2024-01-05 12:09:55	37	0	1	0
     1052	2024-01-05 12:10:02	37	0	1	0
      533	2024-01-05 12:10:06	37	0	1	0
     2239	2024-01-05 12:10:27	37	0	1	0
     1539	2024-01-05 12:10:52	37	1	1	0
      318	2024-01-05 12:13:09	37	1	1	0
     2041	2024-01-05 12:13:29	37	0	1	0
     2041	2024-01-05 12:13:31	37	0	1	0
     2608	2024-01-05 12:14:31	37	1	1	0
      528	2024-01-05 12:16:50	37	1	1	0
     1658	2024-01-05 12:16:55	37	1	1	0
      211	2024-01-05 12:17:44	37	0	1	0
      435	2024-01-05 12:17:55	37	0	1	0
     1283	2024-01-05 12:17:59	37	0	1	0
      653	2024-01-05 12:18:05	37	0	1	0
      653	2024-01-05 12:18:08	37	0	1	0
     1539	2024-01-05 12:18:17	37	0	1	0
      710	2024-01-05 12:18:39	37	0	1	0
      132	2024-01-05 12:19:28	37	1	1	0
      910	2024-01-05 12:20:23	37	0	1	0
      528	2024-01-05 12:20:28	37	0	1	0
     1658	2024-01-05 12:22:01	37	0	1	0
      132	2024-01-05 12:23:14	37	0	1	0
      318	2024-01-05 12:24:09	37	0	1	0
       61	2024-01-05 12:24:55	37	1	1	0
     1129	2024-01-05 12:25:25	37	1	1	0
     1129	2024-01-05 12:30:02	37	0	1	0
      176	2024-01-05 12:30:16	37	0	1	0
      176	2024-01-05 12:30:18	37	0	1	0
       61	2024-01-05 12:31:37	37	0	1	0
     2608	2024-01-05 12:37:05	37	0	1	0
     1141	2024-01-05 12:37:24	37	1	1	0
     1141	2024-01-05 12:42:14	37	0	1	0
      318	2024-01-05 17:01:11	37	1	1	0
     2041	2024-01-05 17:01:16	37	1	1	0
     2041	2024-01-05 17:01:18	37	1	1	0
     2239	2024-01-05 17:01:20	37	1	1	0
     1052	2024-01-05 17:01:26	37	1	1	0
      910	2024-01-05 17:01:29	37	1	1	0
      176	2024-01-05 17:01:32	37	1	1	0
     2608	2024-01-05 17:01:49	37	1	1	0
     2608	2024-01-05 17:01:52	37	1	1	0
     1658	2024-01-05 17:02:38	37	1	1	0
      710	2024-01-05 17:02:44	37	1	1	0
      710	2024-01-05 17:02:45	37	1	1	0
      435	2024-01-05 17:02:49	37	1	1	0
      653	2024-01-05 17:02:53	37	1	1	0
      653	2024-01-05 17:02:55	37	1	1	0
      528	2024-01-05 17:02:58	37	1	1	0
     1283	2024-01-05 17:03:04	37	1	1	0
     1283	2024-01-05 17:03:08	37	1	1	0
     1539	2024-01-05 17:03:19	37	1	1	0
     1539	2024-01-05 17:03:24	37	1	1	0
      211	2024-01-05 17:03:32	37	1	1	0
     1141	2024-01-05 17:04:28	37	1	1	0
     1141	2024-01-05 17:04:30	37	1	1	0
     2891	2024-01-05 17:05:17	37	1	1	0
     1129	2024-01-05 17:09:48	37	1	1	0
     1129	2024-01-05 17:09:51	37	1	1	0
     2162	2024-01-05 17:11:50	37	1	1	0
      533	2024-01-05 17:11:58	37	1	1	0
       61	2024-01-05 17:13:10	37	1	1	0
     1871	2024-01-05 17:14:43	37	1	1	0
      211	2024-01-05 17:14:52	37	1	1	0
      211	2024-01-05 17:17:52	37	1	1	0
      118	2024-01-05 18:19:30	37	1	1	0
      306	2024-01-05 18:19:35	37	1	1	0
      306	2024-01-05 18:19:37	37	1	1	0
      435	2024-01-08 06:27:51	37	0	1	0
      176	2024-01-08 07:07:04	37	0	1	0
     2891	2024-01-08 07:34:23	37	0	1	0
     2891	2024-01-08 07:34:26	37	0	1	0
     2891	2024-01-08 07:34:28	37	0	1	0
      306	2024-01-08 07:36:50	37	0	1	0
      306	2024-01-08 07:36:51	37	0	1	0
      118	2024-01-08 07:39:21	37	0	1	0
     2162	2024-01-08 07:39:25	37	0	1	0
     1283	2024-01-08 07:41:47	37	0	1	0
     1283	2024-01-08 07:41:49	37	0	1	0
      533	2024-01-08 07:42:10	37	0	1	0
      653	2024-01-08 07:42:17	37	0	1	0
      653	2024-01-08 07:42:19	37	0	1	0
      653	2024-01-08 07:44:27	37	0	1	0
     2239	2024-01-08 07:51:29	37	0	1	0
       51	2024-01-08 07:53:40	37	0	1	0
     1658	2024-01-08 07:55:01	37	0	1	0
     2608	2024-01-08 07:55:17	37	0	1	0
     2608	2024-01-08 07:55:20	37	0	1	0
      132	2024-01-08 07:55:24	37	0	1	0
     2041	2024-01-08 07:55:36	37	0	1	0
     2041	2024-01-08 07:55:41	37	0	1	0
     2041	2024-01-08 07:55:43	37	0	1	0
      211	2024-01-08 07:55:48	37	0	1	0
      910	2024-01-08 07:57:50	37	0	1	0
     1141	2024-01-08 07:58:07	37	0	1	0
     1141	2024-01-08 07:58:09	37	0	1	0
     1129	2024-01-08 07:58:12	37	0	1	0
     1129	2024-01-08 07:58:14	37	0	1	0
     1871	2024-01-08 07:59:49	37	0	1	0
       61	2024-01-08 08:01:56	37	0	1	0
     1539	2024-01-08 08:04:28	37	0	1	0
     1539	2024-01-08 08:04:29	37	0	1	0
      318	2024-01-08 08:12:47	37	0	1	0
     1658	2024-01-08 12:06:05	37	1	1	0
      533	2024-01-08 12:06:22	37	1	1	0
      306	2024-01-08 12:06:59	37	1	1	0
     1871	2024-01-08 12:07:33	37	1	1	0
     1658	2024-01-08 12:11:06	37	0	1	0
     2239	2024-01-08 12:11:24	37	1	1	0
      211	2024-01-08 12:11:44	37	1	1	0
      435	2024-01-08 12:12:46	37	1	1	0
     2239	2024-01-08 12:15:04	37	0	1	0
       61	2024-01-08 12:16:46	37	1	1	0
      653	2024-01-08 12:16:51	37	1	1	0
       51	2024-01-08 12:17:26	37	1	1	0
     1129	2024-01-08 12:17:44	37	1	1	0
     2041	2024-01-08 12:19:27	37	1	1	0
     2608	2024-01-08 12:19:37	37	1	1	0
     2608	2024-01-08 12:19:42	37	1	1	0
     2041	2024-01-08 12:22:36	37	0	1	0
       51	2024-01-08 12:23:17	37	0	1	0
     1129	2024-01-08 12:23:21	37	0	1	0
     2162	2024-01-08 12:24:16	37	1	1	0
     1283	2024-01-08 12:24:39	37	1	1	0
      435	2024-01-08 12:24:53	37	0	1	0
     1141	2024-01-08 12:24:59	37	1	1	0
      533	2024-01-08 12:25:36	37	0	1	0
     1283	2024-01-08 12:26:06	37	0	1	0
      306	2024-01-08 12:26:18	37	0	1	0
     2162	2024-01-08 12:26:29	37	0	1	0
      318	2024-01-08 12:28:52	37	1	1	0
      318	2024-01-08 12:29:05	37	0	1	0
      176	2024-01-08 12:30:30	37	1	1	0
      176	2024-01-08 12:30:31	37	1	1	0
      176	2024-01-08 12:32:05	37	0	1	0
      176	2024-01-08 12:32:07	37	0	1	0
      211	2024-01-08 12:35:55	37	0	1	0
      653	2024-01-08 12:36:40	37	0	1	0
     2608	2024-01-08 12:36:46	37	0	1	0
     1871	2024-01-08 12:36:52	37	0	1	0
      132	2024-01-08 12:45:31	37	1	1	0
     2891	2024-01-08 12:46:37	37	1	1	0
      910	2024-01-08 12:47:08	37	0	1	0
      910	2024-01-08 12:47:13	37	1	1	0
      132	2024-01-08 12:47:49	37	0	1	0
     1141	2024-01-08 12:54:18	37	0	1	0
     2891	2024-01-08 12:54:41	37	0	1	0
     2891	2024-01-08 17:00:16	37	1	1	0
     1658	2024-01-08 17:00:45	37	1	1	0
     2162	2024-01-08 17:00:49	37	1	1	0
     2239	2024-01-08 17:01:40	37	1	1	0
      176	2024-01-08 17:02:12	37	0	1	0
      176	2024-01-08 17:02:31	37	1	1	0
      176	2024-01-08 17:02:32	37	1	1	0
     1539	2024-01-08 17:02:41	37	1	1	0
     1539	2024-01-08 17:02:42	37	1	1	0
      435	2024-01-08 17:02:53	37	1	1	0
      653	2024-01-08 17:02:58	37	1	1	0
      653	2024-01-08 17:03:00	37	1	1	0
     2608	2024-01-08 17:03:05	37	1	1	0
     2608	2024-01-08 17:03:08	37	1	1	0
      132	2024-01-08 17:03:12	37	1	1	0
     1129	2024-01-08 17:03:16	37	1	1	0
     1129	2024-01-08 17:03:18	37	1	1	0
      533	2024-01-08 17:03:33	37	1	1	0
     1141	2024-01-08 17:03:39	37	1	1	0
     1141	2024-01-08 17:03:40	37	1	1	0
     2041	2024-01-08 17:03:43	37	1	1	0
     2041	2024-01-08 17:03:44	37	1	1	0
      653	2024-01-08 17:03:57	37	1	1	0
      318	2024-01-08 17:04:07	37	1	1	0
       51	2024-01-08 17:04:13	37	1	1	0
     1283	2024-01-08 17:04:24	37	1	1	0
      306	2024-01-08 17:06:28	37	1	1	0
      118	2024-01-08 17:06:32	37	1	1	0
       61	2024-01-08 17:06:38	37	1	1	0
      211	2024-01-08 17:06:43	37	1	1	0
      910	2024-01-08 17:14:21	37	1	1	0
     1871	2024-01-08 17:14:29	37	1	1	0
     2041	2024-01-08 17:18:02	37	1	1	0
      435	2024-01-09 06:46:50	37	0	1	0
      653	2024-01-09 07:16:01	37	0	1	0
      653	2024-01-09 07:16:03	37	0	1	0
      176	2024-01-09 07:18:57	37	0	1	0
      176	2024-01-09 07:18:58	37	0	1	0
       51	2024-01-09 07:33:56	37	0	1	0
     1283	2024-01-09 07:45:10	37	0	1	0
     1283	2024-01-09 07:45:12	37	0	1	0
     2891	2024-01-09 07:45:24	37	0	1	0
     2891	2024-01-09 07:45:26	37	0	1	0
     2162	2024-01-09 07:45:29	37	0	1	0
      132	2024-01-09 07:46:19	37	0	1	0
      118	2024-01-09 07:46:38	37	0	1	0
      533	2024-01-09 07:46:42	37	0	1	0
     2239	2024-01-09 07:52:14	37	0	1	0
      318	2024-01-09 07:55:51	37	0	1	0
     2041	2024-01-09 07:57:09	37	0	1	0
     2041	2024-01-09 07:57:18	37	0	1	0
       61	2024-01-09 07:57:34	37	0	1	0
      910	2024-01-09 07:59:23	37	0	1	0
     1539	2024-01-09 08:00:02	37	0	1	0
     1539	2024-01-09 08:00:04	37	0	1	0
     1141	2024-01-09 08:00:27	37	0	1	0
     1141	2024-01-09 08:00:29	37	0	1	0
     1052	2024-01-09 08:00:47	37	0	1	0
     1052	2024-01-09 08:00:49	37	0	1	0
     1658	2024-01-09 08:01:24	37	0	1	0
     1871	2024-01-09 08:02:22	37	0	1	0
     2608	2024-01-09 08:05:37	37	0	1	0
     2608	2024-01-09 08:05:40	37	0	1	0
      306	2024-01-09 08:09:58	37	0	1	0
      528	2024-01-09 08:13:25	37	0	1	0
      211	2024-01-09 08:21:59	37	0	1	0
     2041	2024-01-09 12:01:10	37	1	1	0
     2041	2024-01-09 12:01:11	37	1	1	0
     2239	2024-01-09 12:01:16	37	1	1	0
     1052	2024-01-09 12:03:00	37	1	1	0
     2162	2024-01-09 12:04:06	37	1	1	0
     1871	2024-01-09 12:04:44	37	1	1	0
     2239	2024-01-09 12:05:03	37	0	1	0
     1052	2024-01-09 12:06:59	37	0	1	0
     2162	2024-01-09 12:08:01	37	0	1	0
      528	2024-01-09 12:08:29	37	1	1	0
     1658	2024-01-09 12:08:32	37	1	1	0
     2041	2024-01-09 12:10:28	37	0	1	0
     2041	2024-01-09 12:10:30	37	0	1	0
      528	2024-01-09 12:11:13	37	0	1	0
      435	2024-01-09 12:11:27	37	1	1	0
     1283	2024-01-09 12:11:31	37	1	1	0
       51	2024-01-09 12:11:45	37	1	1	0
      910	2024-01-09 12:11:49	37	1	1	0
      653	2024-01-09 12:12:28	37	1	1	0
     2608	2024-01-09 12:12:45	37	1	1	0
       51	2024-01-09 12:12:57	37	0	1	0
     1658	2024-01-09 12:13:03	37	0	1	0
     2891	2024-01-09 12:14:54	37	1	1	0
     2891	2024-01-09 12:14:58	37	1	1	0
     2891	2024-01-09 12:15:00	37	1	1	0
      211	2024-01-09 12:16:34	37	1	1	0
      910	2024-01-09 12:19:02	37	0	1	0
     2891	2024-01-09 12:20:20	37	0	1	0
     2891	2024-01-09 12:20:27	37	0	1	0
      435	2024-01-09 12:20:44	37	0	1	0
     1283	2024-01-09 12:20:47	37	0	1	0
      306	2024-01-09 12:21:11	37	1	1	0
       61	2024-01-09 12:23:07	37	1	1	0
      306	2024-01-09 12:23:19	37	0	1	0
      306	2024-01-09 12:23:22	37	0	1	0
      318	2024-01-09 12:23:31	37	1	1	0
      533	2024-01-09 12:23:45	37	1	1	0
      653	2024-01-09 12:24:19	37	0	1	0
      318	2024-01-09 12:25:03	37	0	1	0
      533	2024-01-09 12:25:44	37	0	1	0
     1141	2024-01-09 12:28:55	37	1	1	0
     1141	2024-01-09 12:38:30	37	0	1	0
     1141	2024-01-09 12:38:40	37	0	1	0
     2608	2024-01-09 12:39:15	37	0	1	0
      211	2024-01-09 12:39:33	37	0	1	0
     1871	2024-01-09 12:43:42	37	0	1	0
      176	2024-01-09 12:57:19	37	1	1	0
      176	2024-01-09 12:58:13	37	0	1	0
      176	2024-01-09 12:58:14	37	0	1	0
     2891	2024-01-09 17:00:02	37	0	1	0
     2891	2024-01-09 17:00:07	37	1	1	0
     2891	2024-01-09 17:00:09	37	1	1	0
      176	2024-01-09 17:00:12	37	1	1	0
     2041	2024-01-09 17:00:14	37	1	1	0
     2162	2024-01-09 17:00:17	37	1	1	0
      528	2024-01-09 17:00:20	37	1	1	0
     1658	2024-01-09 17:00:24	37	1	1	0
      132	2024-01-09 17:00:29	37	1	1	0
      318	2024-01-09 17:00:33	37	1	1	0
       51	2024-01-09 17:00:40	37	1	1	0
     1141	2024-01-09 17:00:45	37	1	1	0
     1141	2024-01-09 17:00:47	37	1	1	0
     2239	2024-01-09 17:00:53	37	1	1	0
     1052	2024-01-09 17:01:03	37	1	1	0
     1539	2024-01-09 17:01:21	37	1	1	0
      306	2024-01-09 17:01:27	37	1	1	0
       61	2024-01-09 17:01:33	37	1	1	0
      910	2024-01-09 17:01:39	37	1	1	0
      653	2024-01-09 17:01:44	37	1	1	0
      653	2024-01-09 17:01:48	37	1	1	0
     1283	2024-01-09 17:01:57	37	1	1	0
      435	2024-01-09 17:02:02	37	1	1	0
      211	2024-01-09 17:02:06	37	1	1	0
     2608	2024-01-09 17:02:10	37	1	1	0
     2608	2024-01-09 17:02:13	37	1	1	0
      653	2024-01-09 17:02:20	37	1	1	0
     1871	2024-01-09 17:03:40	37	1	1	0
      118	2024-01-09 20:54:22	37	1	1	0
      533	2024-01-09 20:54:26	37	1	1	0
      435	2024-01-10 06:45:10	37	0	1	0
       51	2024-01-10 07:37:34	37	0	1	0
     1283	2024-01-10 07:43:31	37	0	1	0
     1283	2024-01-10 07:43:32	37	0	1	0
      653	2024-01-10 07:43:38	37	0	1	0
      653	2024-01-10 07:43:41	37	0	1	0
      176	2024-01-10 07:46:08	37	0	1	0
      176	2024-01-10 07:46:09	37	0	1	0
     2891	2024-01-10 07:46:50	37	0	1	0
      118	2024-01-10 07:46:55	37	0	1	0
     2162	2024-01-10 07:46:59	37	0	1	0
     2041	2024-01-10 07:47:13	37	0	1	0
     2041	2024-01-10 07:47:15	37	0	1	0
      533	2024-01-10 07:48:19	37	0	1	0
     1129	2024-01-10 07:49:41	37	0	1	0
     1129	2024-01-10 07:49:43	37	0	1	0
     2239	2024-01-10 07:49:47	37	0	1	0
      132	2024-01-10 07:50:06	37	0	1	0
     1539	2024-01-10 07:54:58	37	0	1	0
     1539	2024-01-10 07:55:00	37	0	1	0
     1871	2024-01-10 07:57:48	37	0	1	0
      710	2024-01-10 07:59:02	37	0	1	0
      710	2024-01-10 07:59:03	37	0	1	0
       61	2024-01-10 07:59:57	37	0	1	0
     1052	2024-01-10 08:00:58	37	0	1	0
     2608	2024-01-10 08:01:16	37	0	1	0
     2608	2024-01-10 08:01:19	37	0	1	0
      528	2024-01-10 08:01:35	37	0	1	0
      910	2024-01-10 08:02:08	37	0	1	0
      318	2024-01-10 08:02:36	37	0	1	0
      211	2024-01-10 08:07:53	37	0	1	0
     1141	2024-01-10 08:08:24	37	0	1	0
     1141	2024-01-10 08:08:25	37	0	1	0
      306	2024-01-10 08:11:30	37	0	1	0
     1658	2024-01-10 08:19:18	37	0	1	0
     2041	2024-01-10 12:01:36	37	1	1	0
     1052	2024-01-10 12:01:38	37	1	1	0
     2162	2024-01-10 12:02:02	37	1	1	0
     1658	2024-01-10 12:02:41	37	1	1	0
      533	2024-01-10 12:02:43	37	1	1	0
     1871	2024-01-10 12:02:50	37	1	1	0
      306	2024-01-10 12:03:21	37	1	1	0
      710	2024-01-10 12:05:08	37	1	1	0
     2162	2024-01-10 12:05:17	37	0	1	0
      710	2024-01-10 12:06:04	37	0	1	0
     2239	2024-01-10 12:07:06	37	1	1	0
      118	2024-01-10 12:07:42	37	1	1	0
      118	2024-01-10 12:08:30	37	0	1	0
      176	2024-01-10 12:08:58	37	1	1	0
     2608	2024-01-10 12:10:09	37	1	1	0
      910	2024-01-10 12:10:16	37	1	1	0
      211	2024-01-10 12:10:20	37	1	1	0
     2239	2024-01-10 12:11:20	37	0	1	0
      528	2024-01-10 12:12:48	37	1	1	0
      910	2024-01-10 12:14:37	37	0	1	0
     2891	2024-01-10 12:15:23	37	1	1	0
      306	2024-01-10 12:15:40	37	0	1	0
      306	2024-01-10 12:15:42	37	0	1	0
     2041	2024-01-10 12:15:52	37	0	1	0
     2041	2024-01-10 12:15:53	37	0	1	0
      318	2024-01-10 12:16:06	37	1	1	0
     1052	2024-01-10 12:16:26	37	0	1	0
     1141	2024-01-10 12:18:03	37	1	1	0
     2891	2024-01-10 12:18:12	37	0	1	0
     2891	2024-01-10 12:18:13	37	0	1	0
      318	2024-01-10 12:18:17	37	0	1	0
       61	2024-01-10 12:20:16	37	1	1	0
      435	2024-01-10 12:21:14	37	1	1	0
      653	2024-01-10 12:21:19	37	1	1	0
     1283	2024-01-10 12:21:45	37	1	1	0
     1658	2024-01-10 12:22:05	37	0	1	0
      533	2024-01-10 12:23:19	37	0	1	0
       51	2024-01-10 12:23:34	37	1	1	0
       51	2024-01-10 12:23:35	37	1	1	0
      528	2024-01-10 12:24:32	37	0	1	0
      132	2024-01-10 12:26:32	37	1	1	0
     1871	2024-01-10 12:30:21	37	0	1	0
     1141	2024-01-10 12:30:50	37	0	1	0
     1539	2024-01-10 12:31:34	37	1	1	0
      176	2024-01-10 12:33:59	37	0	1	0
       51	2024-01-10 12:37:25	37	0	1	0
     1129	2024-01-10 12:37:32	37	1	1	0
     1283	2024-01-10 12:41:07	37	0	1	0
     1129	2024-01-10 12:41:11	37	0	1	0
      653	2024-01-10 12:42:58	37	0	1	0
      653	2024-01-10 12:43:01	37	0	1	0
       61	2024-01-10 12:43:27	37	0	1	0
      211	2024-01-10 12:43:42	37	0	1	0
     2608	2024-01-10 12:51:42	37	0	1	0
      132	2024-01-10 12:52:56	37	0	1	0
     1539	2024-01-10 12:55:40	37	0	1	0
      435	2024-01-10 12:55:46	37	0	1	0
     1141	2024-01-10 12:55:51	37	0	1	0
     1539	2024-01-10 17:00:44	37	1	1	0
     2041	2024-01-10 17:00:50	37	1	1	0
     2041	2024-01-10 17:00:51	37	1	1	0
     1052	2024-01-10 17:01:02	37	1	1	0
     2239	2024-01-10 17:01:05	37	1	1	0
     1658	2024-01-10 17:01:12	37	1	1	0
      528	2024-01-10 17:01:18	37	1	1	0
      132	2024-01-10 17:01:22	37	1	1	0
     2891	2024-01-10 17:01:26	37	1	1	0
      176	2024-01-10 17:01:32	37	1	1	0
      176	2024-01-10 17:01:33	37	1	1	0
      318	2024-01-10 17:01:37	37	1	1	0
      653	2024-01-10 17:01:43	37	1	1	0
      653	2024-01-10 17:01:45	37	1	1	0
      435	2024-01-10 17:01:49	37	1	1	0
     1283	2024-01-10 17:02:00	37	1	1	0
      318	2024-01-10 17:02:04	37	1	1	0
      435	2024-01-10 17:02:09	37	1	1	0
      653	2024-01-10 17:02:14	37	1	1	0
     2162	2024-01-10 17:02:17	37	1	1	0
       51	2024-01-10 17:02:25	37	1	1	0
       51	2024-01-10 17:02:26	37	1	1	0
     2608	2024-01-10 17:02:30	37	1	1	0
     2608	2024-01-10 17:02:33	37	1	1	0
       61	2024-01-10 17:02:37	37	1	1	0
      211	2024-01-10 17:02:45	37	1	1	0
      710	2024-01-10 17:02:49	37	1	1	0
      710	2024-01-10 17:02:51	37	1	1	0
     1141	2024-01-10 17:02:59	37	1	1	0
     1141	2024-01-10 17:03:01	37	1	1	0
     1129	2024-01-10 17:03:04	37	1	1	0
     1871	2024-01-10 17:03:08	37	1	1	0
      910	2024-01-10 17:04:02	37	1	1	0
      306	2024-01-10 18:06:08	37	1	1	0
      306	2024-01-10 18:06:10	37	1	1	0
      533	2024-01-10 18:06:12	37	1	1	0
      118	2024-01-10 18:06:18	37	1	1	0
      435	2024-01-11 06:26:11	37	0	1	0
      653	2024-01-11 07:38:01	37	0	1	0
      653	2024-01-11 07:38:03	37	0	1	0
      653	2024-01-11 07:38:50	37	0	1	0
     1283	2024-01-11 07:42:21	37	0	1	0
     2891	2024-01-11 07:44:55	37	0	1	0
     2891	2024-01-11 07:44:56	37	0	1	0
     2162	2024-01-11 07:45:00	37	0	1	0
      533	2024-01-11 07:46:32	37	0	1	0
       51	2024-01-11 07:46:37	37	0	1	0
       51	2024-01-11 07:46:39	37	0	1	0
      132	2024-01-11 07:49:19	37	0	1	0
     2239	2024-01-11 07:51:18	37	0	1	0
      176	2024-01-11 07:52:47	37	0	1	0
      176	2024-01-11 07:52:48	37	0	1	0
     1129	2024-01-11 07:53:53	37	0	1	0
     1129	2024-01-11 07:53:55	37	0	1	0
     1658	2024-01-11 07:56:16	37	0	1	0
      318	2024-01-11 07:56:25	37	0	1	0
      306	2024-01-11 07:56:41	37	0	1	0
      306	2024-01-11 07:56:43	37	0	1	0
     1871	2024-01-11 07:59:15	37	0	1	0
      211	2024-01-11 07:59:19	37	0	1	0
     2608	2024-01-11 07:59:51	37	0	1	0
       61	2024-01-11 08:02:44	37	0	1	0
     1141	2024-01-11 08:03:00	37	0	1	0
     1141	2024-01-11 08:03:01	37	0	1	0
     1052	2024-01-11 08:03:26	37	0	1	0
     2041	2024-01-11 08:06:04	37	0	1	0
     2041	2024-01-11 08:06:05	37	0	1	0
      710	2024-01-11 08:06:17	37	0	1	0
      710	2024-01-11 08:06:19	37	0	1	0
      528	2024-01-11 08:07:06	37	0	1	0
      910	2024-01-11 08:07:16	37	0	1	0
     1539	2024-01-11 08:20:41	37	0	1	0
     1052	2024-01-11 12:01:03	37	1	1	0
       51	2024-01-11 12:01:16	37	1	1	0
     2162	2024-01-11 12:01:26	37	1	1	0
     2891	2024-01-11 12:02:03	37	1	1	0
     2891	2024-01-11 12:02:04	37	1	1	0
     2239	2024-01-11 12:03:03	37	1	1	0
     1283	2024-01-11 12:03:18	37	1	1	0
      435	2024-01-11 12:03:23	37	1	1	0
      653	2024-01-11 12:03:32	37	1	1	0
      653	2024-01-11 12:03:35	37	1	1	0
     1052	2024-01-11 12:04:09	37	0	1	0
     2891	2024-01-11 12:05:13	37	0	1	0
     1129	2024-01-11 12:06:16	37	1	1	0
     1871	2024-01-11 12:07:27	37	1	1	0
      910	2024-01-11 12:07:46	37	1	1	0
     2239	2024-01-11 12:07:55	37	0	1	0
     2041	2024-01-11 12:08:14	37	1	1	0
     2041	2024-01-11 12:09:07	37	0	1	0
     1871	2024-01-11 12:09:11	37	0	1	0
      910	2024-01-11 12:09:18	37	0	1	0
     2162	2024-01-11 12:09:54	37	0	1	0
      710	2024-01-11 12:13:40	37	1	1	0
     2608	2024-01-11 12:15:12	37	1	1	0
      528	2024-01-11 12:15:32	37	1	1	0
     1658	2024-01-11 12:17:04	37	1	1	0
      710	2024-01-11 12:17:35	37	0	1	0
      318	2024-01-11 12:20:10	37	1	1	0
      306	2024-01-11 12:20:38	37	1	1	0
     1539	2024-01-11 12:20:45	37	1	1	0
      132	2024-01-11 12:21:04	37	1	1	0
      318	2024-01-11 12:22:15	37	0	1	0
     1539	2024-01-11 12:22:28	37	0	1	0
      132	2024-01-11 12:23:05	37	0	1	0
      211	2024-01-11 12:24:05	37	1	1	0
     1141	2024-01-11 12:24:15	37	1	1	0
     2608	2024-01-11 12:24:37	37	1	1	0
     1283	2024-01-11 12:26:26	37	0	1	0
      211	2024-01-11 12:26:32	37	0	1	0
      653	2024-01-11 12:28:13	37	0	1	0
      653	2024-01-11 12:28:15	37	0	1	0
     1283	2024-01-11 12:28:19	37	0	1	0
     1658	2024-01-11 12:28:26	37	0	1	0
     1141	2024-01-11 12:28:46	37	0	1	0
      306	2024-01-11 12:29:06	37	0	1	0
     2608	2024-01-11 12:35:45	37	0	1	0
      435	2024-01-11 12:39:05	37	0	1	0
       51	2024-01-11 12:41:59	37	0	1	0
     1129	2024-01-11 12:42:04	37	0	1	0
       61	2024-01-11 12:47:29	37	1	1	0
       61	2024-01-11 12:50:25	37	0	1	0
      528	2024-01-11 12:51:45	37	0	1	0
     1539	2024-01-11 15:02:16	37	1	1	0
     1052	2024-01-11 17:01:20	37	1	1	0
     2162	2024-01-11 17:01:26	37	1	1	0
     2239	2024-01-11 17:01:48	37	1	1	0
     2041	2024-01-11 17:01:52	37	1	1	0
     2041	2024-01-11 17:01:53	37	1	1	0
     1658	2024-01-11 17:02:22	37	1	1	0
      528	2024-01-11 17:02:24	37	1	1	0
      318	2024-01-11 17:02:49	37	1	1	0
      176	2024-01-11 17:03:22	37	1	1	0
      176	2024-01-11 17:03:23	37	1	1	0
     2891	2024-01-11 17:03:44	37	1	1	0
     2891	2024-01-11 17:03:45	37	1	1	0
       51	2024-01-11 17:04:18	37	1	1	0
      306	2024-01-11 17:04:47	37	1	1	0
      132	2024-01-11 17:04:51	37	1	1	0
      435	2024-01-11 17:06:57	37	1	1	0
      653	2024-01-11 17:07:02	37	1	1	0
      653	2024-01-11 17:07:05	37	1	1	0
      910	2024-01-11 17:07:09	37	1	1	0
     1283	2024-01-11 17:07:13	37	1	1	0
     1141	2024-01-11 17:07:18	37	1	1	0
     1141	2024-01-11 17:07:20	37	1	1	0
      533	2024-01-11 17:07:43	37	1	1	0
      211	2024-01-11 17:08:47	37	1	1	0
     1283	2024-01-11 17:08:56	37	1	1	0
     1141	2024-01-11 17:09:08	37	1	1	0
     1129	2024-01-11 17:09:12	37	1	1	0
     1129	2024-01-11 17:09:14	37	1	1	0
     2608	2024-01-11 17:10:03	37	1	1	0
      710	2024-01-11 17:10:07	37	1	1	0
      710	2024-01-11 17:10:09	37	1	1	0
      118	2024-01-11 17:11:40	37	1	1	0
       61	2024-01-11 17:11:46	37	1	1	0
     1871	2024-01-11 17:11:55	37	1	1	0
     1871	2024-01-11 17:16:41	37	1	1	0
      435	2024-01-12 06:44:10	37	0	1	0
      435	2024-01-12 06:44:15	37	0	1	0
     1283	2024-01-12 07:33:06	37	0	1	0
     1539	2024-01-12 07:45:49	37	0	1	0
     1539	2024-01-12 07:45:51	37	0	1	0
      132	2024-01-12 07:48:37	37	0	1	0
       51	2024-01-12 07:49:41	37	0	1	0
      653	2024-01-12 07:50:41	37	0	1	0
      653	2024-01-12 07:50:44	37	0	1	0
     2239	2024-01-12 07:50:50	37	0	1	0
     2891	2024-01-12 07:52:02	37	0	1	0
      118	2024-01-12 07:52:11	37	0	1	0
     2162	2024-01-12 07:52:16	37	0	1	0
      710	2024-01-12 07:53:29	37	0	1	0
      710	2024-01-12 07:53:31	37	0	1	0
      533	2024-01-12 07:54:28	37	0	1	0
     1871	2024-01-12 07:54:44	37	0	1	0
      910	2024-01-12 07:56:05	37	0	1	0
      211	2024-01-12 07:56:33	37	0	1	0
     1141	2024-01-12 07:56:43	37	0	1	0
     1141	2024-01-12 07:56:47	37	0	1	0
       61	2024-01-12 07:59:36	37	0	1	0
     1129	2024-01-12 08:00:13	37	0	1	0
     1129	2024-01-12 08:00:16	37	0	1	0
     1052	2024-01-12 08:00:19	37	0	1	0
     2608	2024-01-12 08:01:00	37	0	1	0
     1658	2024-01-12 08:08:23	37	0	1	0
      528	2024-01-12 08:09:28	37	0	1	0
      318	2024-01-12 08:12:25	37	0	1	0
     2041	2024-01-12 08:29:05	37	0	1	0
     2041	2024-01-12 08:29:07	37	0	1	0
     2239	2024-01-12 12:01:05	37	1	1	0
     1871	2024-01-12 12:01:21	37	1	1	0
     2608	2024-01-12 12:03:46	37	1	1	0
      533	2024-01-12 12:05:04	37	1	1	0
     2239	2024-01-12 12:05:10	37	0	1	0
     2162	2024-01-12 12:05:52	37	1	1	0
     2041	2024-01-12 12:06:28	37	1	1	0
     2041	2024-01-12 12:06:29	37	1	1	0
     2162	2024-01-12 12:08:03	37	0	1	0
     1052	2024-01-12 12:09:49	37	1	1	0
      710	2024-01-12 12:12:13	37	1	1	0
      710	2024-01-12 12:14:07	37	0	1	0
       51	2024-01-12 12:14:43	37	1	1	0
     1052	2024-01-12 12:15:44	37	0	1	0
       61	2024-01-12 12:15:50	37	1	1	0
      132	2024-01-12 12:16:35	37	1	1	0
     1129	2024-01-12 12:18:07	37	1	1	0
       51	2024-01-12 12:18:16	37	0	1	0
     1871	2024-01-12 12:18:30	37	0	1	0
     1129	2024-01-12 12:19:05	37	0	1	0
      318	2024-01-12 12:19:49	37	1	1	0
     2041	2024-01-12 12:20:51	37	0	1	0
     2041	2024-01-12 12:20:53	37	0	1	0
      435	2024-01-12 12:22:16	37	1	1	0
      653	2024-01-12 12:22:35	37	1	1	0
     1283	2024-01-12 12:22:41	37	1	1	0
     1539	2024-01-12 12:22:57	37	1	1	0
      533	2024-01-12 12:23:15	37	0	1	0
     1141	2024-01-12 12:25:30	37	1	1	0
     1283	2024-01-12 12:26:05	37	0	1	0
      653	2024-01-12 12:26:10	37	0	1	0
      653	2024-01-12 12:26:12	37	0	1	0
     2891	2024-01-12 12:26:19	37	1	1	0
      435	2024-01-12 12:26:58	37	0	1	0
      211	2024-01-12 12:27:17	37	1	1	0
      318	2024-01-12 12:28:08	37	0	1	0
      118	2024-01-12 12:29:12	37	1	1	0
     2608	2024-01-12 12:32:44	37	0	1	0
     1658	2024-01-12 12:33:02	37	1	1	0
      118	2024-01-12 12:33:33	37	0	1	0
     1658	2024-01-12 12:36:04	37	0	1	0
      528	2024-01-12 12:36:54	37	1	1	0
     2891	2024-01-12 12:37:30	37	0	1	0
     1141	2024-01-12 12:46:15	37	0	1	0
      910	2024-01-12 12:46:22	37	1	1	0
       61	2024-01-12 12:46:42	37	0	1	0
     1539	2024-01-12 12:46:45	37	0	1	0
      132	2024-01-12 12:46:49	37	0	1	0
      528	2024-01-12 12:47:36	37	0	1	0
      910	2024-01-12 12:50:27	37	0	1	0
      211	2024-01-12 12:57:59	37	0	1	0
     1658	2024-01-12 17:00:36	37	1	1	0
      533	2024-01-12 17:00:41	37	1	1	0
      132	2024-01-12 17:00:45	37	1	1	0
       51	2024-01-12 17:00:49	37	1	1	0
      528	2024-01-12 17:00:54	37	1	1	0
      435	2024-01-12 17:00:59	37	1	1	0
      653	2024-01-12 17:01:03	37	1	1	0
      653	2024-01-12 17:01:06	37	1	1	0
      318	2024-01-12 17:01:10	37	1	1	0
     2239	2024-01-12 17:01:16	37	1	1	0
      710	2024-01-12 17:01:18	37	1	1	0
      710	2024-01-12 17:01:20	37	1	1	0
     2608	2024-01-12 17:01:24	37	1	1	0
     1283	2024-01-12 17:01:30	37	1	1	0
     1129	2024-01-12 17:01:33	37	1	1	0
     1129	2024-01-12 17:01:35	37	1	1	0
     1539	2024-01-12 17:01:39	37	1	1	0
     1539	2024-01-12 17:01:42	37	1	1	0
     1052	2024-01-12 17:01:44	37	1	1	0
     1141	2024-01-12 17:01:46	37	1	1	0
     1141	2024-01-12 17:01:48	37	1	1	0
     2041	2024-01-12 17:01:49	37	1	1	0
     2041	2024-01-12 17:01:55	37	1	1	0
      910	2024-01-12 17:02:23	37	1	1	0
     2891	2024-01-12 17:03:04	37	1	1	0
     2891	2024-01-12 17:03:06	37	1	1	0
      211	2024-01-12 17:04:07	37	1	1	0
      910	2024-01-12 17:04:37	37	1	1	0
      118	2024-01-12 17:04:57	37	1	1	0
     2162	2024-01-12 17:05:01	37	1	1	0
       61	2024-01-12 17:05:16	37	1	1	0
     1871	2024-01-12 17:06:47	37	1	1	0
      435	2024-01-15 06:26:59	37	0	1	0
      653	2024-01-15 07:15:05	37	0	1	0
      653	2024-01-15 07:15:08	37	0	1	0
     1283	2024-01-15 07:37:31	37	0	1	0
     1283	2024-01-15 07:37:32	37	0	1	0
      132	2024-01-15 07:37:50	37	0	1	0
      176	2024-01-15 07:41:01	37	0	1	0
      176	2024-01-15 07:41:02	37	0	1	0
     1539	2024-01-15 07:42:29	37	0	1	0
     2608	2024-01-15 07:43:49	37	0	1	0
     2608	2024-01-15 07:43:52	37	0	1	0
     1658	2024-01-15 07:49:34	37	0	1	0
      118	2024-01-15 07:50:59	37	0	1	0
     2891	2024-01-15 07:51:03	37	0	1	0
     2162	2024-01-15 07:51:07	37	0	1	0
     2239	2024-01-15 07:52:28	37	0	1	0
      533	2024-01-15 07:52:33	37	0	1	0
       51	2024-01-15 07:53:40	37	0	1	0
      710	2024-01-15 07:56:58	37	0	1	0
      710	2024-01-15 07:57:00	37	0	1	0
      211	2024-01-15 07:57:13	37	0	1	0
     1052	2024-01-15 07:58:18	37	0	1	0
       61	2024-01-15 07:59:01	37	0	1	0
      528	2024-01-15 07:59:08	37	0	1	0
     1871	2024-01-15 08:01:19	37	0	1	0
      910	2024-01-15 08:02:06	37	0	1	0
      318	2024-01-15 08:04:42	37	0	1	0
     1129	2024-01-15 08:06:29	37	0	1	0
      306	2024-01-15 08:09:45	37	0	1	0
     1871	2024-01-15 12:01:24	37	1	1	0
      211	2024-01-15 12:02:30	37	1	1	0
     2239	2024-01-15 12:03:46	37	1	1	0
      118	2024-01-15 12:03:57	37	1	1	0
      211	2024-01-15 12:06:26	37	0	1	0
     2891	2024-01-15 12:06:39	37	1	1	0
       61	2024-01-15 12:07:38	37	1	1	0
     2162	2024-01-15 12:08:49	37	1	1	0
     2891	2024-01-15 12:09:07	37	0	1	0
     2891	2024-01-15 12:09:08	37	0	1	0
      118	2024-01-15 12:10:20	37	0	1	0
     2162	2024-01-15 12:11:24	37	0	1	0
     2608	2024-01-15 12:16:11	37	1	1	0
     1871	2024-01-15 12:18:25	37	0	1	0
      910	2024-01-15 12:19:36	37	1	1	0
      318	2024-01-15 12:20:56	37	1	1	0
      306	2024-01-15 12:21:04	37	1	1	0
     1283	2024-01-15 12:25:49	37	1	1	0
      132	2024-01-15 12:27:01	37	1	1	0
       51	2024-01-15 12:27:19	37	1	1	0
     1658	2024-01-15 12:27:26	37	1	1	0
      528	2024-01-15 12:27:31	37	1	1	0
      435	2024-01-15 12:27:37	37	1	1	0
      653	2024-01-15 12:27:43	37	1	1	0
     1539	2024-01-15 12:28:05	37	1	1	0
       51	2024-01-15 12:28:34	37	0	1	0
      710	2024-01-15 12:28:41	37	1	1	0
     2608	2024-01-15 12:29:13	37	0	1	0
      132	2024-01-15 12:29:20	37	0	1	0
      710	2024-01-15 12:29:22	37	0	1	0
      528	2024-01-15 12:29:25	37	0	1	0
     1658	2024-01-15 12:29:29	37	0	1	0
     1052	2024-01-15 12:30:06	37	1	1	0
      533	2024-01-15 12:31:50	37	1	1	0
     1052	2024-01-15 12:32:49	37	0	1	0
     1539	2024-01-15 12:33:50	37	0	1	0
     1539	2024-01-15 12:33:54	37	0	1	0
      910	2024-01-15 12:34:44	37	0	1	0
      533	2024-01-15 12:35:19	37	0	1	0
      318	2024-01-15 12:36:16	37	0	1	0
      176	2024-01-15 12:36:48	37	1	1	0
      176	2024-01-15 12:37:08	37	0	1	0
      176	2024-01-15 12:37:09	37	0	1	0
      653	2024-01-15 12:40:21	37	0	1	0
      306	2024-01-15 12:45:08	37	0	1	0
     1283	2024-01-15 12:45:27	37	0	1	0
     1129	2024-01-15 12:47:17	37	1	1	0
      306	2024-01-15 12:47:23	37	0	1	0
      435	2024-01-15 12:47:40	37	0	1	0
       61	2024-01-15 12:48:11	37	0	1	0
     1129	2024-01-15 12:48:16	37	0	1	0
      435	2024-01-15 17:00:08	37	1	1	0
      318	2024-01-15 17:00:13	37	1	1	0
     1539	2024-01-15 17:00:20	37	1	1	0
     1283	2024-01-15 17:00:26	37	1	1	0
       51	2024-01-15 17:00:31	37	1	1	0
      710	2024-01-15 17:00:53	37	0	1	0
      710	2024-01-15 17:00:59	37	1	1	0
      710	2024-01-15 17:01:00	37	1	1	0
     2608	2024-01-15 17:01:05	37	1	1	0
     2608	2024-01-15 17:01:10	37	1	1	0
     1052	2024-01-15 17:01:13	37	1	1	0
     1658	2024-01-15 17:01:17	37	1	1	0
      528	2024-01-15 17:01:21	37	1	1	0
     1129	2024-01-15 17:01:29	37	1	1	0
     1129	2024-01-15 17:01:31	37	1	1	0
     2891	2024-01-15 17:01:35	37	1	1	0
     2891	2024-01-15 17:01:37	37	1	1	0
      533	2024-01-15 17:01:47	37	1	1	0
      132	2024-01-15 17:01:52	37	1	1	0
     2162	2024-01-15 17:01:58	37	1	1	0
      132	2024-01-15 17:02:02	37	1	1	0
      176	2024-01-15 17:02:18	37	1	1	0
      118	2024-01-15 17:02:57	37	1	1	0
      306	2024-01-15 17:03:04	37	1	1	0
       61	2024-01-15 17:03:11	37	1	1	0
      910	2024-01-15 17:03:30	37	1	1	0
      211	2024-01-15 17:03:38	37	1	1	0
     1871	2024-01-15 17:04:14	37	1	1	0
      528	2024-01-15 17:07:21	37	1	1	0
     1129	2024-01-15 17:07:24	37	1	1	0
      435	2024-01-17 06:29:43	37	0	1	0
      176	2024-01-17 07:24:38	37	0	1	0
      176	2024-01-17 07:24:40	37	0	1	0
      176	2024-01-17 07:24:42	37	0	1	0
     1283	2024-01-17 07:35:30	37	0	1	0
      653	2024-01-17 07:40:35	37	0	1	0
      653	2024-01-17 07:40:37	37	0	1	0
      528	2024-01-17 07:41:49	37	0	1	0
       51	2024-01-17 07:47:27	37	0	1	0
      318	2024-01-17 07:48:01	37	0	1	0
      710	2024-01-17 07:48:07	37	0	1	0
      710	2024-01-17 07:48:09	37	0	1	0
      118	2024-01-17 07:48:26	37	0	1	0
     2891	2024-01-17 07:48:30	37	0	1	0
     2162	2024-01-17 07:48:34	37	0	1	0
      533	2024-01-17 07:49:29	37	0	1	0
     1539	2024-01-17 07:49:56	37	0	1	0
     2608	2024-01-17 07:51:57	37	0	1	0
     2608	2024-01-17 07:52:03	37	0	1	0
     2608	2024-01-17 07:52:07	37	0	1	0
     1658	2024-01-17 07:52:29	37	0	1	0
      132	2024-01-17 07:52:58	37	0	1	0
     2041	2024-01-17 07:54:42	37	0	1	0
     2041	2024-01-17 07:54:44	37	0	1	0
     2041	2024-01-17 07:55:08	37	0	1	0
     2041	2024-01-17 07:55:09	37	0	1	0
     1129	2024-01-17 07:56:38	37	0	1	0
     1129	2024-01-17 07:56:40	37	0	1	0
      910	2024-01-17 07:56:51	37	0	1	0
      910	2024-01-17 07:56:53	37	0	1	0
      211	2024-01-17 07:58:06	37	0	1	0
       61	2024-01-17 08:00:16	37	0	1	0
     1871	2024-01-17 08:01:51	37	0	1	0
     1052	2024-01-17 08:05:05	37	0	1	0
     1141	2024-01-17 08:07:11	37	0	1	0
     1141	2024-01-17 08:07:12	37	0	1	0
     1141	2024-01-17 08:09:01	37	0	1	0
      306	2024-01-17 08:29:04	37	0	1	0
     2162	2024-01-17 12:01:37	37	1	1	0
     1052	2024-01-17 12:03:51	37	1	1	0
      132	2024-01-17 12:04:34	37	1	1	0
      653	2024-01-17 12:05:17	37	1	1	0
       51	2024-01-17 12:06:37	37	1	1	0
     2891	2024-01-17 12:06:52	37	1	1	0
     2162	2024-01-17 12:07:01	37	0	1	0
     1052	2024-01-17 12:07:04	37	0	1	0
      132	2024-01-17 12:07:13	37	0	1	0
      435	2024-01-17 12:07:25	37	1	1	0
      710	2024-01-17 12:07:40	37	1	1	0
     2041	2024-01-17 12:08:52	37	1	1	0
     1871	2024-01-17 12:08:58	37	1	1	0
     2891	2024-01-17 12:09:29	37	0	1	0
      710	2024-01-17 12:09:34	37	0	1	0
     2041	2024-01-17 12:10:03	37	0	1	0
     2041	2024-01-17 12:10:04	37	0	1	0
      211	2024-01-17 12:10:15	37	1	1	0
      910	2024-01-17 12:14:34	37	1	1	0
       51	2024-01-17 12:15:31	37	0	1	0
      653	2024-01-17 12:16:29	37	0	1	0
      653	2024-01-17 12:16:31	37	0	1	0
     1283	2024-01-17 12:17:08	37	1	1	0
      435	2024-01-17 12:17:24	37	0	1	0
     2608	2024-01-17 12:19:41	37	1	1	0
     1539	2024-01-17 12:20:32	37	1	1	0
     1658	2024-01-17 12:22:08	37	1	1	0
      528	2024-01-17 12:22:14	37	1	1	0
     1539	2024-01-17 12:22:38	37	0	1	0
      176	2024-01-17 12:23:10	37	1	1	0
      176	2024-01-17 12:23:12	37	1	1	0
      528	2024-01-17 12:23:46	37	0	1	0
     1283	2024-01-17 12:23:52	37	0	1	0
      910	2024-01-17 12:23:55	37	0	1	0
     1129	2024-01-17 12:24:24	37	1	1	0
     1141	2024-01-17 12:24:29	37	1	1	0
     1658	2024-01-17 12:26:16	37	0	1	0
     1129	2024-01-17 12:27:17	37	0	1	0
       61	2024-01-17 12:28:08	37	1	1	0
      306	2024-01-17 12:29:40	37	1	1	0
      306	2024-01-17 12:31:04	37	0	1	0
     1141	2024-01-17 12:32:39	37	0	1	0
     2608	2024-01-17 12:34:02	37	0	1	0
      318	2024-01-17 12:46:47	37	0	1	0
      318	2024-01-17 12:46:51	37	1	1	0
     1871	2024-01-17 12:47:42	37	0	1	0
      176	2024-01-17 12:47:46	37	0	1	0
      176	2024-01-17 12:47:48	37	0	1	0
      318	2024-01-17 12:49:10	37	0	1	0
