      837	2024-01-02 06:41:55	38	0	25	0
      837	2024-01-02 06:41:59	38	0	25	0
     2924	2024-01-02 06:48:46	38	0	1	0
     2924	2024-01-02 06:48:47	38	0	1	0
     1875	2024-01-02 07:36:31	38	0	1	0
      501	2024-01-02 07:48:29	38	0	1	0
      186	2024-01-02 07:48:52	38	0	1	0
     2062	2024-01-02 07:52:56	38	0	1	0
     1455	2024-01-02 07:54:04	38	0	1	0
     1904	2024-01-02 07:55:16	38	0	1	0
     1904	2024-01-02 07:55:18	38	0	1	0
     2736	2024-01-02 07:55:22	38	0	1	0
      728	2024-01-02 07:55:35	38	0	28	0
     1885	2024-01-02 07:57:50	38	0	1	0
     1886	2024-01-02 08:00:33	38	0	1	0
     1083	2024-01-02 08:05:18	38	0	1	0
      197	2024-01-02 08:11:57	38	0	1	0
      197	2024-01-02 08:12:00	38	0	1	0
      104	2024-01-02 08:14:26	38	0	1	0
     2671	2024-01-02 08:19:11	38	0	1	0
     2671	2024-01-02 08:19:13	38	0	1	0
      273	2024-01-02 08:20:39	38	0	1	0
      131	2024-01-02 08:21:33	38	0	1	0
      220	2024-01-02 08:46:41	38	0	1	0
     1034	2024-01-02 08:49:37	38	0	25	0
     1886	2024-01-02 12:01:20	38	1	1	0
      220	2024-01-02 12:01:52	38	1	1	0
      837	2024-01-02 12:02:01	38	1	25	0
      837	2024-01-02 12:02:09	38	1	25	0
      131	2024-01-02 12:02:31	38	1	1	0
     1875	2024-01-02 12:02:49	38	1	1	0
      501	2024-01-02 12:03:03	38	1	1	0
     2736	2024-01-02 12:03:49	38	1	1	0
     1885	2024-01-02 12:04:09	38	1	1	0
     1083	2024-01-02 12:05:09	38	1	1	0
      131	2024-01-02 12:05:17	38	0	1	0
      273	2024-01-02 12:05:59	38	1	1	0
     2927	2024-01-02 12:06:31	38	0	1	0
      220	2024-01-02 12:07:59	38	0	1	0
      273	2024-01-02 12:08:09	38	0	1	0
     1875	2024-01-02 12:08:33	38	0	1	0
     1904	2024-01-02 12:09:03	38	1	1	0
     1904	2024-01-02 12:09:06	38	1	1	0
      186	2024-01-02 12:09:12	38	1	1	0
      186	2024-01-02 12:13:27	38	0	1	0
     1886	2024-01-02 12:13:49	38	0	1	0
     2062	2024-01-02 12:13:55	38	1	1	0
     2062	2024-01-02 12:13:58	38	1	1	0
      197	2024-01-02 12:14:02	38	1	1	0
      197	2024-01-02 12:14:05	38	1	1	0
     1455	2024-01-02 12:14:18	38	1	1	0
      837	2024-01-02 12:15:04	38	0	25	0
      728	2024-01-02 12:24:26	38	1	28	0
      104	2024-01-02 12:26:56	38	1	1	0
     1083	2024-01-02 12:31:01	38	0	1	0
     1455	2024-01-02 12:32:17	38	0	1	0
     1904	2024-01-02 12:32:28	38	0	1	0
     1904	2024-01-02 12:32:31	38	0	1	0
     1885	2024-01-02 12:32:55	38	0	1	0
     2062	2024-01-02 12:35:26	38	0	1	0
     2062	2024-01-02 12:35:29	38	0	1	0
     2736	2024-01-02 12:38:55	38	0	1	0
      728	2024-01-02 12:39:04	38	0	28	0
      104	2024-01-02 12:44:24	38	0	1	0
      197	2024-01-02 12:48:50	38	0	1	0
      197	2024-01-02 12:48:53	38	0	1	0
     2671	2024-01-02 12:51:18	38	0	1	0
     2671	2024-01-02 12:51:30	38	1	1	0
     2671	2024-01-02 12:51:32	38	1	1	0
     2924	2024-01-02 12:51:37	38	1	1	0
     2924	2024-01-02 12:51:38	38	1	1	0
     2923	2024-01-02 12:51:42	38	1	1	0
     2923	2024-01-02 12:51:43	38	1	1	0
     2924	2024-01-02 12:53:37	38	0	1	0
     2924	2024-01-02 12:53:39	38	0	1	0
     2923	2024-01-02 12:53:56	38	0	1	0
     2923	2024-01-02 12:53:57	38	0	1	0
     2671	2024-01-02 12:54:24	38	0	1	0
     2671	2024-01-02 12:54:26	38	0	1	0
     1034	2024-01-02 12:59:47	38	1	1	0
     1034	2024-01-02 13:00:38	38	0	1	0
     1034	2024-01-02 17:01:13	38	1	25	0
     2736	2024-01-02 17:01:17	38	1	1	0
     2736	2024-01-02 17:01:18	38	1	1	0
      837	2024-01-02 17:01:24	38	1	25	0
      837	2024-01-02 17:01:29	38	1	25	0
     2927	2024-01-02 17:01:34	38	1	1	0
     2927	2024-01-02 17:01:35	38	1	1	0
      728	2024-01-02 17:01:55	38	1	28	0
     1885	2024-01-02 17:03:00	38	1	1	0
     2923	2024-01-02 17:05:09	38	1	1	0
     2923	2024-01-02 17:05:10	38	1	1	0
     2924	2024-01-02 17:05:13	38	1	1	0
     2924	2024-01-02 17:05:15	38	1	1	0
     1455	2024-01-02 17:05:20	38	1	1	0
      186	2024-01-02 17:05:30	38	1	1	0
     2671	2024-01-02 17:05:37	38	1	1	0
     2671	2024-01-02 17:05:38	38	1	1	0
     1455	2024-01-02 17:05:55	38	1	1	0
     1875	2024-01-02 17:06:00	38	1	1	0
     2062	2024-01-02 17:06:06	38	1	1	0
     2062	2024-01-02 17:06:09	38	1	1	0
      131	2024-01-02 17:06:52	38	1	1	0
      197	2024-01-02 17:09:23	38	1	1	0
      197	2024-01-02 17:09:26	38	1	1	0
     1083	2024-01-02 17:09:32	38	1	1	0
     1083	2024-01-02 17:09:38	38	1	1	0
      104	2024-01-02 17:14:00	38	1	1	0
     1904	2024-01-02 17:16:34	38	1	1	0
     1904	2024-01-02 17:16:36	38	1	1	0
     1886	2024-01-02 17:33:15	38	1	1	0
      220	2024-01-02 17:55:32	38	1	1	0
      273	2024-01-02 18:00:39	38	1	1	0
      273	2024-01-02 18:00:43	38	1	1	0
     1886	2024-01-02 18:37:49	38	1	1	0
      837	2024-01-03 06:44:00	38	0	25	0
      837	2024-01-03 06:44:04	38	0	25	0
      660	2024-01-03 07:05:16	38	0	1	0
      197	2024-01-03 07:18:29	38	0	1	0
      197	2024-01-03 07:18:32	38	0	1	0
     1455	2024-01-03 07:31:58	38	0	1	0
     2927	2024-01-03 07:39:22	38	0	1	0
     2927	2024-01-03 07:39:24	38	0	1	0
     2031	2024-01-03 07:44:02	38	0	1	0
     2031	2024-01-03 07:44:04	38	0	1	0
     2736	2024-01-03 07:44:22	38	0	1	0
      143	2024-01-03 07:50:40	38	0	1	0
     1904	2024-01-03 07:50:46	38	0	1	0
     1904	2024-01-03 07:50:50	38	0	1	0
      143	2024-01-03 07:50:51	38	0	1	0
     2062	2024-01-03 07:52:07	38	0	1	0
      273	2024-01-03 07:52:41	38	0	1	0
     1875	2024-01-03 07:53:33	38	0	1	0
      728	2024-01-03 07:53:46	38	0	28	0
      104	2024-01-03 07:54:39	38	0	1	0
     1886	2024-01-03 07:55:56	38	0	1	0
      273	2024-01-03 07:56:17	38	0	1	0
     1875	2024-01-03 07:57:00	38	0	1	0
     2671	2024-01-03 07:57:12	38	0	1	0
     2671	2024-01-03 07:57:13	38	0	1	0
     1624	2024-01-03 07:57:38	38	0	1	0
      175	2024-01-03 07:58:02	38	0	1	0
     1083	2024-01-03 07:58:59	38	0	1	0
      131	2024-01-03 07:59:06	38	0	1	0
     1885	2024-01-03 07:59:14	38	0	1	0
      501	2024-01-03 08:00:21	38	0	1	0
      220	2024-01-03 08:13:28	38	0	1	0
     2855	2024-01-03 08:14:06	38	0	1	0
     1034	2024-01-03 08:30:11	38	0	25	0
     1885	2024-01-03 12:02:24	38	1	1	0
     1034	2024-01-03 12:02:32	38	1	25	0
     2736	2024-01-03 12:02:37	38	1	1	0
     2927	2024-01-03 12:02:55	38	1	1	0
      197	2024-01-03 12:03:04	38	1	1	0
      197	2024-01-03 12:03:07	38	1	1	0
      837	2024-01-03 12:03:14	38	1	25	0
      837	2024-01-03 12:03:20	38	1	1	0
     1886	2024-01-03 12:04:05	38	1	1	0
      131	2024-01-03 12:05:58	38	1	1	0
      131	2024-01-03 12:07:08	38	0	1	0
     2031	2024-01-03 12:07:28	38	1	1	0
     1875	2024-01-03 12:10:07	38	1	1	0
      501	2024-01-03 12:11:20	38	1	1	0
     1034	2024-01-03 12:13:37	38	0	25	0
      143	2024-01-03 12:14:04	38	1	1	0
     1624	2024-01-03 12:14:09	38	1	1	0
     1624	2024-01-03 12:14:11	38	1	1	0
      660	2024-01-03 12:14:20	38	1	1	0
      837	2024-01-03 12:14:52	38	0	25	0
     2855	2024-01-03 12:15:38	38	1	1	0
     1875	2024-01-03 12:16:07	38	0	1	0
     1455	2024-01-03 12:18:20	38	1	1	0
     1886	2024-01-03 12:19:29	38	0	1	0
      660	2024-01-03 12:19:54	38	0	1	0
     2736	2024-01-03 12:21:03	38	0	1	0
     1904	2024-01-03 12:22:36	38	1	1	0
     1904	2024-01-03 12:22:39	38	1	1	0
     2062	2024-01-03 12:22:45	38	1	1	0
     2062	2024-01-03 12:22:49	38	1	1	0
     2927	2024-01-03 12:22:56	38	0	1	0
     2927	2024-01-03 12:22:58	38	0	1	0
      175	2024-01-03 12:23:21	38	1	1	0
      104	2024-01-03 12:23:50	38	1	1	0
     1904	2024-01-03 12:24:13	38	0	1	0
     1904	2024-01-03 12:24:17	38	0	1	0
     2062	2024-01-03 12:24:25	38	0	1	0
     2062	2024-01-03 12:24:28	38	0	1	0
      728	2024-01-03 12:24:39	38	1	28	0
      273	2024-01-03 12:25:35	38	1	1	0
      220	2024-01-03 12:25:42	38	1	1	0
     1455	2024-01-03 12:25:48	38	0	1	0
      273	2024-01-03 12:26:03	38	0	1	0
     2031	2024-01-03 12:26:36	38	0	1	0
      220	2024-01-03 12:27:03	38	0	1	0
      501	2024-01-03 12:27:14	38	0	1	0
      104	2024-01-03 12:28:48	38	0	1	0
      660	2024-01-03 12:31:23	38	0	1	0
     1624	2024-01-03 12:34:49	38	0	1	0
     1624	2024-01-03 12:34:50	38	0	1	0
     1083	2024-01-03 12:35:11	38	1	1	0
      175	2024-01-03 12:35:40	38	0	1	0
     1885	2024-01-03 12:39:16	38	0	1	0
     2671	2024-01-03 12:39:29	38	1	1	0
     2671	2024-01-03 12:39:30	38	1	1	0
     2924	2024-01-03 12:39:34	38	1	1	0
     2924	2024-01-03 12:39:36	38	1	1	0
     2923	2024-01-03 12:39:38	38	1	1	0
     2923	2024-01-03 12:39:40	38	1	1	0
      197	2024-01-03 12:41:14	38	0	1	0
      197	2024-01-03 12:41:17	38	0	1	0
     2855	2024-01-03 12:43:37	38	0	1	0
     2924	2024-01-03 12:43:54	38	0	1	0
     2924	2024-01-03 12:43:56	38	0	1	0
     2923	2024-01-03 12:43:58	38	0	1	0
     2923	2024-01-03 12:43:59	38	0	1	0
     2671	2024-01-03 12:44:08	38	0	1	0
     2671	2024-01-03 12:44:09	38	0	1	0
     1083	2024-01-03 12:44:40	38	0	1	0
      728	2024-01-03 12:51:58	38	0	28	0
      273	2024-01-03 14:45:50	38	1	1	0
     1885	2024-01-03 17:00:06	38	1	1	0
      660	2024-01-03 17:01:17	38	1	1	0
      501	2024-01-03 17:01:30	38	1	1	0
      837	2024-01-03 17:01:42	38	1	25	0
      837	2024-01-03 17:01:47	38	1	25	0
     2927	2024-01-03 17:01:57	38	1	1	0
     2927	2024-01-03 17:01:59	38	1	1	0
     2736	2024-01-03 17:02:06	38	1	1	0
     2736	2024-01-03 17:02:07	38	1	1	0
     1034	2024-01-03 17:02:10	38	1	25	0
      728	2024-01-03 17:02:21	38	1	28	0
     2671	2024-01-03 17:02:41	38	1	1	0
     2671	2024-01-03 17:02:43	38	1	1	0
     2031	2024-01-03 17:02:51	38	1	1	0
     2031	2024-01-03 17:02:52	38	1	1	0
     2855	2024-01-03 17:03:06	38	1	1	0
     2062	2024-01-03 17:04:38	38	1	1	0
     2062	2024-01-03 17:04:40	38	1	1	0
     1455	2024-01-03 17:04:47	38	1	1	0
      143	2024-01-03 17:05:14	38	1	1	0
      143	2024-01-03 17:05:17	38	1	1	0
      143	2024-01-03 17:05:20	38	1	1	0
      220	2024-01-03 17:05:26	38	1	1	0
      220	2024-01-03 17:05:32	38	1	1	0
      104	2024-01-03 17:07:21	38	1	1	0
      104	2024-01-03 17:07:22	38	1	1	0
      131	2024-01-03 17:08:11	38	1	1	0
     1886	2024-01-03 17:08:17	38	1	1	0
     1904	2024-01-03 17:08:23	38	1	1	0
     1904	2024-01-03 17:08:27	38	1	1	0
     1624	2024-01-03 17:08:38	38	1	1	0
     1624	2024-01-03 17:08:41	38	1	1	0
     1875	2024-01-03 17:11:03	38	1	1	0
     1455	2024-01-03 17:15:18	38	0	1	0
     1455	2024-01-03 17:15:24	38	4	1	0
     1083	2024-01-03 17:18:09	38	1	1	0
     1083	2024-01-03 17:18:25	38	1	1	0
     1083	2024-01-03 17:18:32	38	1	1	0
      197	2024-01-03 17:18:40	38	1	1	0
      197	2024-01-03 17:18:46	38	1	1	0
      175	2024-01-03 17:29:36	38	1	1	0
     1455	2024-01-03 20:00:03	38	5	1	0
      837	2024-01-04 06:40:24	38	0	25	0
      837	2024-01-04 06:40:28	38	0	25	0
      660	2024-01-04 07:34:39	38	0	1	0
     2671	2024-01-04 07:34:43	38	0	1	0
     2671	2024-01-04 07:34:44	38	0	1	0
      197	2024-01-04 07:36:49	38	0	1	0
      197	2024-01-04 07:36:52	38	0	1	0
      501	2024-01-04 07:37:28	38	0	1	0
     2031	2024-01-04 07:38:19	38	0	1	0
     2031	2024-01-04 07:38:20	38	0	1	0
     2736	2024-01-04 07:40:08	38	0	1	0
     1875	2024-01-04 07:41:07	38	0	1	0
      104	2024-01-04 07:44:45	38	0	1	0
      143	2024-01-04 07:47:08	38	0	1	0
      143	2024-01-04 07:47:09	38	0	1	0
     2927	2024-01-04 07:47:16	38	0	1	0
     2927	2024-01-04 07:47:20	38	0	1	0
      186	2024-01-04 07:50:25	38	0	1	0
     1455	2024-01-04 07:51:19	38	0	1	0
     2062	2024-01-04 07:51:37	38	0	1	0
      728	2024-01-04 07:51:47	38	0	28	0
      175	2024-01-04 07:54:35	38	0	1	0
     1885	2024-01-04 07:55:52	38	0	1	0
     1083	2024-01-04 07:57:52	38	0	1	0
     1904	2024-01-04 08:02:24	38	0	1	0
     1904	2024-01-04 08:02:27	38	0	1	0
     1624	2024-01-04 08:02:40	38	0	1	0
     1624	2024-01-04 08:02:42	38	0	1	0
      131	2024-01-04 08:06:04	38	0	1	0
     1886	2024-01-04 08:08:34	38	0	1	0
     1034	2024-01-04 08:09:51	38	0	25	0
     2855	2024-01-04 08:15:54	38	0	1	0
      220	2024-01-04 08:20:50	38	0	1	0
      511	2024-01-04 09:05:14	38	0	25	0
      220	2024-01-04 12:01:58	38	1	1	0
     2736	2024-01-04 12:02:19	38	1	1	0
     2927	2024-01-04 12:02:35	38	1	1	0
     2927	2024-01-04 12:02:37	38	1	1	0
      197	2024-01-04 12:02:47	38	1	1	0
      197	2024-01-04 12:02:52	38	1	1	0
     1886	2024-01-04 12:03:14	38	1	1	0
     1083	2024-01-04 12:03:45	38	1	1	0
      837	2024-01-04 12:04:00	38	1	25	0
      837	2024-01-04 12:04:04	38	1	1	0
      511	2024-01-04 12:05:02	38	1	25	0
      143	2024-01-04 12:06:00	38	1	1	0
      143	2024-01-04 12:06:02	38	1	1	0
      501	2024-01-04 12:06:08	38	1	1	0
     1885	2024-01-04 12:06:23	38	1	1	0
     2855	2024-01-04 12:06:41	38	1	1	0
     1624	2024-01-04 12:10:26	38	1	1	0
     1624	2024-01-04 12:10:27	38	1	1	0
     2927	2024-01-04 12:12:04	38	0	1	0
     1455	2024-01-04 12:12:10	38	1	1	0
     1886	2024-01-04 12:12:21	38	0	1	0
     2031	2024-01-04 12:12:32	38	1	1	0
      143	2024-01-04 12:12:39	38	0	1	0
      143	2024-01-04 12:12:41	38	0	1	0
     1875	2024-01-04 12:14:19	38	1	1	0
      104	2024-01-04 12:15:21	38	1	1	0
      131	2024-01-04 12:15:46	38	1	1	0
      728	2024-01-04 12:16:06	38	1	28	0
      131	2024-01-04 12:21:08	38	0	1	0
      660	2024-01-04 12:21:30	38	1	1	0
     1904	2024-01-04 12:23:30	38	1	1	0
     1904	2024-01-04 12:23:32	38	1	1	0
     2031	2024-01-04 12:23:45	38	0	1	0
     2031	2024-01-04 12:23:50	38	0	1	0
      220	2024-01-04 12:23:57	38	0	1	0
     1624	2024-01-04 12:24:03	38	0	1	0
     1624	2024-01-04 12:24:10	38	0	1	0
     1904	2024-01-04 12:24:48	38	0	1	0
     1904	2024-01-04 12:24:52	38	0	1	0
      175	2024-01-04 12:25:01	38	1	1	0
     2736	2024-01-04 12:25:59	38	0	1	0
      837	2024-01-04 12:26:07	38	0	25	0
     2062	2024-01-04 12:26:52	38	1	1	0
     2062	2024-01-04 12:26:55	38	1	1	0
      186	2024-01-04 12:27:01	38	1	1	0
      660	2024-01-04 12:28:49	38	0	1	0
     1083	2024-01-04 12:31:25	38	0	1	0
      186	2024-01-04 12:31:37	38	0	1	0
     2062	2024-01-04 12:31:44	38	0	1	0
     2062	2024-01-04 12:31:47	38	0	1	0
      728	2024-01-04 12:32:12	38	0	28	0
      728	2024-01-04 12:32:30	38	0	28	0
     2855	2024-01-04 12:39:38	38	0	1	0
      197	2024-01-04 12:39:56	38	0	1	0
      197	2024-01-04 12:39:59	38	0	1	0
      104	2024-01-04 12:41:09	38	0	1	0
      511	2024-01-04 12:43:09	38	0	25	0
     1875	2024-01-04 12:43:14	38	0	1	0
      501	2024-01-04 12:43:24	38	0	1	0
     2671	2024-01-04 12:45:50	38	1	1	0
     2671	2024-01-04 12:45:52	38	1	1	0
     2923	2024-01-04 12:45:54	38	1	1	0
     2923	2024-01-04 12:45:55	38	1	1	0
     2924	2024-01-04 12:45:56	38	1	1	0
     2924	2024-01-04 12:45:58	38	1	1	0
     1455	2024-01-04 12:46:21	38	0	1	0
     2924	2024-01-04 12:51:36	38	0	1	0
     2924	2024-01-04 12:51:37	38	0	1	0
     2923	2024-01-04 12:51:40	38	0	1	0
     2923	2024-01-04 12:51:41	38	0	1	0
     2671	2024-01-04 12:51:47	38	0	1	0
     2671	2024-01-04 12:51:49	38	0	1	0
     1034	2024-01-04 12:57:16	38	1	25	0
      175	2024-01-04 12:58:29	38	0	1	0
     1034	2024-01-04 12:59:51	38	0	25	0
     1885	2024-01-04 13:02:16	38	0	1	0
      660	2024-01-04 17:01:07	38	1	1	0
     1885	2024-01-04 17:01:44	38	1	1	0
     1455	2024-01-04 17:02:31	38	1	1	0
      837	2024-01-04 17:02:39	38	1	25	0
      837	2024-01-04 17:02:44	38	1	25	0
     1034	2024-01-04 17:02:49	38	1	25	0
     2855	2024-01-04 17:02:55	38	1	1	0
     2736	2024-01-04 17:02:59	38	1	1	0
     2736	2024-01-04 17:03:00	38	1	1	0
      728	2024-01-04 17:03:10	38	1	28	0
     2927	2024-01-04 17:03:19	38	1	1	0
     2031	2024-01-04 17:03:25	38	1	1	0
     2031	2024-01-04 17:03:26	38	1	1	0
     1904	2024-01-04 17:03:32	38	1	1	0
     1904	2024-01-04 17:03:35	38	1	1	0
     2924	2024-01-04 17:03:53	38	1	1	0
     2924	2024-01-04 17:03:54	38	1	1	0
     2671	2024-01-04 17:03:57	38	1	1	0
     2671	2024-01-04 17:03:58	38	1	1	0
     2923	2024-01-04 17:04:01	38	1	1	0
     2923	2024-01-04 17:04:02	38	1	1	0
      186	2024-01-04 17:04:08	38	1	1	0
      220	2024-01-04 17:07:33	38	1	1	0
      220	2024-01-04 17:07:35	38	1	1	0
      143	2024-01-04 17:07:41	38	1	1	0
      143	2024-01-04 17:07:43	38	1	1	0
     1083	2024-01-04 17:08:48	38	1	1	0
     1083	2024-01-04 17:08:54	38	1	1	0
      131	2024-01-04 17:11:36	38	1	1	0
      197	2024-01-04 17:12:18	38	1	1	0
      197	2024-01-04 17:12:20	38	1	1	0
     2062	2024-01-04 17:12:41	38	1	1	0
     2062	2024-01-04 17:12:44	38	1	1	0
     1886	2024-01-04 17:12:57	38	1	1	0
      511	2024-01-04 17:14:16	38	1	25	0
     1455	2024-01-04 17:15:46	38	4	1	0
      104	2024-01-04 17:20:46	38	1	1	0
      175	2024-01-04 17:33:17	38	1	1	0
     1875	2024-01-04 17:41:53	38	1	1	0
     1455	2024-01-04 20:01:07	38	5	1	0
      837	2024-01-05 06:41:10	38	0	25	0
      837	2024-01-05 06:41:14	38	0	25	0
      660	2024-01-05 06:46:56	38	0	1	0
     2671	2024-01-05 07:26:51	38	0	1	0
     2671	2024-01-05 07:26:52	38	0	1	0
     2927	2024-01-05 07:29:42	38	0	1	0
     2927	2024-01-05 07:29:43	38	0	1	0
     1455	2024-01-05 07:34:53	38	0	1	0
      104	2024-01-05 07:46:28	38	0	1	0
     2031	2024-01-05 07:47:11	38	0	1	0
     2031	2024-01-05 07:47:12	38	0	1	0
      186	2024-01-05 07:49:53	38	0	1	0
      728	2024-01-05 07:51:53	38	0	28	0
      511	2024-01-05 07:52:04	38	0	25	0
     1875	2024-01-05 07:52:57	38	0	1	0
     2062	2024-01-05 07:53:22	38	0	1	0
      220	2024-01-05 07:56:03	38	0	1	0
     1886	2024-01-05 07:56:17	38	0	1	0
     1885	2024-01-05 07:57:57	38	0	1	0
      143	2024-01-05 07:58:25	38	0	1	0
      143	2024-01-05 07:58:28	38	0	1	0
     1624	2024-01-05 08:00:31	38	0	1	0
     2855	2024-01-05 08:01:16	38	0	1	0
     1083	2024-01-05 08:01:22	38	0	1	0
      175	2024-01-05 08:03:06	38	0	1	0
      131	2024-01-05 08:03:50	38	0	1	0
     1034	2024-01-05 08:13:57	38	0	25	0
      197	2024-01-05 08:14:32	38	0	1	0
      197	2024-01-05 08:14:35	38	0	1	0
      131	2024-01-05 12:01:11	38	0	1	0
      131	2024-01-05 12:01:16	38	1	1	0
     1885	2024-01-05 12:02:09	38	1	1	0
      131	2024-01-05 12:03:43	38	0	1	0
      837	2024-01-05 12:05:29	38	1	25	0
     2927	2024-01-05 12:06:54	38	1	1	0
      175	2024-01-05 12:07:12	38	1	1	0
     2855	2024-01-05 12:10:41	38	1	1	0
      143	2024-01-05 12:11:16	38	1	1	0
      143	2024-01-05 12:11:18	38	1	1	0
     1875	2024-01-05 12:12:16	38	1	1	0
     1624	2024-01-05 12:12:51	38	1	1	0
     1624	2024-01-05 12:12:52	38	1	1	0
      837	2024-01-05 12:14:05	38	0	25	0
     1886	2024-01-05 12:20:17	38	1	1	0
      728	2024-01-05 12:20:48	38	1	28	0
     2927	2024-01-05 12:20:56	38	0	1	0
     2927	2024-01-05 12:20:58	38	0	1	0
     2031	2024-01-05 12:21:05	38	1	1	0
     2031	2024-01-05 12:21:06	38	1	1	0
      104	2024-01-05 12:24:39	38	1	1	0
      104	2024-01-05 12:24:41	38	1	1	0
      186	2024-01-05 12:26:29	38	1	1	0
     2062	2024-01-05 12:26:53	38	1	1	0
     2062	2024-01-05 12:26:55	38	1	1	0
     1875	2024-01-05 12:27:57	38	0	1	0
      143	2024-01-05 12:28:29	38	0	1	0
      143	2024-01-05 12:28:33	38	0	1	0
     1624	2024-01-05 12:29:51	38	0	1	0
     1624	2024-01-05 12:29:52	38	0	1	0
      728	2024-01-05 12:30:12	38	0	28	0
      104	2024-01-05 12:30:23	38	0	1	0
     2855	2024-01-05 12:30:41	38	0	1	0
     1886	2024-01-05 12:30:47	38	0	1	0
      197	2024-01-05 12:33:02	38	1	1	0
      197	2024-01-05 12:33:05	38	1	1	0
     1885	2024-01-05 12:33:18	38	0	1	0
      186	2024-01-05 12:34:36	38	0	1	0
     2062	2024-01-05 12:34:48	38	0	1	0
     2062	2024-01-05 12:34:52	38	0	1	0
     2031	2024-01-05 12:40:49	38	0	1	0
     2031	2024-01-05 12:40:51	38	0	1	0
     1455	2024-01-05 12:41:36	38	1	1	0
      186	2024-01-05 12:43:36	38	0	1	0
     1455	2024-01-05 12:43:56	38	0	1	0
      511	2024-01-05 12:44:18	38	0	25	0
     2671	2024-01-05 12:45:12	38	1	1	0
     2671	2024-01-05 12:45:13	38	1	1	0
     2924	2024-01-05 12:45:19	38	1	1	0
     2924	2024-01-05 12:45:20	38	1	1	0
     2923	2024-01-05 12:45:22	38	1	1	0
     2923	2024-01-05 12:45:23	38	1	1	0
      660	2024-01-05 12:45:27	38	1	1	0
      511	2024-01-05 12:47:00	38	1	25	0
      511	2024-01-05 12:47:09	38	0	25	0
     2671	2024-01-05 12:47:25	38	0	1	0
     2671	2024-01-05 12:47:27	38	0	1	0
      175	2024-01-05 12:47:42	38	0	1	0
     2924	2024-01-05 12:47:47	38	0	1	0
     2924	2024-01-05 12:47:49	38	0	1	0
     2923	2024-01-05 12:47:52	38	0	1	0
     2923	2024-01-05 12:47:53	38	0	1	0
      197	2024-01-05 12:53:17	38	0	1	0
      197	2024-01-05 12:53:19	38	0	1	0
      660	2024-01-05 12:53:58	38	0	1	0
      511	2024-01-05 12:54:01	38	0	25	0
     1034	2024-01-05 12:58:37	38	1	1	0
     1034	2024-01-05 13:00:32	38	0	1	0
     1034	2024-01-05 16:44:25	38	1	25	0
      660	2024-01-05 17:01:03	38	1	1	0
      511	2024-01-05 17:01:06	38	1	25	0
     1885	2024-01-05 17:02:40	38	1	1	0
     2927	2024-01-05 17:02:51	38	1	1	0
     2927	2024-01-05 17:02:53	38	1	1	0
      837	2024-01-05 17:03:02	38	1	25	0
      837	2024-01-05 17:03:08	38	1	25	0
      186	2024-01-05 17:03:15	38	1	1	0
     1624	2024-01-05 17:03:43	38	1	1	0
     1624	2024-01-05 17:03:45	38	1	1	0
     1455	2024-01-05 17:04:08	38	1	1	0
     2855	2024-01-05 17:04:28	38	1	1	0
     2924	2024-01-05 17:04:49	38	1	1	0
     2924	2024-01-05 17:04:51	38	1	1	0
     2923	2024-01-05 17:04:55	38	1	1	0
     2923	2024-01-05 17:04:56	38	1	1	0
     2671	2024-01-05 17:04:59	38	1	1	0
     2671	2024-01-05 17:05:00	38	1	1	0
      728	2024-01-05 17:05:09	38	1	28	0
     1624	2024-01-05 17:05:17	38	1	1	0
     1624	2024-01-05 17:05:18	38	1	1	0
      143	2024-01-05 17:05:32	38	1	1	0
      143	2024-01-05 17:05:37	38	1	1	0
     1875	2024-01-05 17:06:36	38	1	1	0
     1083	2024-01-05 17:06:49	38	1	1	0
      131	2024-01-05 17:07:11	38	1	1	0
     2062	2024-01-05 17:07:24	38	1	1	0
     2062	2024-01-05 17:07:27	38	1	1	0
      197	2024-01-05 17:10:05	38	1	1	0
      197	2024-01-05 17:10:08	38	1	1	0
     1083	2024-01-05 17:11:13	38	1	1	0
     2031	2024-01-05 17:12:39	38	1	1	0
     2031	2024-01-05 17:12:40	38	1	1	0
     1455	2024-01-05 17:14:36	38	4	1	0
     1886	2024-01-05 17:17:06	38	1	1	0
      104	2024-01-05 17:20:57	38	4	1	0
      104	2024-01-05 17:21:11	38	1	1	0
      104	2024-01-05 17:22:05	38	4	1	0
      220	2024-01-05 18:24:22	38	1	1	0
      220	2024-01-05 18:24:30	38	1	1	0
      175	2024-01-05 18:58:19	38	1	1	0
     1455	2024-01-05 20:00:03	38	5	1	0
      104	2024-01-05 20:01:04	38	5	1	0
     1455	2024-01-06 07:49:20	38	4	1	0
     1455	2024-01-06 17:05:55	38	5	1	0
      837	2024-01-08 06:43:59	38	0	25	0
      837	2024-01-08 06:44:03	38	0	25	0
      197	2024-01-08 07:24:14	38	0	1	0
      197	2024-01-08 07:24:17	38	0	1	0
     2923	2024-01-08 07:33:39	38	0	1	0
     2923	2024-01-08 07:33:40	38	0	1	0
     2671	2024-01-08 07:33:43	38	0	1	0
     2671	2024-01-08 07:33:45	38	0	1	0
     1455	2024-01-08 07:37:52	38	0	1	0
     1875	2024-01-08 07:40:05	38	0	1	0
     2031	2024-01-08 07:41:52	38	0	1	0
     2031	2024-01-08 07:41:53	38	0	1	0
     2736	2024-01-08 07:44:09	38	0	1	0
     2927	2024-01-08 07:48:35	38	0	1	0
      143	2024-01-08 07:48:50	38	0	1	0
      143	2024-01-08 07:48:52	38	0	1	0
      186	2024-01-08 07:51:38	38	0	1	0
     2062	2024-01-08 07:52:33	38	0	1	0
      728	2024-01-08 07:53:23	38	0	28	0
      175	2024-01-08 07:55:57	38	0	1	0
      660	2024-01-08 07:57:24	38	0	1	0
     1886	2024-01-08 07:57:27	38	0	1	0
     1624	2024-01-08 08:03:26	38	0	1	0
     1624	2024-01-08 08:03:28	38	0	1	0
     1885	2024-01-08 08:09:28	38	0	1	0
     1904	2024-01-08 08:12:30	38	0	1	0
     1904	2024-01-08 08:12:33	38	0	1	0
     2855	2024-01-08 08:14:21	38	0	1	0
      131	2024-01-08 08:14:28	38	0	1	0
     1885	2024-01-08 12:01:05	38	1	1	0
      728	2024-01-08 12:01:15	38	1	28	0
     2671	2024-01-08 12:01:39	38	1	1	0
     2671	2024-01-08 12:01:40	38	1	1	0
      728	2024-01-08 12:01:49	38	1	28	0
     2855	2024-01-08 12:02:24	38	1	1	0
     2736	2024-01-08 12:02:52	38	1	1	0
     2927	2024-01-08 12:03:04	38	1	1	0
     2924	2024-01-08 12:04:01	38	1	1	0
     2924	2024-01-08 12:04:03	38	1	1	0
     2923	2024-01-08 12:04:08	38	1	1	0
     2923	2024-01-08 12:04:10	38	1	1	0
      837	2024-01-08 12:04:55	38	1	25	0
     2671	2024-01-08 12:05:08	38	0	1	0
     2671	2024-01-08 12:05:10	38	0	1	0
     2923	2024-01-08 12:06:02	38	0	1	0
     2923	2024-01-08 12:06:04	38	0	1	0
     2924	2024-01-08 12:06:10	38	0	1	0
     2924	2024-01-08 12:06:11	38	0	1	0
     1624	2024-01-08 12:06:18	38	1	1	0
     1624	2024-01-08 12:06:19	38	1	1	0
     2031	2024-01-08 12:06:41	38	1	1	0
     2927	2024-01-08 12:10:06	38	0	1	0
      197	2024-01-08 12:11:43	38	1	1	0
      197	2024-01-08 12:11:46	38	1	1	0
      728	2024-01-08 12:15:29	38	0	28	0
     2736	2024-01-08 12:16:01	38	0	1	0
      837	2024-01-08 12:17:37	38	0	25	0
     1455	2024-01-08 12:22:58	38	1	1	0
      175	2024-01-08 12:23:48	38	1	1	0
      186	2024-01-08 12:25:16	38	1	1	0
     1624	2024-01-08 12:27:37	38	0	1	0
     1624	2024-01-08 12:27:39	38	0	1	0
      186	2024-01-08 12:29:20	38	0	1	0
     1886	2024-01-08 12:30:58	38	1	1	0
     2855	2024-01-08 12:32:26	38	0	1	0
     1904	2024-01-08 12:34:14	38	1	1	0
     1904	2024-01-08 12:34:16	38	1	1	0
      143	2024-01-08 12:34:22	38	1	1	0
      143	2024-01-08 12:34:24	38	1	1	0
     2062	2024-01-08 12:35:22	38	1	1	0
     2062	2024-01-08 12:35:25	38	1	1	0
     1875	2024-01-08 12:35:34	38	1	1	0
     2031	2024-01-08 12:35:58	38	0	1	0
      143	2024-01-08 12:37:18	38	0	1	0
      143	2024-01-08 12:37:19	38	0	1	0
      175	2024-01-08 12:38:41	38	0	1	0
     1875	2024-01-08 12:38:48	38	0	1	0
     1904	2024-01-08 12:39:02	38	0	1	0
     1904	2024-01-08 12:39:05	38	0	1	0
     2062	2024-01-08 12:41:43	38	0	1	0
     2062	2024-01-08 12:41:46	38	0	1	0
      197	2024-01-08 12:42:36	38	0	1	0
      197	2024-01-08 12:42:39	38	0	1	0
     1455	2024-01-08 12:43:17	38	0	1	0
     1886	2024-01-08 12:44:59	38	0	1	0
      660	2024-01-08 12:45:52	38	1	1	0
      660	2024-01-08 12:49:06	38	0	1	0
     1885	2024-01-08 12:54:37	38	0	1	0
      837	2024-01-08 17:01:03	38	1	25	0
      837	2024-01-08 17:01:06	38	1	25	0
     1885	2024-01-08 17:01:10	38	1	1	0
     2927	2024-01-08 17:01:15	38	1	1	0
     2927	2024-01-08 17:01:16	38	1	1	0
     2031	2024-01-08 17:01:21	38	1	1	0
     2031	2024-01-08 17:01:23	38	1	1	0
     2736	2024-01-08 17:02:03	38	1	1	0
     2736	2024-01-08 17:02:04	38	1	1	0
      660	2024-01-08 17:02:11	38	1	1	0
     2855	2024-01-08 17:02:24	38	1	1	0
     2671	2024-01-08 17:02:28	38	1	1	0
     2671	2024-01-08 17:02:29	38	1	1	0
     1886	2024-01-08 17:02:35	38	1	1	0
      186	2024-01-08 17:02:42	38	1	1	0
      143	2024-01-08 17:02:49	38	1	1	0
      143	2024-01-08 17:02:51	38	1	1	0
     1904	2024-01-08 17:02:54	38	1	1	0
     1904	2024-01-08 17:02:57	38	1	1	0
      728	2024-01-08 17:03:07	38	1	28	0
      728	2024-01-08 17:03:24	38	1	28	0
     1624	2024-01-08 17:03:35	38	1	1	0
     1624	2024-01-08 17:03:38	38	1	1	0
     1875	2024-01-08 17:07:08	38	1	1	0
      197	2024-01-08 17:07:27	38	1	1	0
      197	2024-01-08 17:07:30	38	1	1	0
      131	2024-01-08 17:08:10	38	1	1	0
     2062	2024-01-08 17:23:24	38	1	1	0
     2062	2024-01-08 17:23:28	38	1	1	0
      175	2024-01-08 17:24:12	38	1	1	0
      175	2024-01-08 17:24:26	38	1	1	0
     1455	2024-01-08 18:17:48	38	1	1	0
     1455	2024-01-08 18:19:27	38	4	1	0
     1455	2024-01-08 20:01:26	38	5	1	0
      837	2024-01-09 06:42:31	38	0	25	0
      837	2024-01-09 06:42:36	38	0	25	0
     1455	2024-01-09 07:18:54	38	0	1	0
      197	2024-01-09 07:31:44	38	0	1	0
      197	2024-01-09 07:31:50	38	0	1	0
      501	2024-01-09 07:34:39	38	0	1	0
      143	2024-01-09 07:39:56	38	0	1	0
      143	2024-01-09 07:39:57	38	0	1	0
     2671	2024-01-09 07:40:01	38	0	1	0
     2671	2024-01-09 07:40:02	38	0	1	0
     1885	2024-01-09 07:43:13	38	0	1	0
     2031	2024-01-09 07:44:10	38	0	1	0
     2031	2024-01-09 07:44:12	38	0	1	0
     2927	2024-01-09 07:45:53	38	0	1	0
     2927	2024-01-09 07:45:54	38	0	1	0
     2736	2024-01-09 07:49:09	38	0	1	0
      660	2024-01-09 07:50:39	38	0	1	0
      728	2024-01-09 07:51:59	38	0	28	0
      104	2024-01-09 07:52:46	38	0	1	0
      175	2024-01-09 07:56:40	38	0	1	0
     1904	2024-01-09 07:57:24	38	0	1	0
     1904	2024-01-09 07:57:27	38	0	1	0
      131	2024-01-09 07:57:49	38	0	1	0
     2062	2024-01-09 07:58:20	38	0	1	0
     1886	2024-01-09 08:06:41	38	0	1	0
     1624	2024-01-09 08:07:32	38	0	1	0
     1624	2024-01-09 08:07:34	38	0	1	0
     1034	2024-01-09 08:18:02	38	0	25	0
     2855	2024-01-09 08:23:39	38	0	1	0
     1083	2024-01-09 08:24:34	38	0	1	0
      511	2024-01-09 09:00:53	38	0	25	0
      104	2024-01-09 12:00:32	38	1	1	0
     2927	2024-01-09 12:01:08	38	1	1	0
     2736	2024-01-09 12:01:17	38	1	1	0
     2927	2024-01-09 12:01:22	38	1	1	0
     2671	2024-01-09 12:01:30	38	1	1	0
     2671	2024-01-09 12:01:31	38	1	1	0
     2062	2024-01-09 12:02:08	38	1	1	0
     2062	2024-01-09 12:02:11	38	1	1	0
      837	2024-01-09 12:02:22	38	1	25	0
      837	2024-01-09 12:02:30	38	1	25	0
      131	2024-01-09 12:02:59	38	1	1	0
     2671	2024-01-09 12:03:21	38	0	1	0
     2671	2024-01-09 12:03:22	38	0	1	0
     1885	2024-01-09 12:03:54	38	1	1	0
      131	2024-01-09 12:05:44	38	1	1	0
      131	2024-01-09 12:05:48	38	0	1	0
      501	2024-01-09 12:05:57	38	1	1	0
      837	2024-01-09 12:12:29	38	0	25	0
     2855	2024-01-09 12:13:38	38	1	1	0
     1624	2024-01-09 12:13:44	38	1	1	0
     1624	2024-01-09 12:13:45	38	1	1	0
      728	2024-01-09 12:14:06	38	1	28	0
     2927	2024-01-09 12:14:11	38	0	1	0
     2927	2024-01-09 12:14:13	38	0	1	0
     1904	2024-01-09 12:14:17	38	1	1	0
     1904	2024-01-09 12:14:19	38	1	1	0
     2736	2024-01-09 12:14:38	38	0	1	0
      511	2024-01-09 12:15:07	38	1	25	0
     1886	2024-01-09 12:16:28	38	0	1	0
     1455	2024-01-09 12:16:40	38	1	1	0
     1624	2024-01-09 12:20:43	38	0	1	0
     1624	2024-01-09 12:20:45	38	0	1	0
     1904	2024-01-09 12:23:41	38	0	1	0
     1904	2024-01-09 12:23:43	38	0	1	0
     2855	2024-01-09 12:28:45	38	0	1	0
      728	2024-01-09 12:29:33	38	0	28	0
     1083	2024-01-09 12:29:46	38	1	1	0
     2031	2024-01-09 12:30:20	38	1	1	0
     2031	2024-01-09 12:30:21	38	1	1	0
      197	2024-01-09 12:32:43	38	1	1	0
      197	2024-01-09 12:32:46	38	1	1	0
      175	2024-01-09 12:33:04	38	1	1	0
      143	2024-01-09 12:33:17	38	1	1	0
      143	2024-01-09 12:33:19	38	1	1	0
      501	2024-01-09 12:33:57	38	0	1	0
      511	2024-01-09 12:34:32	38	0	25	0
     1885	2024-01-09 12:34:42	38	0	1	0
     1886	2024-01-09 12:35:22	38	0	1	0
     2062	2024-01-09 12:36:52	38	0	1	0
     2062	2024-01-09 12:36:54	38	0	1	0
      197	2024-01-09 12:37:12	38	0	1	0
      197	2024-01-09 12:37:15	38	0	1	0
     1455	2024-01-09 12:37:27	38	0	1	0
      175	2024-01-09 12:37:33	38	0	1	0
      143	2024-01-09 12:39:14	38	1	1	0
      143	2024-01-09 12:39:15	38	1	1	0
     1083	2024-01-09 12:39:43	38	0	1	0
      104	2024-01-09 12:41:24	38	0	1	0
      104	2024-01-09 12:41:26	38	0	1	0
      143	2024-01-09 12:43:32	38	0	1	0
      143	2024-01-09 12:43:33	38	0	1	0
     2031	2024-01-09 12:43:57	38	0	1	0
     1455	2024-01-09 12:51:45	38	0	1	0
     2924	2024-01-09 12:52:18	38	0	1	0
     2924	2024-01-09 12:52:20	38	0	1	0
     2923	2024-01-09 12:52:23	38	0	1	0
     2923	2024-01-09 12:52:24	38	0	1	0
     2671	2024-01-09 12:52:27	38	0	1	0
     1034	2024-01-09 13:00:11	38	1	1	0
     1034	2024-01-09 13:00:51	38	0	1	0
     1034	2024-01-09 17:00:33	38	1	25	0
     1885	2024-01-09 17:01:02	38	1	1	0
     2855	2024-01-09 17:01:09	38	1	1	0
     2671	2024-01-09 17:01:23	38	1	1	0
     2671	2024-01-09 17:01:24	38	1	1	0
     2924	2024-01-09 17:01:27	38	1	1	0
     2924	2024-01-09 17:01:29	38	1	1	0
      501	2024-01-09 17:01:38	38	1	1	0
     2736	2024-01-09 17:01:47	38	1	1	0
     2736	2024-01-09 17:01:48	38	1	1	0
      837	2024-01-09 17:01:58	38	1	25	0
      837	2024-01-09 17:02:03	38	1	25	0
     2923	2024-01-09 17:02:10	38	1	1	0
     2923	2024-01-09 17:02:11	38	1	1	0
     2927	2024-01-09 17:02:16	38	1	1	0
     2927	2024-01-09 17:02:17	38	1	1	0
     2031	2024-01-09 17:02:25	38	1	1	0
     2031	2024-01-09 17:02:26	38	1	1	0
      728	2024-01-09 17:02:36	38	1	28	0
      143	2024-01-09 17:03:09	38	1	1	0
      143	2024-01-09 17:03:11	38	1	1	0
     2062	2024-01-09 17:03:27	38	1	1	0
     2062	2024-01-09 17:03:30	38	1	1	0
      660	2024-01-09 17:04:00	38	1	1	0
     1624	2024-01-09 17:05:23	38	1	1	0
     1624	2024-01-09 17:05:24	38	1	1	0
     1083	2024-01-09 17:05:44	38	1	1	0
     1083	2024-01-09 17:05:51	38	1	1	0
      131	2024-01-09 17:06:36	38	1	1	0
     1455	2024-01-09 17:07:20	38	1	1	0
     1624	2024-01-09 17:08:29	38	1	1	0
      104	2024-01-09 17:09:32	38	1	1	0
     1886	2024-01-09 17:09:37	38	1	1	0
     1904	2024-01-09 17:09:42	38	1	1	0
     1904	2024-01-09 17:09:45	38	1	1	0
      197	2024-01-09 17:10:44	38	1	1	0
      197	2024-01-09 17:10:47	38	1	1	0
     1455	2024-01-09 17:10:59	38	4	1	0
      511	2024-01-09 17:25:41	38	1	25	0
      104	2024-01-09 17:25:46	38	1	1	0
      104	2024-01-09 17:31:06	38	4	1	0
      104	2024-01-09 20:00:26	38	5	1	0
     1455	2024-01-09 20:02:12	38	5	1	0
      837	2024-01-10 06:39:40	38	0	25	0
      837	2024-01-10 06:39:44	38	0	25	0
     1455	2024-01-10 07:06:09	38	0	1	0
      501	2024-01-10 07:06:42	38	0	1	0
     1455	2024-01-10 07:07:03	38	0	1	0
      197	2024-01-10 07:26:57	38	0	1	0
      197	2024-01-10 07:27:01	38	0	1	0
      197	2024-01-10 07:27:05	38	0	1	0
     2031	2024-01-10 07:37:17	38	0	1	0
     2031	2024-01-10 07:37:18	38	0	1	0
     2671	2024-01-10 07:39:40	38	0	1	0
     2671	2024-01-10 07:39:41	38	0	1	0
     1624	2024-01-10 07:39:47	38	0	1	0
     1624	2024-01-10 07:39:48	38	0	1	0
     1875	2024-01-10 07:40:40	38	0	1	0
      143	2024-01-10 07:41:52	38	0	1	0
      143	2024-01-10 07:41:53	38	0	1	0
     2927	2024-01-10 07:43:27	38	0	1	0
     2927	2024-01-10 07:43:28	38	0	1	0
      728	2024-01-10 07:46:07	38	0	28	0
      220	2024-01-10 07:49:44	38	0	1	0
     1885	2024-01-10 07:50:05	38	0	1	0
      186	2024-01-10 07:52:55	38	0	1	0
     1083	2024-01-10 07:56:12	38	0	1	0
     1904	2024-01-10 07:56:21	38	0	1	0
     1904	2024-01-10 07:56:24	38	0	1	0
      175	2024-01-10 07:58:25	38	0	1	0
     1886	2024-01-10 07:58:39	38	0	1	0
      131	2024-01-10 07:59:08	38	0	1	0
     2736	2024-01-10 07:59:14	38	0	1	0
      511	2024-01-10 08:00:00	38	0	25	0
      660	2024-01-10 08:00:05	38	0	1	0
     2062	2024-01-10 08:09:22	38	0	1	0
      273	2024-01-10 08:13:05	38	0	1	0
     1034	2024-01-10 08:15:11	38	0	25	0
     2855	2024-01-10 08:20:29	38	0	1	0
      104	2024-01-10 08:21:57	38	0	1	0
     2927	2024-01-10 12:01:09	38	1	1	0
     2927	2024-01-10 12:01:10	38	1	1	0
     1885	2024-01-10 12:01:21	38	1	1	0
      837	2024-01-10 12:01:38	38	1	25	0
      175	2024-01-10 12:01:42	38	1	1	0
     1455	2024-01-10 12:01:46	38	1	1	0
      220	2024-01-10 12:02:44	38	1	1	0
     1886	2024-01-10 12:02:50	38	1	1	0
      143	2024-01-10 12:04:32	38	1	1	0
      143	2024-01-10 12:04:34	38	1	1	0
     2924	2024-01-10 12:04:50	38	1	1	0
     2924	2024-01-10 12:04:51	38	1	1	0
     2923	2024-01-10 12:04:54	38	1	1	0
     2923	2024-01-10 12:04:55	38	1	1	0
     2031	2024-01-10 12:06:01	38	1	1	0
     2031	2024-01-10 12:06:02	38	1	1	0
      186	2024-01-10 12:08:56	38	1	1	0
     2062	2024-01-10 12:09:28	38	1	1	0
     2062	2024-01-10 12:09:33	38	1	1	0
     2671	2024-01-10 12:09:38	38	1	1	0
     2671	2024-01-10 12:09:39	38	1	1	0
     2924	2024-01-10 12:09:48	38	0	1	0
     2924	2024-01-10 12:09:49	38	0	1	0
     2923	2024-01-10 12:09:57	38	0	1	0
     2923	2024-01-10 12:09:58	38	0	1	0
      143	2024-01-10 12:15:08	38	0	1	0
      143	2024-01-10 12:15:10	38	0	1	0
      511	2024-01-10 12:17:03	38	1	25	0
      186	2024-01-10 12:17:18	38	0	1	0
     2062	2024-01-10 12:17:45	38	0	1	0
     2062	2024-01-10 12:17:47	38	0	1	0
      660	2024-01-10 12:17:56	38	1	1	0
     2927	2024-01-10 12:18:06	38	0	1	0
     2927	2024-01-10 12:18:07	38	0	1	0
      273	2024-01-10 12:18:33	38	1	1	0
      837	2024-01-10 12:18:40	38	0	25	0
     2671	2024-01-10 12:18:46	38	0	1	0
     2671	2024-01-10 12:18:47	38	0	1	0
     1886	2024-01-10 12:19:07	38	0	1	0
     2855	2024-01-10 12:20:08	38	1	1	0
      273	2024-01-10 12:21:22	38	1	1	0
     2736	2024-01-10 12:23:04	38	1	1	0
     2736	2024-01-10 12:25:06	38	0	1	0
      511	2024-01-10 12:29:37	38	0	25	0
     1875	2024-01-10 12:30:32	38	1	1	0
     1083	2024-01-10 12:30:39	38	1	1	0
      175	2024-01-10 12:30:51	38	0	1	0
      660	2024-01-10 12:30:55	38	0	1	0
     2031	2024-01-10 12:31:26	38	0	1	0
     2031	2024-01-10 12:31:28	38	0	1	0
     1455	2024-01-10 12:32:48	38	0	1	0
     1904	2024-01-10 12:33:16	38	1	1	0
     1904	2024-01-10 12:33:20	38	1	1	0
      220	2024-01-10 12:33:28	38	0	1	0
     2855	2024-01-10 12:33:37	38	0	1	0
     1904	2024-01-10 12:41:59	38	0	1	0
     1904	2024-01-10 12:42:02	38	0	1	0
     1885	2024-01-10 12:44:00	38	0	1	0
     1624	2024-01-10 12:46:30	38	1	1	0
     1624	2024-01-10 12:46:32	38	1	1	0
     1083	2024-01-10 12:47:46	38	0	1	0
     1875	2024-01-10 12:49:48	38	0	1	0
     1034	2024-01-10 12:56:13	38	1	25	0
     1034	2024-01-10 12:59:25	38	0	25	0
     1885	2024-01-10 17:01:11	38	1	1	0
     2031	2024-01-10 17:01:30	38	1	1	0
     2031	2024-01-10 17:01:31	38	1	1	0
     2736	2024-01-10 17:01:36	38	1	1	0
     2736	2024-01-10 17:01:37	38	1	1	0
     1875	2024-01-10 17:01:47	38	1	1	0
      837	2024-01-10 17:01:55	38	1	25	0
      837	2024-01-10 17:02:01	38	1	25	0
      143	2024-01-10 17:02:05	38	1	1	0
      143	2024-01-10 17:02:07	38	1	1	0
     2927	2024-01-10 17:02:14	38	1	1	0
     2927	2024-01-10 17:02:16	38	1	1	0
     2671	2024-01-10 17:02:22	38	1	1	0
     2671	2024-01-10 17:02:23	38	1	1	0
      186	2024-01-10 17:02:29	38	1	1	0
      660	2024-01-10 17:02:35	38	1	1	0
      511	2024-01-10 17:02:43	38	1	25	0
      220	2024-01-10 17:02:52	38	1	1	0
      220	2024-01-10 17:02:54	38	1	1	0
      728	2024-01-10 17:03:02	38	1	28	0
     1455	2024-01-10 17:03:07	38	1	1	0
      273	2024-01-10 17:03:14	38	1	1	0
      273	2024-01-10 17:03:17	38	1	1	0
     1904	2024-01-10 17:03:23	38	1	1	0
     1904	2024-01-10 17:03:26	38	1	1	0
     1886	2024-01-10 17:03:32	38	1	1	0
     2855	2024-01-10 17:03:39	38	1	1	0
     2062	2024-01-10 17:03:54	38	1	1	0
     2062	2024-01-10 17:03:57	38	1	1	0
      501	2024-01-10 17:04:35	38	1	1	0
     1034	2024-01-10 17:08:51	38	1	25	0
      131	2024-01-10 17:10:29	38	1	1	0
      104	2024-01-10 17:10:34	38	1	1	0
     1083	2024-01-10 17:13:32	38	1	1	0
      197	2024-01-10 17:13:47	38	1	1	0
      197	2024-01-10 17:13:51	38	1	1	0
     1624	2024-01-10 17:14:05	38	1	1	0
     1624	2024-01-10 17:14:06	38	1	1	0
     1455	2024-01-10 17:15:34	38	4	1	0
      175	2024-01-10 17:20:18	38	1	1	0
     1455	2024-01-10 20:02:45	38	5	1	0
      837	2024-01-11 06:40:29	38	0	25	0
      837	2024-01-11 06:40:33	38	0	25	0
      197	2024-01-11 07:26:36	38	0	1	0
      197	2024-01-11 07:26:39	38	0	1	0
      197	2024-01-11 07:26:46	38	0	1	0
     1875	2024-01-11 07:30:13	38	0	1	0
     2927	2024-01-11 07:30:25	38	0	1	0
     2927	2024-01-11 07:30:27	38	0	1	0
      501	2024-01-11 07:38:18	38	0	1	0
     2031	2024-01-11 07:40:05	38	0	1	0
     2031	2024-01-11 07:40:06	38	0	1	0
     1455	2024-01-11 07:42:14	38	0	1	0
      143	2024-01-11 07:42:19	38	0	1	0
      143	2024-01-11 07:42:20	38	0	1	0
      143	2024-01-11 07:42:22	38	0	1	0
     2924	2024-01-11 07:42:25	38	0	1	0
     2924	2024-01-11 07:42:27	38	0	1	0
     2671	2024-01-11 07:42:32	38	0	1	0
     2671	2024-01-11 07:42:34	38	0	1	0
     2923	2024-01-11 07:42:36	38	0	1	0
     2923	2024-01-11 07:42:38	38	0	1	0
     2736	2024-01-11 07:42:44	38	0	1	0
      186	2024-01-11 07:46:31	38	0	1	0
     1624	2024-01-11 07:47:27	38	0	1	0
     1624	2024-01-11 07:47:29	38	0	1	0
     1034	2024-01-11 07:54:23	38	0	25	0
      220	2024-01-11 07:55:35	38	0	1	0
      728	2024-01-11 07:56:22	38	0	28	0
     1904	2024-01-11 07:56:27	38	0	1	0
     1904	2024-01-11 07:56:29	38	0	1	0
     1885	2024-01-11 07:56:35	38	0	1	0
      131	2024-01-11 07:57:10	38	0	1	0
     1083	2024-01-11 07:58:58	38	0	1	0
     2062	2024-01-11 07:59:23	38	0	1	0
      660	2024-01-11 08:08:31	38	0	1	0
      104	2024-01-11 08:08:40	38	0	1	0
      175	2024-01-11 08:09:27	38	0	1	0
      273	2024-01-11 08:18:19	38	0	1	0
     2855	2024-01-11 08:29:02	38	0	1	0
     1885	2024-01-11 12:01:06	38	1	1	0
     2855	2024-01-11 12:01:20	38	1	1	0
     1624	2024-01-11 12:01:26	38	1	1	0
     1624	2024-01-11 12:01:27	38	1	1	0
     2671	2024-01-11 12:02:30	38	1	1	0
     2671	2024-01-11 12:02:32	38	1	1	0
      273	2024-01-11 12:04:09	38	1	1	0
      197	2024-01-11 12:04:40	38	1	1	0
      197	2024-01-11 12:04:42	38	1	1	0
      104	2024-01-11 12:04:48	38	1	1	0
     2927	2024-01-11 12:05:04	38	1	1	0
      175	2024-01-11 12:07:18	38	1	1	0
      273	2024-01-11 12:07:28	38	0	1	0
      273	2024-01-11 12:07:36	38	0	1	0
      660	2024-01-11 12:15:19	38	1	1	0
      728	2024-01-11 12:15:33	38	1	28	0
     2736	2024-01-11 12:15:50	38	1	1	0
     2927	2024-01-11 12:15:58	38	0	1	0
     2927	2024-01-11 12:16:01	38	0	1	0
     2062	2024-01-11 12:19:06	38	1	1	0
     2062	2024-01-11 12:19:09	38	1	1	0
      186	2024-01-11 12:19:17	38	1	1	0
      220	2024-01-11 12:21:53	38	1	1	0
      511	2024-01-11 12:24:12	38	1	25	0
     1624	2024-01-11 12:25:14	38	0	1	0
     1624	2024-01-11 12:25:17	38	0	1	0
      186	2024-01-11 12:28:07	38	0	1	0
     1875	2024-01-11 12:28:52	38	1	1	0
      186	2024-01-11 12:28:59	38	0	1	0
     2031	2024-01-11 12:30:12	38	1	1	0
     2031	2024-01-11 12:30:13	38	1	1	0
     1885	2024-01-11 12:30:23	38	0	1	0
      143	2024-01-11 12:31:21	38	1	1	0
      143	2024-01-11 12:31:25	38	1	1	0
      728	2024-01-11 12:31:44	38	0	28	0
      660	2024-01-11 12:31:53	38	0	1	0
      837	2024-01-11 12:32:37	38	1	25	0
      511	2024-01-11 12:32:42	38	1	25	0
      511	2024-01-11 12:33:04	38	0	25	0
     2855	2024-01-11 12:33:17	38	0	1	0
      143	2024-01-11 12:36:12	38	0	1	0
      143	2024-01-11 12:36:14	38	0	1	0
     1875	2024-01-11 12:36:20	38	0	1	0
      220	2024-01-11 12:38:26	38	0	1	0
      837	2024-01-11 12:39:30	38	0	25	0
     2736	2024-01-11 12:39:35	38	0	1	0
     1455	2024-01-11 12:39:51	38	1	1	0
      175	2024-01-11 12:42:43	38	0	1	0
     2062	2024-01-11 12:43:04	38	0	1	0
     2062	2024-01-11 12:43:07	38	0	1	0
     1904	2024-01-11 12:43:14	38	1	1	0
     1904	2024-01-11 12:43:19	38	1	1	0
     2031	2024-01-11 12:43:28	38	0	1	0
     2031	2024-01-11 12:43:29	38	0	1	0
      197	2024-01-11 12:44:11	38	0	1	0
      197	2024-01-11 12:44:14	38	0	1	0
     1904	2024-01-11 12:46:33	38	0	1	0
     1904	2024-01-11 12:46:35	38	0	1	0
      104	2024-01-11 12:47:45	38	0	1	0
     1083	2024-01-11 12:51:31	38	1	1	0
      131	2024-01-11 12:52:04	38	1	1	0
      131	2024-01-11 12:53:56	38	0	1	0
     2924	2024-01-11 12:54:02	38	0	1	0
     2924	2024-01-11 12:54:03	38	0	1	0
     2923	2024-01-11 12:54:19	38	0	1	0
     2923	2024-01-11 12:54:20	38	0	1	0
     2671	2024-01-11 12:54:21	38	0	1	0
     2671	2024-01-11 12:54:23	38	0	1	0
     1455	2024-01-11 12:54:29	38	0	1	0
     1083	2024-01-11 12:55:07	38	0	1	0
     1034	2024-01-11 12:57:21	38	1	25	0
     1034	2024-01-11 12:59:13	38	0	25	0
     1885	2024-01-11 17:01:05	38	1	1	0
      728	2024-01-11 17:01:40	38	1	28	0
     2924	2024-01-11 17:01:46	38	1	1	0
     2924	2024-01-11 17:01:48	38	1	1	0
      837	2024-01-11 17:02:03	38	1	25	0
      837	2024-01-11 17:02:06	38	1	25	0
     2923	2024-01-11 17:02:14	38	1	1	0
     2923	2024-01-11 17:02:15	38	1	1	0
     2671	2024-01-11 17:02:18	38	1	1	0
     2671	2024-01-11 17:02:19	38	1	1	0
     2031	2024-01-11 17:02:27	38	1	1	0
     2031	2024-01-11 17:02:28	38	1	1	0
      186	2024-01-11 17:02:35	38	1	1	0
     2927	2024-01-11 17:02:57	38	1	1	0
     2927	2024-01-11 17:02:58	38	1	1	0
      143	2024-01-11 17:03:07	38	1	1	0
      143	2024-01-11 17:03:09	38	1	1	0
     2855	2024-01-11 17:04:06	38	1	1	0
      273	2024-01-11 17:05:00	38	1	1	0
     1455	2024-01-11 17:05:10	38	1	1	0
     1034	2024-01-11 17:05:13	38	1	25	0
     1034	2024-01-11 17:05:17	38	1	25	0
     2062	2024-01-11 17:05:36	38	1	1	0
     2062	2024-01-11 17:05:38	38	1	1	0
     1624	2024-01-11 17:06:00	38	1	1	0
     1624	2024-01-11 17:06:02	38	1	1	0
      220	2024-01-11 17:06:23	38	1	1	0
     1083	2024-01-11 17:10:51	38	1	1	0
     1083	2024-01-11 17:10:57	38	1	1	0
      197	2024-01-11 17:11:17	38	1	1	0
      197	2024-01-11 17:11:20	38	1	1	0
     1455	2024-01-11 17:11:31	38	4	1	0
     1875	2024-01-11 17:12:37	38	1	1	0
      131	2024-01-11 17:15:01	38	1	1	0
      175	2024-01-11 17:16:21	38	1	1	0
     1904	2024-01-11 17:16:34	38	1	1	0
     1904	2024-01-11 17:16:40	38	1	1	0
      104	2024-01-11 17:18:43	38	1	1	0
      501	2024-01-11 17:41:52	38	1	1	0
      511	2024-01-11 18:59:41	38	1	25	0
      660	2024-01-11 19:00:29	38	1	1	0
     1455	2024-01-11 20:03:56	38	5	1	0
      837	2024-01-12 06:37:58	38	0	25	0
      837	2024-01-12 06:38:02	38	0	25	0
     2927	2024-01-12 07:19:02	38	0	1	0
     1455	2024-01-12 07:22:16	38	0	1	0
     1455	2024-01-12 07:27:18	38	0	1	0
      197	2024-01-12 07:31:32	38	0	1	0
      197	2024-01-12 07:31:39	38	0	1	0
      143	2024-01-12 07:41:13	38	0	1	0
      143	2024-01-12 07:41:15	38	0	1	0
     1875	2024-01-12 07:42:40	38	0	1	0
     1034	2024-01-12 07:45:29	38	0	25	0
     2671	2024-01-12 07:47:54	38	0	1	0
     2671	2024-01-12 07:47:55	38	0	1	0
      186	2024-01-12 07:48:18	38	0	1	0
     2031	2024-01-12 07:48:24	38	0	1	0
     2031	2024-01-12 07:48:25	38	0	1	0
     1624	2024-01-12 07:52:03	38	0	1	0
     1624	2024-01-12 07:52:05	38	0	1	0
      728	2024-01-12 07:52:15	38	0	28	0
      104	2024-01-12 07:54:03	38	0	1	0
      501	2024-01-12 07:54:10	38	0	1	0
     1904	2024-01-12 07:55:47	38	0	1	0
     1904	2024-01-12 07:55:50	38	0	1	0
     1886	2024-01-12 07:55:58	38	0	1	0
     1083	2024-01-12 07:57:59	38	0	1	0
     2736	2024-01-12 07:59:09	38	0	1	0
     2062	2024-01-12 08:07:29	38	0	1	0
      511	2024-01-12 08:10:05	38	0	25	0
      660	2024-01-12 08:11:31	38	0	1	0
      273	2024-01-12 08:12:42	38	0	1	0
      131	2024-01-12 08:19:01	38	0	1	0
      220	2024-01-12 08:19:45	38	0	1	0
     2855	2024-01-12 08:22:02	38	0	1	0
      175	2024-01-12 08:26:44	38	0	1	0
      837	2024-01-12 12:02:20	38	1	25	0
     2671	2024-01-12 12:02:26	38	1	1	0
     2671	2024-01-12 12:02:27	38	1	1	0
     1886	2024-01-12 12:02:48	38	1	1	0
     2736	2024-01-12 12:02:53	38	1	1	0
     2927	2024-01-12 12:02:59	38	1	1	0
      104	2024-01-12 12:03:06	38	1	1	0
      104	2024-01-12 12:03:07	38	1	1	0
      220	2024-01-12 12:03:16	38	1	1	0
      143	2024-01-12 12:03:28	38	1	1	0
      143	2024-01-12 12:03:30	38	1	1	0
     2031	2024-01-12 12:04:30	38	1	1	0
     2031	2024-01-12 12:04:31	38	1	1	0
      273	2024-01-12 12:04:49	38	1	1	0
      728	2024-01-12 12:06:44	38	1	28	0
      501	2024-01-12 12:07:05	38	1	1	0
      273	2024-01-12 12:07:27	38	1	1	0
      273	2024-01-12 12:07:42	38	0	1	0
     2855	2024-01-12 12:09:18	38	1	1	0
      175	2024-01-12 12:09:44	38	1	1	0
      220	2024-01-12 12:10:17	38	0	1	0
      143	2024-01-12 12:10:25	38	0	1	0
      143	2024-01-12 12:10:27	38	0	1	0
      837	2024-01-12 12:14:07	38	0	25	0
     1455	2024-01-12 12:14:57	38	1	1	0
     2927	2024-01-12 12:17:50	38	0	1	0
     1624	2024-01-12 12:19:18	38	1	1	0
     1624	2024-01-12 12:19:20	38	1	1	0
     1875	2024-01-12 12:19:31	38	1	1	0
     1875	2024-01-12 12:20:17	38	0	1	0
      175	2024-01-12 12:20:23	38	0	1	0
     1904	2024-01-12 12:20:32	38	1	1	0
     1904	2024-01-12 12:20:35	38	1	1	0
      197	2024-01-12 12:21:13	38	1	1	0
      197	2024-01-12 12:21:18	38	1	1	0
     2736	2024-01-12 12:22:12	38	0	1	0
     1904	2024-01-12 12:22:49	38	0	1	0
     1904	2024-01-12 12:22:51	38	0	1	0
     1455	2024-01-12 12:23:07	38	0	1	0
     1083	2024-01-12 12:23:54	38	1	1	0
      186	2024-01-12 12:24:36	38	1	1	0
     2062	2024-01-12 12:24:42	38	1	1	0
     2062	2024-01-12 12:24:44	38	1	1	0
     1886	2024-01-12 12:24:52	38	0	1	0
      501	2024-01-12 12:29:07	38	0	1	0
      186	2024-01-12 12:29:58	38	0	1	0
      728	2024-01-12 12:30:15	38	0	28	0
     2062	2024-01-12 12:30:32	38	0	1	0
     2062	2024-01-12 12:30:35	38	0	1	0
     2031	2024-01-12 12:31:20	38	0	1	0
     2031	2024-01-12 12:31:21	38	0	1	0
     1624	2024-01-12 12:32:48	38	0	1	0
     1624	2024-01-12 12:32:49	38	0	1	0
     1083	2024-01-12 12:33:07	38	0	1	0
      197	2024-01-12 12:33:19	38	0	1	0
      197	2024-01-12 12:33:22	38	0	1	0
     2855	2024-01-12 12:34:15	38	0	1	0
     2031	2024-01-12 12:40:39	38	0	1	0
      104	2024-01-12 12:49:46	38	0	1	0
      104	2024-01-12 12:49:48	38	0	1	0
     2671	2024-01-12 12:54:24	38	0	1	0
     2671	2024-01-12 12:54:26	38	0	1	0
     2924	2024-01-12 12:54:52	38	1	1	0
     2924	2024-01-12 12:54:53	38	1	1	0
     2923	2024-01-12 12:55:07	38	1	1	0
     2923	2024-01-12 12:55:08	38	1	1	0
     2923	2024-01-12 12:57:02	38	0	1	0
     2923	2024-01-12 12:57:03	38	0	1	0
     2924	2024-01-12 12:57:08	38	0	1	0
     2924	2024-01-12 12:57:10	38	0	1	0
     1034	2024-01-12 12:59:45	38	1	25	0
     1034	2024-01-12 13:00:14	38	0	25	0
      186	2024-01-12 17:01:10	38	1	1	0
      837	2024-01-12 17:01:24	38	1	25	0
      837	2024-01-12 17:01:39	38	1	25	0
     2671	2024-01-12 17:01:45	38	1	1	0
     2671	2024-01-12 17:01:46	38	1	1	0
     2924	2024-01-12 17:01:49	38	1	1	0
     2924	2024-01-12 17:01:50	38	1	1	0
     2923	2024-01-12 17:01:52	38	1	1	0
     2923	2024-01-12 17:01:53	38	1	1	0
     2927	2024-01-12 17:01:59	38	1	1	0
     2927	2024-01-12 17:02:00	38	1	1	0
     1034	2024-01-12 17:02:07	38	1	25	0
     2855	2024-01-12 17:02:19	38	1	1	0
     2736	2024-01-12 17:02:25	38	1	1	0
     2736	2024-01-12 17:02:26	38	1	1	0
     1083	2024-01-12 17:02:50	38	1	1	0
     1083	2024-01-12 17:02:57	38	1	1	0
      501	2024-01-12 17:03:21	38	1	1	0
      220	2024-01-12 17:04:04	38	1	1	0
      273	2024-01-12 17:04:29	38	1	1	0
      131	2024-01-12 17:04:44	38	1	1	0
     2062	2024-01-12 17:04:57	38	1	1	0
     2062	2024-01-12 17:04:59	38	1	1	0
     2031	2024-01-12 17:05:45	38	1	1	0
     2031	2024-01-12 17:05:46	38	1	1	0
     1904	2024-01-12 17:06:22	38	1	1	0
     1904	2024-01-12 17:06:24	38	1	1	0
      143	2024-01-12 17:06:30	38	1	1	0
      143	2024-01-12 17:06:32	38	1	1	0
      660	2024-01-12 17:06:53	38	1	1	0
     1904	2024-01-12 17:07:40	38	1	1	0
     1904	2024-01-12 17:07:42	38	1	1	0
     1624	2024-01-12 17:08:21	38	1	1	0
     1624	2024-01-12 17:08:24	38	1	1	0
      197	2024-01-12 17:10:06	38	1	1	0
      197	2024-01-12 17:10:10	38	1	1	0
     1455	2024-01-12 17:12:42	38	1	1	0
     1875	2024-01-12 17:13:05	38	1	1	0
      660	2024-01-12 17:13:49	38	1	1	0
      511	2024-01-12 17:13:56	38	1	25	0
      104	2024-01-12 17:14:03	38	1	1	0
      728	2024-01-12 17:16:14	38	1	28	0
     1455	2024-01-12 17:25:33	38	4	1	0
      175	2024-01-12 17:28:31	38	1	1	0
     1886	2024-01-12 17:28:37	38	1	1	0
      104	2024-01-12 17:28:44	38	4	1	0
      104	2024-01-12 20:00:11	38	5	1	0
     1455	2024-01-12 20:00:29	38	5	1	0
      511	2024-01-12 22:51:45	38	1	25	0
      104	2024-01-13 08:37:56	38	0	1	0
      104	2024-01-13 08:37:57	38	0	1	0
     1455	2024-01-13 11:48:25	38	4	1	0
      104	2024-01-13 15:01:29	38	5	1	0
     1455	2024-01-13 17:00:24	38	5	1	0
      837	2024-01-15 06:39:40	38	0	25	0
      837	2024-01-15 06:39:45	38	0	25	0
     1034	2024-01-15 07:11:18	38	0	25	0
     1875	2024-01-15 07:23:26	38	0	1	0
      197	2024-01-15 07:24:47	38	0	1	0
      197	2024-01-15 07:24:51	38	0	1	0
      660	2024-01-15 07:26:02	38	0	1	0
     2736	2024-01-15 07:27:23	38	0	1	0
     2927	2024-01-15 07:35:04	38	0	1	0
     1455	2024-01-15 07:42:49	38	0	1	0
      501	2024-01-15 07:43:20	38	0	1	0
      728	2024-01-15 07:44:48	38	0	28	0
     2671	2024-01-15 07:45:03	38	0	1	0
     2671	2024-01-15 07:45:04	38	0	1	0
      186	2024-01-15 07:48:59	38	0	1	0
      104	2024-01-15 07:49:10	38	0	1	0
      170	2024-01-15 07:49:32	38	0	1	0
      170	2024-01-15 07:49:42	38	0	1	0
     1904	2024-01-15 07:49:48	38	0	1	0
     1904	2024-01-15 07:49:51	38	0	1	0
     2031	2024-01-15 07:51:03	38	0	1	0
     2031	2024-01-15 07:51:05	38	0	1	0
     1885	2024-01-15 07:54:35	38	0	1	0
     1886	2024-01-15 07:55:10	38	0	1	0
      131	2024-01-15 07:55:47	38	0	1	0
      220	2024-01-15 07:56:50	38	0	1	0
      511	2024-01-15 07:58:16	38	0	25	0
      143	2024-01-15 07:58:52	38	0	1	0
      143	2024-01-15 07:58:56	38	0	1	0
      143	2024-01-15 07:58:58	38	0	1	0
      175	2024-01-15 08:00:43	38	0	1	0
     1624	2024-01-15 08:02:42	38	0	1	0
     1624	2024-01-15 08:02:44	38	0	1	0
      273	2024-01-15 08:03:09	38	0	1	0
     2062	2024-01-15 08:03:45	38	0	1	0
     1083	2024-01-15 08:06:18	38	0	1	0
     2855	2024-01-15 08:10:24	38	0	1	0
     2736	2024-01-15 12:02:17	38	1	1	0
      143	2024-01-15 12:02:38	38	1	1	0
      143	2024-01-15 12:02:40	38	1	1	0
      104	2024-01-15 12:02:46	38	1	1	0
      104	2024-01-15 12:02:47	38	1	1	0
      501	2024-01-15 12:02:54	38	1	1	0
      660	2024-01-15 12:02:57	38	1	1	0
     1886	2024-01-15 12:03:10	38	1	1	0
      837	2024-01-15 12:03:36	38	1	25	0
     1885	2024-01-15 12:03:47	38	1	1	0
     2855	2024-01-15 12:03:55	38	1	1	0
     2927	2024-01-15 12:04:11	38	1	1	0
     2927	2024-01-15 12:04:13	38	1	1	0
      131	2024-01-15 12:08:34	38	1	1	0
     1624	2024-01-15 12:08:52	38	1	1	0
     1624	2024-01-15 12:08:54	38	1	1	0
      170	2024-01-15 12:09:07	38	1	1	0
     1083	2024-01-15 12:09:29	38	1	1	0
      728	2024-01-15 12:09:41	38	1	28	0
      131	2024-01-15 12:09:48	38	0	1	0
     2736	2024-01-15 12:11:49	38	0	1	0
      220	2024-01-15 12:12:20	38	1	1	0
     2927	2024-01-15 12:12:31	38	0	1	0
     2927	2024-01-15 12:12:33	38	0	1	0
      143	2024-01-15 12:13:02	38	0	1	0
      143	2024-01-15 12:13:04	38	0	1	0
     2855	2024-01-15 12:13:10	38	0	1	0
      220	2024-01-15 12:14:40	38	0	1	0
     2031	2024-01-15 12:15:08	38	1	1	0
     1886	2024-01-15 12:17:06	38	0	1	0
      186	2024-01-15 12:20:53	38	0	1	0
      186	2024-01-15 12:21:02	38	1	1	0
      728	2024-01-15 12:21:17	38	0	28	0
     2062	2024-01-15 12:21:37	38	1	1	0
     2062	2024-01-15 12:21:43	38	1	1	0
      104	2024-01-15 12:22:52	38	0	1	0
      104	2024-01-15 12:22:54	38	0	1	0
     1904	2024-01-15 12:23:04	38	1	1	0
     1904	2024-01-15 12:23:08	38	1	1	0
      837	2024-01-15 12:24:23	38	0	25	0
     2062	2024-01-15 12:24:31	38	0	1	0
     2062	2024-01-15 12:24:34	38	0	1	0
      186	2024-01-15 12:24:47	38	0	1	0
     1455	2024-01-15 12:25:14	38	1	1	0
      511	2024-01-15 12:26:43	38	1	25	0
     1455	2024-01-15 12:29:17	38	0	1	0
      273	2024-01-15 12:29:57	38	1	1	0
      273	2024-01-15 12:31:31	38	0	1	0
     1904	2024-01-15 12:32:11	38	0	1	0
     1904	2024-01-15 12:32:14	38	0	1	0
     1624	2024-01-15 12:32:20	38	0	1	0
     1624	2024-01-15 12:32:22	38	0	1	0
      170	2024-01-15 12:32:52	38	0	1	0
     2031	2024-01-15 12:35:57	38	0	1	0
     2031	2024-01-15 12:35:58	38	0	1	0
      660	2024-01-15 12:36:50	38	0	1	0
      501	2024-01-15 12:36:59	38	0	1	0
      511	2024-01-15 12:40:54	38	0	25	0
      511	2024-01-15 12:41:01	38	0	25	0
     1083	2024-01-15 12:48:02	38	0	1	0
     2671	2024-01-15 12:52:09	38	1	1	0
     2671	2024-01-15 12:52:10	38	1	1	0
     1875	2024-01-15 12:54:12	38	1	1	0
     1875	2024-01-15 12:55:37	38	0	1	0
     1885	2024-01-15 12:55:48	38	0	1	0
     1034	2024-01-15 12:59:44	38	1	1	0
     2671	2024-01-15 13:00:34	38	0	1	0
     2671	2024-01-15 13:00:36	38	0	1	0
     1034	2024-01-15 13:00:47	38	0	25	0
     1034	2024-01-15 16:42:06	38	1	25	0
     2031	2024-01-15 17:01:02	38	1	1	0
     2031	2024-01-15 17:01:03	38	1	1	0
      837	2024-01-15 17:01:12	38	1	25	0
      837	2024-01-15 17:01:16	38	1	25	0
      170	2024-01-15 17:01:21	38	1	1	0
      170	2024-01-15 17:01:27	38	1	1	0
     2927	2024-01-15 17:01:34	38	1	1	0
     2927	2024-01-15 17:01:35	38	1	1	0
      186	2024-01-15 17:01:55	38	1	1	0
      728	2024-01-15 17:02:18	38	1	28	0
     2855	2024-01-15 17:02:23	38	1	1	0
      273	2024-01-15 17:02:36	38	1	1	0
     1875	2024-01-15 17:02:38	38	1	1	0
     1875	2024-01-15 17:02:40	38	1	1	0
     1455	2024-01-15 17:02:46	38	1	1	0
     1904	2024-01-15 17:02:52	38	1	1	0
     1904	2024-01-15 17:02:54	38	1	1	0
      143	2024-01-15 17:02:58	38	1	1	0
      143	2024-01-15 17:03:04	38	1	1	0
     1886	2024-01-15 17:03:10	38	1	1	0
     1886	2024-01-15 17:03:11	38	1	1	0
     2924	2024-01-15 17:03:16	38	1	1	0
     2924	2024-01-15 17:03:18	38	1	1	0
     1624	2024-01-15 17:03:24	38	1	1	0
     1624	2024-01-15 17:03:26	38	1	1	0
     2923	2024-01-15 17:03:29	38	1	1	0
     2923	2024-01-15 17:03:30	38	1	1	0
      220	2024-01-15 17:03:37	38	1	1	0
      220	2024-01-15 17:03:41	38	1	1	0
     2062	2024-01-15 17:03:46	38	1	1	0
     2062	2024-01-15 17:03:51	38	1	1	0
     2671	2024-01-15 17:03:53	38	1	1	0
     2671	2024-01-15 17:03:54	38	1	1	0
     1885	2024-01-15 17:04:00	38	1	1	0
      131	2024-01-15 17:04:14	38	1	1	0
     1083	2024-01-15 17:05:58	38	1	1	0
      197	2024-01-15 17:06:05	38	1	1	0
      197	2024-01-15 17:06:08	38	1	1	0
      197	2024-01-15 17:06:32	38	1	1	0
      660	2024-01-15 17:07:32	38	1	1	0
      511	2024-01-15 17:08:22	38	1	25	0
      104	2024-01-15 17:08:59	38	1	1	0
     1455	2024-01-15 17:10:23	38	4	1	0
      175	2024-01-15 17:19:25	38	1	1	0
      501	2024-01-15 19:17:42	38	1	1	0
     1455	2024-01-15 20:00:17	38	5	1	0
     1034	2024-01-16 07:23:40	38	5	25	0
     1034	2024-01-16 07:23:47	38	0	25	0
      501	2024-01-16 08:01:21	38	0	1	0
      837	2024-01-17 06:39:22	38	0	25	0
      837	2024-01-17 06:39:26	38	0	25	0
      197	2024-01-17 07:27:17	38	0	1	0
      197	2024-01-17 07:27:21	38	0	1	0
     1875	2024-01-17 07:33:42	38	0	1	0
     1034	2024-01-17 07:37:33	38	0	25	0
     2671	2024-01-17 07:38:38	38	0	1	0
     2671	2024-01-17 07:38:39	38	0	1	0
      728	2024-01-17 07:43:24	38	0	28	0
     2031	2024-01-17 07:43:37	38	0	1	0
     2031	2024-01-17 07:43:38	38	0	1	0
     2736	2024-01-17 07:46:41	38	0	1	0
      186	2024-01-17 07:47:15	38	0	1	0
      501	2024-01-17 07:47:45	38	0	1	0
      104	2024-01-17 07:47:52	38	0	1	0
     2927	2024-01-17 07:48:24	38	0	1	0
     2927	2024-01-17 07:48:26	38	0	1	0
      143	2024-01-17 07:49:47	38	0	1	0
      143	2024-01-17 07:49:49	38	0	1	0
      170	2024-01-17 07:53:27	38	0	1	0
      170	2024-01-17 07:53:33	38	0	1	0
     1885	2024-01-17 07:53:41	38	0	1	0
      273	2024-01-17 07:54:30	38	0	1	0
     1886	2024-01-17 07:54:35	38	0	1	0
     1624	2024-01-17 07:55:04	38	0	1	0
     1624	2024-01-17 07:55:06	38	0	1	0
     1455	2024-01-17 07:56:37	38	0	1	0
     1083	2024-01-17 07:58:32	38	0	1	0
     1904	2024-01-17 08:00:11	38	0	1	0
     1904	2024-01-17 08:00:14	38	0	1	0
      175	2024-01-17 08:00:31	38	0	1	0
      220	2024-01-17 08:01:41	38	0	1	0
      131	2024-01-17 08:04:06	38	0	1	0
     2855	2024-01-17 08:25:15	38	0	1	0
      511	2024-01-17 08:28:04	38	0	25	0
      660	2024-01-17 08:28:38	38	0	1	0
      104	2024-01-17 12:00:30	38	1	1	0
      660	2024-01-17 12:01:21	38	1	1	0
      131	2024-01-17 12:01:58	38	1	1	0
     1885	2024-01-17 12:02:08	38	1	1	0
      186	2024-01-17 12:02:23	38	1	1	0
      837	2024-01-17 12:02:35	38	1	25	0
      131	2024-01-17 12:03:08	38	0	1	0
     2736	2024-01-17 12:03:25	38	1	1	0
      501	2024-01-17 12:04:44	38	1	1	0
      273	2024-01-17 12:04:55	38	1	1	0
      186	2024-01-17 12:05:06	38	0	1	0
      511	2024-01-17 12:06:09	38	1	25	0
     1886	2024-01-17 12:07:41	38	1	1	0
      220	2024-01-17 12:07:48	38	1	1	0
      170	2024-01-17 12:10:48	38	1	1	0
     1624	2024-01-17 12:10:54	38	1	1	0
     1624	2024-01-17 12:10:56	38	1	1	0
      143	2024-01-17 12:11:09	38	1	1	0
      143	2024-01-17 12:11:11	38	1	1	0
      273	2024-01-17 12:11:19	38	0	1	0
      273	2024-01-17 12:11:21	38	0	1	0
     1624	2024-01-17 12:11:28	38	1	1	0
     1875	2024-01-17 12:11:37	38	1	1	0
     2031	2024-01-17 12:11:49	38	1	1	0
      837	2024-01-17 12:12:31	38	0	25	0
     2927	2024-01-17 12:12:41	38	1	1	0
     1455	2024-01-17 12:14:02	38	1	1	0
      143	2024-01-17 12:15:21	38	0	1	0
      143	2024-01-17 12:15:23	38	0	1	0
     1875	2024-01-17 12:15:47	38	0	1	0
     2736	2024-01-17 12:16:05	38	0	1	0
     1886	2024-01-17 12:19:00	38	0	1	0
     2927	2024-01-17 12:20:31	38	0	1	0
     2927	2024-01-17 12:20:32	38	0	1	0
     1624	2024-01-17 12:21:51	38	0	1	0
     1624	2024-01-17 12:21:52	38	0	1	0
      220	2024-01-17 12:24:08	38	0	1	0
     1904	2024-01-17 12:32:59	38	1	1	0
     1904	2024-01-17 12:33:01	38	1	1	0
      660	2024-01-17 12:33:10	38	0	1	0
      511	2024-01-17 12:33:59	38	0	25	0
     1885	2024-01-17 12:38:45	38	0	1	0
     1904	2024-01-17 12:38:56	38	0	1	0
     1904	2024-01-17 12:39:00	38	0	1	0
      170	2024-01-17 12:41:38	38	0	1	0
     1455	2024-01-17 12:43:28	38	0	1	0
      197	2024-01-17 12:43:59	38	1	1	0
      197	2024-01-17 12:44:02	38	1	1	0
      197	2024-01-17 12:44:05	38	1	1	0
      501	2024-01-17 12:44:15	38	0	1	0
     1083	2024-01-17 12:44:24	38	1	1	0
     2671	2024-01-17 12:46:05	38	1	1	0
     2671	2024-01-17 12:46:06	38	1	1	0
      197	2024-01-17 12:46:22	38	0	1	0
      197	2024-01-17 12:46:26	38	0	1	0
     1083	2024-01-17 12:47:22	38	0	1	0
     2671	2024-01-17 12:53:21	38	0	1	0
     2671	2024-01-17 12:53:23	38	0	1	0
     1034	2024-01-17 12:54:25	38	1	25	0
      186	2024-01-17 12:55:45	38	0	1	0
      104	2024-01-17 12:56:14	38	0	1	0
      104	2024-01-17 12:56:15	38	0	1	0
     2031	2024-01-17 12:56:28	38	0	1	0
     2031	2024-01-17 12:56:29	38	0	1	0
     1034	2024-01-17 12:58:55	38	0	25	0
