  2357	2023-07-31 06:32:00	46	1	1	0
  2357	2023-07-31 06:32:02	46	1	1	0
   185	2023-07-31 06:42:37	46	0	1	0
   185	2023-07-31 06:42:38	46	0	1	0
  2680	2023-07-31 06:52:02	46	0	1	0
  2680	2023-07-31 06:52:03	46	0	1	0
  1014	2023-07-31 07:07:55	46	0	1	0
  2887	2023-07-31 07:14:55	46	0	1	0
   200	2023-07-31 07:17:26	46	0	1	0
  1888	2023-07-31 07:17:59	46	0	1	0
  2885	2023-07-31 07:19:19	46	0	1	0
  2885	2023-07-31 07:19:22	46	0	1	0
  1069	2023-07-31 07:22:26	46	0	1	0
  1069	2023-07-31 07:22:28	46	0	1	0
  1069	2023-07-31 07:22:29	46	0	1	0
  2787	2023-07-31 07:26:40	46	0	1	0
  2787	2023-07-31 07:26:42	46	0	1	0
   629	2023-07-31 07:29:09	46	0	1	0
   629	2023-07-31 07:29:10	46	0	1	0
   943	2023-07-31 07:31:04	46	0	1	0
   943	2023-07-31 07:31:05	46	0	1	0
  2390	2023-07-31 07:36:00	46	0	1	0
   452	2023-07-31 07:38:02	46	0	1	0
   452	2023-07-31 07:38:04	46	0	1	0
   452	2023-07-31 07:38:05	46	0	1	0
   253	2023-07-31 07:41:45	46	0	1	0
   253	2023-07-31 07:41:46	46	0	1	0
  2886	2023-07-31 07:41:58	46	0	1	0
  2886	2023-07-31 07:42:00	46	0	1	0
   402	2023-07-31 07:43:29	46	0	1	0
   402	2023-07-31 07:43:30	46	0	1	0
  2550	2023-07-31 07:46:30	46	0	1	0
  2550	2023-07-31 07:46:32	46	0	1	0
   139	2023-07-31 07:51:18	46	0	1	0
   139	2023-07-31 07:51:19	46	0	1	0
   208	2023-07-31 07:52:16	46	0	1	0
  2881	2023-07-31 07:52:41	46	0	1	0
  2881	2023-07-31 07:52:43	46	0	1	0
   483	2023-07-31 07:53:14	46	0	1	0
   721	2023-07-31 07:55:44	46	0	1	0
   721	2023-07-31 07:55:46	46	0	1	0
   201	2023-07-31 07:55:51	46	0	1	0
   201	2023-07-31 07:55:53	46	0	1	0
   219	2023-07-31 07:56:19	46	0	1	0
   219	2023-07-31 07:56:20	46	0	1	0
   619	2023-07-31 07:56:22	46	0	1	0
   619	2023-07-31 07:56:23	46	0	1	0
   937	2023-07-31 07:56:41	46	0	1	0
   307	2023-07-31 07:56:51	46	0	1	0
   307	2023-07-31 07:56:53	46	0	1	0
   630	2023-07-31 07:57:46	46	0	1	0
   630	2023-07-31 07:57:50	46	0	1	0
   216	2023-07-31 07:58:20	46	0	1	0
   216	2023-07-31 07:58:22	46	0	1	0
  2033	2023-07-31 08:27:57	46	0	1	0
  2033	2023-07-31 08:27:58	46	0	1	0
  2390	2023-07-31 12:00:06	46	1	1	0
   629	2023-07-31 12:00:56	46	1	1	0
   219	2023-07-31 12:01:02	46	1	1	0
   201	2023-07-31 12:01:08	46	1	1	0
   629	2023-07-31 12:01:26	46	0	1	0
   307	2023-07-31 12:01:38	46	1	1	0
   253	2023-07-31 12:02:13	46	1	1	0
   253	2023-07-31 12:02:15	46	1	1	0
   721	2023-07-31 12:03:07	46	1	1	0
  2787	2023-07-31 12:03:12	46	1	1	0
   139	2023-07-31 12:03:18	46	1	1	0
   139	2023-07-31 12:03:19	46	1	1	0
   201	2023-07-31 12:03:27	46	0	1	0
   201	2023-07-31 12:03:35	46	0	1	0
   937	2023-07-31 12:03:42	46	1	1	0
   219	2023-07-31 12:04:04	46	0	1	0
   208	2023-07-31 12:05:07	46	1	1	0
   619	2023-07-31 12:05:13	46	1	1	0
   307	2023-07-31 12:05:31	46	0	1	0
   721	2023-07-31 12:05:39	46	0	1	0
  2787	2023-07-31 12:05:46	46	0	1	0
   253	2023-07-31 12:05:57	46	0	1	0
   253	2023-07-31 12:05:58	46	0	1	0
   721	2023-07-31 12:06:24	46	0	1	0
   216	2023-07-31 12:06:32	46	1	1	0
   216	2023-07-31 12:06:33	46	1	1	0
  2787	2023-07-31 12:06:46	46	0	1	0
   937	2023-07-31 12:06:50	46	0	1	0
   253	2023-07-31 12:06:56	46	0	1	0
  2390	2023-07-31 12:07:02	46	0	1	0
   139	2023-07-31 12:07:24	46	0	1	0
   139	2023-07-31 12:07:25	46	0	1	0
   402	2023-07-31 12:08:40	46	1	1	0
   630	2023-07-31 12:09:25	46	1	1	0
   630	2023-07-31 12:09:27	46	1	1	0
   402	2023-07-31 12:10:13	46	0	1	0
   402	2023-07-31 12:10:15	46	0	1	0
   630	2023-07-31 12:10:21	46	0	1	0
   630	2023-07-31 12:10:23	46	0	1	0
  1796	2023-07-31 12:10:47	46	1	1	0
   427	2023-07-31 12:14:19	46	1	1	0
   427	2023-07-31 12:14:20	46	1	1	0
   216	2023-07-31 12:15:58	46	0	1	0
   216	2023-07-31 12:16:00	46	0	1	0
  2550	2023-07-31 12:17:13	46	1	1	0
  2550	2023-07-31 12:17:15	46	1	1	0
   452	2023-07-31 12:20:26	46	1	1	0
  1796	2023-07-31 12:21:03	46	0	1	0
  2881	2023-07-31 12:21:16	46	1	1	0
  2887	2023-07-31 12:23:05	46	1	1	0
  2886	2023-07-31 12:23:10	46	1	1	0
  2886	2023-07-31 12:23:12	46	1	1	0
  2680	2023-07-31 12:23:16	46	1	1	0
  2680	2023-07-31 12:23:21	46	1	1	0
   366	2023-07-31 12:23:25	46	1	1	0
  1069	2023-07-31 12:23:29	46	1	1	0
   208	2023-07-31 12:23:39	46	1	1	0
   208	2023-07-31 12:23:41	46	1	1	0
   483	2023-07-31 12:23:51	46	1	1	0
  2680	2023-07-31 12:25:59	46	0	1	0
  2680	2023-07-31 12:26:01	46	0	1	0
  2357	2023-07-31 12:26:56	46	1	1	0
  2357	2023-07-31 12:26:58	46	1	1	0
  2886	2023-07-31 12:27:20	46	0	1	0
  2886	2023-07-31 12:27:27	46	0	1	0
   366	2023-07-31 12:27:33	46	0	1	0
   943	2023-07-31 12:27:58	46	1	1	0
   943	2023-07-31 12:28:19	46	0	1	0
  2881	2023-07-31 12:30:58	46	0	1	0
  2887	2023-07-31 12:31:11	46	0	1	0
   452	2023-07-31 12:31:31	46	0	1	0
   427	2023-07-31 12:32:19	46	0	1	0
   427	2023-07-31 12:32:20	46	0	1	0
   619	2023-07-31 12:32:40	46	0	1	0
   536	2023-07-31 12:32:47	46	1	1	0
  1069	2023-07-31 12:33:45	46	0	1	0
   483	2023-07-31 12:33:54	46	0	1	0
  2550	2023-07-31 12:34:09	46	0	1	0
  2550	2023-07-31 12:34:11	46	0	1	0
  1888	2023-07-31 12:34:51	46	1	1	0
  1888	2023-07-31 12:36:25	46	0	1	0
  2357	2023-07-31 12:37:27	46	0	1	0
  2357	2023-07-31 12:37:29	46	0	1	0
   536	2023-07-31 12:40:26	46	0	1	0
  2033	2023-07-31 12:44:16	46	1	1	0
  2033	2023-07-31 12:44:18	46	1	1	0
   216	2023-07-31 12:47:01	46	0	1	0
  2033	2023-07-31 12:48:21	46	0	1	0
  2033	2023-07-31 12:48:22	46	0	1	0
   402	2023-07-31 17:00:12	46	1	1	0
   402	2023-07-31 17:00:14	46	1	1	0
   937	2023-07-31 17:00:20	46	1	1	0
   307	2023-07-31 17:00:25	46	1	1	0
   139	2023-07-31 17:00:36	46	1	1	0
   139	2023-07-31 17:00:38	46	1	1	0
  2680	2023-07-31 17:00:46	46	1	1	0
  2680	2023-07-31 17:00:47	46	1	1	0
  2680	2023-07-31 17:00:48	46	1	1	0
   208	2023-07-31 17:00:54	46	1	1	0
   721	2023-07-31 17:00:59	46	1	1	0
   201	2023-07-31 17:01:06	46	1	1	0
   630	2023-07-31 17:01:13	46	1	1	0
   630	2023-07-31 17:01:14	46	1	1	0
   208	2023-07-31 17:01:34	46	1	1	0
  2885	2023-07-31 17:01:46	46	1	1	0
  2885	2023-07-31 17:01:47	46	1	1	0
   253	2023-07-31 17:02:49	46	1	1	0
   253	2023-07-31 17:02:51	46	1	1	0
   216	2023-07-31 17:02:55	46	1	1	0
   216	2023-07-31 17:02:57	46	1	1	0
  2390	2023-07-31 17:03:03	46	1	1	0
   483	2023-07-31 17:04:36	46	1	1	0
   536	2023-07-31 17:06:27	46	1	1	0
  1796	2023-07-31 17:07:33	46	1	1	0
  1796	2023-07-31 17:07:34	46	1	1	0
  2357	2023-07-31 17:07:39	46	1	1	0
  2357	2023-07-31 17:07:40	46	1	1	0
  2033	2023-07-31 17:09:54	46	1	1	0
  2033	2023-07-31 17:09:55	46	1	1	0
   943	2023-07-31 17:11:21	46	1	1	0
  1069	2023-07-31 17:15:46	46	1	1	0
  1069	2023-07-31 17:15:48	46	1	1	0
  1069	2023-07-31 17:15:49	46	1	1	0
   943	2023-08-01 06:36:11	46	0	1	0
   185	2023-08-01 06:55:58	46	0	1	0
   185	2023-08-01 06:56:00	46	0	1	0
  2680	2023-08-01 07:06:27	46	0	1	0
  2680	2023-08-01 07:06:33	46	0	1	0
  2680	2023-08-01 07:06:36	46	0	1	0
  2885	2023-08-01 07:10:34	46	0	1	0
  2885	2023-08-01 07:10:37	46	0	1	0
  2887	2023-08-01 07:14:38	46	0	1	0
   200	2023-08-01 07:19:13	46	0	1	0
  2357	2023-08-01 07:21:09	46	0	1	0
  2357	2023-08-01 07:21:11	46	0	1	0
  1069	2023-08-01 07:21:15	46	0	1	0
  1069	2023-08-01 07:21:17	46	0	1	0
  1069	2023-08-01 07:21:19	46	0	1	0
   483	2023-08-01 07:21:58	46	0	1	0
  2787	2023-08-01 07:27:22	46	0	1	0
  2787	2023-08-01 07:27:24	46	0	1	0
   219	2023-08-01 07:27:55	46	0	1	0
  2886	2023-08-01 07:37:36	46	0	1	0
  2886	2023-08-01 07:37:37	46	0	1	0
   253	2023-08-01 07:45:18	46	0	1	0
   253	2023-08-01 07:45:19	46	0	1	0
   402	2023-08-01 07:46:42	46	0	1	0
   402	2023-08-01 07:46:43	46	0	1	0
   160	2023-08-01 07:47:04	46	0	1	0
   921	2023-08-01 07:50:10	46	0	1	0
   921	2023-08-01 07:50:12	46	0	1	0
  1888	2023-08-01 07:50:20	46	0	1	0
   721	2023-08-01 07:50:37	46	0	1	0
   721	2023-08-01 07:50:38	46	0	1	0
   201	2023-08-01 07:50:45	46	0	1	0
   201	2023-08-01 07:50:51	46	0	1	0
   940	2023-08-01 07:51:35	46	0	1	0
   940	2023-08-01 07:51:37	46	0	1	0
   619	2023-08-01 07:51:43	46	0	1	0
   208	2023-08-01 07:51:58	46	0	1	0
   452	2023-08-01 07:52:07	46	0	1	0
   452	2023-08-01 07:52:09	46	0	1	0
   304	2023-08-01 07:55:06	46	0	1	0
   304	2023-08-01 07:55:09	46	0	1	0
  2550	2023-08-01 07:55:22	46	0	1	0
  2550	2023-08-01 07:55:23	46	0	1	0
   139	2023-08-01 07:55:32	46	0	1	0
   139	2023-08-01 07:55:33	46	0	1	0
   536	2023-08-01 07:55:49	46	0	1	0
  2033	2023-08-01 07:55:53	46	0	1	0
  2033	2023-08-01 07:55:55	46	0	1	0
   630	2023-08-01 07:56:02	46	0	1	0
   630	2023-08-01 07:56:04	46	0	1	0
  2881	2023-08-01 07:56:35	46	0	1	0
  2881	2023-08-01 07:56:36	46	0	1	0
   629	2023-08-01 07:57:23	46	0	1	0
   427	2023-08-01 07:57:33	46	0	1	0
   427	2023-08-01 07:57:35	46	0	1	0
   307	2023-08-01 07:57:57	46	0	1	0
   216	2023-08-01 07:59:18	46	0	1	0
   216	2023-08-01 07:59:20	46	0	1	0
   937	2023-08-01 08:01:45	46	0	1	0
   530	2023-08-01 08:06:32	46	0	1	0
   629	2023-08-01 12:00:06	46	1	1	0
   940	2023-08-01 12:00:08	46	1	1	0
   940	2023-08-01 12:00:10	46	1	1	0
  2357	2023-08-01 12:00:44	46	1	1	0
   307	2023-08-01 12:01:07	46	1	1	0
   219	2023-08-01 12:01:40	46	1	1	0
  2787	2023-08-01 12:01:54	46	1	1	0
   721	2023-08-01 12:02:00	46	1	1	0
   201	2023-08-01 12:02:14	46	1	1	0
   402	2023-08-01 12:02:42	46	1	1	0
   366	2023-08-01 12:02:51	46	1	1	0
   200	2023-08-01 12:03:01	46	1	1	0
   253	2023-08-01 12:03:13	46	1	1	0
   253	2023-08-01 12:03:15	46	1	1	0
   216	2023-08-01 12:03:21	46	1	1	0
   216	2023-08-01 12:03:23	46	1	1	0
   201	2023-08-01 12:03:32	46	0	1	0
   629	2023-08-01 12:04:14	46	0	1	0
   721	2023-08-01 12:04:57	46	0	1	0
   200	2023-08-01 12:05:02	46	0	1	0
  2787	2023-08-01 12:05:09	46	0	1	0
   307	2023-08-01 12:05:13	46	0	1	0
   253	2023-08-01 12:05:23	46	0	1	0
   253	2023-08-01 12:05:25	46	0	1	0
   402	2023-08-01 12:05:34	46	0	1	0
   402	2023-08-01 12:05:35	46	0	1	0
  2357	2023-08-01 12:05:40	46	0	1	0
  2357	2023-08-01 12:05:42	46	0	1	0
  2886	2023-08-01 12:05:49	46	1	1	0
  2886	2023-08-01 12:05:51	46	1	1	0
   201	2023-08-01 12:05:57	46	1	1	0
   937	2023-08-01 12:06:09	46	1	1	0
   304	2023-08-01 12:06:14	46	1	1	0
   530	2023-08-01 12:06:24	46	1	1	0
   219	2023-08-01 12:06:38	46	0	1	0
  2033	2023-08-01 12:09:17	46	1	1	0
  2033	2023-08-01 12:09:22	46	1	1	0
   937	2023-08-01 12:09:30	46	0	1	0
   619	2023-08-01 12:09:36	46	1	1	0
   304	2023-08-01 12:10:05	46	0	1	0
   139	2023-08-01 12:10:29	46	1	1	0
   139	2023-08-01 12:10:31	46	1	1	0
   208	2023-08-01 12:11:06	46	1	1	0
   216	2023-08-01 12:11:30	46	0	1	0
  2033	2023-08-01 12:11:39	46	0	1	0
  2033	2023-08-01 12:11:41	46	0	1	0
  2887	2023-08-01 12:12:06	46	1	1	0
   185	2023-08-01 12:12:44	46	1	1	0
   185	2023-08-01 12:12:45	46	1	1	0
   366	2023-08-01 12:13:13	46	1	1	0
   530	2023-08-01 12:14:07	46	0	1	0
   427	2023-08-01 12:14:36	46	1	1	0
   427	2023-08-01 12:14:37	46	1	1	0
   216	2023-08-01 12:14:46	46	0	1	0
  2885	2023-08-01 12:17:24	46	0	1	0
  2885	2023-08-01 12:17:26	46	0	1	0
   630	2023-08-01 12:17:47	46	1	1	0
   630	2023-08-01 12:17:48	46	1	1	0
  1888	2023-08-01 12:18:24	46	1	1	0
  2550	2023-08-01 12:19:38	46	1	1	0
  2550	2023-08-01 12:19:40	46	1	1	0
  2881	2023-08-01 12:19:48	46	1	1	0
   921	2023-08-01 12:19:50	46	1	1	0
   366	2023-08-01 12:19:57	46	0	1	0
  1888	2023-08-01 12:20:05	46	0	1	0
   208	2023-08-01 12:20:26	46	0	1	0
   630	2023-08-01 12:20:32	46	0	1	0
   630	2023-08-01 12:20:34	46	0	1	0
   139	2023-08-01 12:21:13	46	0	1	0
   139	2023-08-01 12:21:14	46	0	1	0
   630	2023-08-01 12:21:18	46	0	1	0
   483	2023-08-01 12:21:37	46	1	1	0
   921	2023-08-01 12:24:51	46	0	1	0
   452	2023-08-01 12:25:55	46	1	1	0
  2680	2023-08-01 12:26:59	46	1	1	0
  2680	2023-08-01 12:27:01	46	1	1	0
   536	2023-08-01 12:27:08	46	1	1	0
  1069	2023-08-01 12:27:32	46	1	1	0
  1014	2023-08-01 12:28:33	46	0	1	0
  2887	2023-08-01 12:28:39	46	0	1	0
   304	2023-08-01 12:29:33	46	0	1	0
   185	2023-08-01 12:29:43	46	0	1	0
   185	2023-08-01 12:29:45	46	0	1	0
  2680	2023-08-01 12:29:57	46	0	1	0
  2680	2023-08-01 12:30:01	46	0	1	0
   536	2023-08-01 12:30:17	46	0	1	0
   483	2023-08-01 12:31:19	46	0	1	0
   427	2023-08-01 12:31:26	46	0	1	0
   427	2023-08-01 12:31:28	46	0	1	0
  1069	2023-08-01 12:34:21	46	0	1	0
   208	2023-08-01 12:35:54	46	0	1	0
   943	2023-08-01 12:38:42	46	1	1	0
  2881	2023-08-01 12:39:13	46	0	1	0
  2550	2023-08-01 12:39:19	46	0	1	0
  2550	2023-08-01 12:39:23	46	0	1	0
   943	2023-08-01 12:39:39	46	0	1	0
   452	2023-08-01 12:39:54	46	0	1	0
  1796	2023-08-01 12:47:20	46	1	1	0
  1796	2023-08-01 12:47:26	46	0	1	0
   200	2023-08-01 17:00:23	46	1	1	0
  1014	2023-08-01 17:00:32	46	1	1	0
   201	2023-08-01 17:00:42	46	1	1	0
   721	2023-08-01 17:00:45	46	1	1	0
   721	2023-08-01 17:00:47	46	1	1	0
   139	2023-08-01 17:00:51	46	1	1	0
   139	2023-08-01 17:00:53	46	1	1	0
  2680	2023-08-01 17:00:57	46	1	1	0
  2680	2023-08-01 17:01:01	46	1	1	0
   402	2023-08-01 17:01:06	46	1	1	0
   402	2023-08-01 17:01:08	46	1	1	0
   937	2023-08-01 17:01:11	46	1	1	0
   208	2023-08-01 17:01:17	46	1	1	0
   307	2023-08-01 17:01:21	46	1	1	0
   304	2023-08-01 17:01:26	46	1	1	0
   304	2023-08-01 17:01:28	46	1	1	0
   253	2023-08-01 17:01:33	46	1	1	0
   253	2023-08-01 17:01:35	46	1	1	0
   530	2023-08-01 17:01:38	46	1	1	0
   630	2023-08-01 17:01:43	46	1	1	0
   630	2023-08-01 17:01:44	46	1	1	0
   185	2023-08-01 17:02:32	46	1	1	0
   185	2023-08-01 17:02:34	46	1	1	0
   943	2023-08-01 17:02:41	46	1	1	0
  2886	2023-08-01 17:04:34	46	1	1	0
  2886	2023-08-01 17:04:36	46	1	1	0
  2033	2023-08-01 17:13:45	46	1	1	0
  2033	2023-08-01 17:13:47	46	1	1	0
   943	2023-08-01 17:41:23	46	1	1	0
  1069	2023-08-01 17:43:27	46	1	1	0
  1069	2023-08-01 17:43:30	46	1	1	0
  1069	2023-08-01 17:43:32	46	1	1	0
  2357	2023-08-01 17:43:38	46	1	1	0
  2357	2023-08-01 17:43:40	46	1	1	0
   185	2023-08-02 06:36:24	46	0	1	0
   185	2023-08-02 06:36:25	46	0	1	0
   943	2023-08-02 06:36:32	46	0	1	0
   943	2023-08-02 06:36:34	46	0	1	0
  2357	2023-08-02 07:10:12	46	0	1	0
  2357	2023-08-02 07:10:13	46	0	1	0
  2885	2023-08-02 07:24:57	46	0	1	0
  2885	2023-08-02 07:25:00	46	0	1	0
  2887	2023-08-02 07:26:58	46	0	1	0
   253	2023-08-02 07:37:09	46	0	1	0
   253	2023-08-02 07:37:11	46	0	1	0
  2532	2023-08-02 07:39:11	46	0	1	0
  2532	2023-08-02 07:39:13	46	0	1	0
   219	2023-08-02 07:40:28	46	0	1	0
  2886	2023-08-02 07:40:57	46	0	1	0
  2886	2023-08-02 07:40:59	46	0	1	0
   483	2023-08-02 07:43:38	46	0	1	0
   402	2023-08-02 07:44:25	46	0	1	0
   402	2023-08-02 07:44:27	46	0	1	0
  1014	2023-08-02 07:44:43	46	0	1	0
   304	2023-08-02 07:49:21	46	0	1	0
   304	2023-08-02 07:49:24	46	0	1	0
   208	2023-08-02 07:49:31	46	0	1	0
   530	2023-08-02 07:50:35	46	0	1	0
   401	2023-08-02 07:52:11	46	0	1	0
   401	2023-08-02 07:52:13	46	0	1	0
  1888	2023-08-02 07:52:19	46	0	1	0
   452	2023-08-02 07:53:06	46	0	1	0
   452	2023-08-02 07:53:08	46	0	1	0
  2550	2023-08-02 07:54:20	46	0	1	0
  2550	2023-08-02 07:54:22	46	0	1	0
   139	2023-08-02 07:54:31	46	0	1	0
   139	2023-08-02 07:54:33	46	0	1	0
   427	2023-08-02 07:54:55	46	0	1	0
   427	2023-08-02 07:54:57	46	0	1	0
   721	2023-08-02 07:55:15	46	0	1	0
   721	2023-08-02 07:55:16	46	0	1	0
   201	2023-08-02 07:55:27	46	0	1	0
  2881	2023-08-02 07:55:35	46	0	1	0
   201	2023-08-02 07:55:41	46	0	1	0
  2881	2023-08-02 07:55:44	46	0	1	0
  2033	2023-08-02 07:55:54	46	0	1	0
  2033	2023-08-02 07:55:58	46	0	1	0
   921	2023-08-02 07:57:36	46	0	1	0
   921	2023-08-02 07:57:38	46	0	1	0
   307	2023-08-02 07:58:54	46	0	1	0
   630	2023-08-02 07:59:16	46	0	1	0
   630	2023-08-02 07:59:17	46	0	1	0
   937	2023-08-02 07:59:28	46	0	1	0
   940	2023-08-02 07:59:52	46	0	1	0
   940	2023-08-02 07:59:54	46	0	1	0
   619	2023-08-02 08:01:08	46	0	1	0
   216	2023-08-02 08:01:28	46	0	1	0
   216	2023-08-02 08:01:31	46	0	1	0
   629	2023-08-02 08:04:37	46	0	1	0
   305	2023-08-02 08:05:17	46	0	1	0
   305	2023-08-02 08:05:19	46	0	1	0
   940	2023-08-02 12:00:07	46	1	1	0
   940	2023-08-02 12:00:08	46	1	1	0
   483	2023-08-02 12:00:14	46	1	1	0
  2887	2023-08-02 12:00:20	46	1	1	0
   427	2023-08-02 12:00:28	46	1	1	0
   427	2023-08-02 12:00:30	46	1	1	0
  2886	2023-08-02 12:00:50	46	1	1	0
  2886	2023-08-02 12:00:52	46	1	1	0
  1014	2023-08-02 12:00:58	46	1	1	0
   401	2023-08-02 12:01:07	46	1	1	0
   139	2023-08-02 12:01:13	46	1	1	0
   139	2023-08-02 12:01:18	46	1	1	0
   307	2023-08-02 12:01:24	46	1	1	0
   619	2023-08-02 12:01:33	46	1	1	0
   219	2023-08-02 12:01:57	46	1	1	0
  1888	2023-08-02 12:02:08	46	1	1	0
   304	2023-08-02 12:02:13	46	1	1	0
   201	2023-08-02 12:02:21	46	1	1	0
   721	2023-08-02 12:02:26	46	1	1	0
   401	2023-08-02 12:02:33	46	0	1	0
   630	2023-08-02 12:03:00	46	1	1	0
   630	2023-08-02 12:03:03	46	1	1	0
   427	2023-08-02 12:03:10	46	0	1	0
   427	2023-08-02 12:03:12	46	0	1	0
   937	2023-08-02 12:03:19	46	1	1	0
   402	2023-08-02 12:03:27	46	1	1	0
  1888	2023-08-02 12:03:38	46	0	1	0
  2881	2023-08-02 12:04:02	46	1	1	0
   629	2023-08-02 12:04:06	46	1	1	0
   483	2023-08-02 12:04:12	46	0	1	0
   208	2023-08-02 12:04:19	46	1	1	0
   201	2023-08-02 12:04:27	46	0	1	0
  2886	2023-08-02 12:04:35	46	0	1	0
  2886	2023-08-02 12:04:36	46	0	1	0
   305	2023-08-02 12:04:49	46	1	1	0
   619	2023-08-02 12:05:08	46	0	1	0
   721	2023-08-02 12:05:31	46	0	1	0
   937	2023-08-02 12:05:41	46	0	1	0
   219	2023-08-02 12:06:11	46	0	1	0
   200	2023-08-02 12:06:39	46	1	1	0
   629	2023-08-02 12:06:48	46	0	1	0
   402	2023-08-02 12:06:55	46	0	1	0
   402	2023-08-02 12:06:57	46	0	1	0
  1014	2023-08-02 12:07:18	46	0	1	0
   208	2023-08-02 12:07:38	46	0	1	0
   305	2023-08-02 12:08:30	46	0	1	0
   305	2023-08-02 12:08:32	46	0	1	0
   200	2023-08-02 12:08:43	46	0	1	0
   139	2023-08-02 12:08:48	46	0	1	0
   139	2023-08-02 12:08:50	46	0	1	0
   630	2023-08-02 12:08:53	46	0	1	0
   630	2023-08-02 12:08:55	46	0	1	0
   530	2023-08-02 12:09:28	46	1	1	0
   307	2023-08-02 12:09:36	46	0	1	0
   921	2023-08-02 12:09:55	46	1	1	0
  1796	2023-08-02 12:11:18	46	1	1	0
  2881	2023-08-02 12:11:46	46	0	1	0
  1796	2023-08-02 12:12:44	46	0	1	0
   366	2023-08-02 12:12:56	46	1	1	0
   452	2023-08-02 12:13:08	46	1	1	0
   366	2023-08-02 12:14:32	46	0	1	0
   253	2023-08-02 12:14:49	46	1	1	0
   530	2023-08-02 12:15:04	46	0	1	0
   253	2023-08-02 12:16:28	46	0	1	0
   253	2023-08-02 12:16:30	46	0	1	0
   921	2023-08-02 12:16:44	46	0	1	0
  2887	2023-08-02 12:16:50	46	0	1	0
   304	2023-08-02 12:17:05	46	0	1	0
   452	2023-08-02 12:18:34	46	0	1	0
  2033	2023-08-02 12:39:38	46	1	1	0
  2033	2023-08-02 12:39:40	46	1	1	0
   216	2023-08-02 12:47:23	46	1	1	0
   216	2023-08-02 12:47:25	46	1	1	0
  2033	2023-08-02 12:49:21	46	0	1	0
  2033	2023-08-02 12:49:22	46	0	1	0
   304	2023-08-02 12:49:56	46	0	1	0
  2550	2023-08-02 12:50:04	46	0	1	0
  2550	2023-08-02 12:50:06	46	0	1	0
   216	2023-08-02 12:50:19	46	0	1	0
   216	2023-08-02 12:50:21	46	0	1	0
   630	2023-08-02 17:00:14	46	1	1	0
   630	2023-08-02 17:00:16	46	1	1	0
   452	2023-08-02 17:00:28	46	1	1	0
   452	2023-08-02 17:00:29	46	1	1	0
   721	2023-08-02 17:00:34	46	1	1	0
   721	2023-08-02 17:00:36	46	1	1	0
   201	2023-08-02 17:00:41	46	1	1	0
   201	2023-08-02 17:00:43	46	1	1	0
   307	2023-08-02 17:01:26	46	1	1	0
   937	2023-08-02 17:01:30	46	1	1	0
   304	2023-08-02 17:01:35	46	1	1	0
   304	2023-08-02 17:01:36	46	1	1	0
   402	2023-08-02 17:01:40	46	1	1	0
   402	2023-08-02 17:01:41	46	1	1	0
   530	2023-08-02 17:01:46	46	1	1	0
   483	2023-08-02 17:02:05	46	1	1	0
   208	2023-08-02 17:02:09	46	1	1	0
  2886	2023-08-02 17:02:14	46	1	1	0
  2886	2023-08-02 17:02:15	46	1	1	0
   305	2023-08-02 17:02:21	46	1	1	0
   139	2023-08-02 17:02:26	46	1	1	0
   139	2023-08-02 17:02:27	46	1	1	0
   401	2023-08-02 17:02:55	46	1	1	0
   401	2023-08-02 17:02:57	46	1	1	0
   253	2023-08-02 17:03:03	46	1	1	0
   253	2023-08-02 17:03:04	46	1	1	0
   216	2023-08-02 17:03:08	46	1	1	0
   216	2023-08-02 17:03:10	46	1	1	0
   427	2023-08-02 17:03:14	46	1	1	0
   427	2023-08-02 17:03:16	46	1	1	0
  2033	2023-08-02 17:03:41	46	1	1	0
  2033	2023-08-02 17:03:43	46	1	1	0
   185	2023-08-02 17:03:47	46	1	1	0
   185	2023-08-02 17:03:48	46	1	1	0
   943	2023-08-03 06:37:46	46	0	1	0
   943	2023-08-03 06:37:48	46	0	1	0
   185	2023-08-03 06:41:03	46	0	1	0
   185	2023-08-03 06:41:04	46	0	1	0
  2680	2023-08-03 07:02:15	46	0	1	0
  2680	2023-08-03 07:02:17	46	0	1	0
   200	2023-08-03 07:17:51	46	0	1	0
  2787	2023-08-03 07:18:09	46	0	1	0
  2787	2023-08-03 07:18:22	46	0	1	0
  2885	2023-08-03 07:19:34	46	0	1	0
  2885	2023-08-03 07:19:36	46	0	1	0
  2887	2023-08-03 07:19:53	46	0	1	0
  2357	2023-08-03 07:22:37	46	0	1	0
  2357	2023-08-03 07:22:39	46	0	1	0
  1069	2023-08-03 07:27:45	46	0	1	0
  1069	2023-08-03 07:27:47	46	0	1	0
  1069	2023-08-03 07:27:49	46	0	1	0
   483	2023-08-03 07:36:02	46	0	1	0
   253	2023-08-03 07:41:00	46	0	1	0
   253	2023-08-03 07:41:01	46	0	1	0
   402	2023-08-03 07:41:33	46	0	1	0
   402	2023-08-03 07:41:34	46	0	1	0
  2886	2023-08-03 07:43:15	46	0	1	0
  2886	2023-08-03 07:43:16	46	0	1	0
   216	2023-08-03 07:45:00	46	0	1	0
   216	2023-08-03 07:45:01	46	0	1	0
  1014	2023-08-03 07:45:17	46	0	1	0
  1014	2023-08-03 07:45:20	46	0	1	0
   921	2023-08-03 07:45:50	46	0	1	0
   921	2023-08-03 07:45:52	46	0	1	0
   401	2023-08-03 07:46:36	46	0	1	0
   401	2023-08-03 07:46:38	46	0	1	0
   304	2023-08-03 07:50:38	46	0	1	0
   304	2023-08-03 07:50:42	46	0	1	0
  1888	2023-08-03 07:52:57	46	0	1	0
  2033	2023-08-03 07:54:03	46	0	1	0
  2033	2023-08-03 07:54:05	46	0	1	0
  2550	2023-08-03 07:54:21	46	0	1	0
  2550	2023-08-03 07:54:23	46	0	1	0
   530	2023-08-03 07:54:29	46	0	1	0
   452	2023-08-03 07:55:00	46	0	1	0
   452	2023-08-03 07:55:02	46	0	1	0
   307	2023-08-03 07:55:06	46	0	1	0
   937	2023-08-03 07:55:36	46	0	1	0
  2881	2023-08-03 07:55:53	46	0	1	0
  2881	2023-08-03 07:55:55	46	0	1	0
   305	2023-08-03 07:56:14	46	0	1	0
   305	2023-08-03 07:56:16	46	0	1	0
   139	2023-08-03 07:56:57	46	0	1	0
   139	2023-08-03 07:56:59	46	0	1	0
   721	2023-08-03 07:57:12	46	0	1	0
   721	2023-08-03 07:57:16	46	0	1	0
   201	2023-08-03 07:57:19	46	0	1	0
   201	2023-08-03 07:57:24	46	0	1	0
   208	2023-08-03 07:57:48	46	0	1	0
   219	2023-08-03 07:58:04	46	0	1	0
   630	2023-08-03 07:59:36	46	0	1	0
   630	2023-08-03 07:59:38	46	0	1	0
   629	2023-08-03 08:07:48	46	0	1	0
   201	2023-08-03 12:00:33	46	1	1	0
  2033	2023-08-03 12:01:35	46	1	1	0
  2033	2023-08-03 12:01:36	46	1	1	0
   937	2023-08-03 12:01:43	46	1	1	0
   629	2023-08-03 12:01:49	46	1	1	0
   253	2023-08-03 12:01:55	46	1	1	0
   253	2023-08-03 12:01:56	46	1	1	0
   216	2023-08-03 12:02:00	46	1	1	0
   216	2023-08-03 12:02:01	46	1	1	0
   201	2023-08-03 12:02:20	46	0	1	0
   201	2023-08-03 12:03:05	46	0	1	0
   307	2023-08-03 12:03:16	46	1	1	0
   721	2023-08-03 12:03:59	46	1	1	0
   219	2023-08-03 12:04:06	46	1	1	0
   253	2023-08-03 12:04:13	46	0	1	0
   253	2023-08-03 12:04:15	46	0	1	0
   216	2023-08-03 12:04:25	46	0	1	0
   216	2023-08-03 12:04:27	46	0	1	0
  2886	2023-08-03 12:04:49	46	1	1	0
  2886	2023-08-03 12:04:51	46	1	1	0
   304	2023-08-03 12:05:06	46	1	1	0
   304	2023-08-03 12:05:10	46	1	1	0
   536	2023-08-03 12:05:28	46	1	1	0
   937	2023-08-03 12:05:37	46	0	1	0
   629	2023-08-03 12:05:44	46	0	1	0
  1888	2023-08-03 12:05:51	46	1	1	0
   630	2023-08-03 12:05:59	46	1	1	0
   630	2023-08-03 12:06:00	46	1	1	0
   721	2023-08-03 12:06:10	46	0	1	0
   427	2023-08-03 12:06:52	46	1	1	0
   427	2023-08-03 12:06:53	46	1	1	0
   401	2023-08-03 12:07:30	46	1	1	0
   200	2023-08-03 12:07:35	46	1	1	0
   200	2023-08-03 12:07:58	46	1	1	0
   401	2023-08-03 12:08:05	46	1	1	0
   307	2023-08-03 12:08:15	46	0	1	0
  2787	2023-08-03 12:08:47	46	1	1	0
  1888	2023-08-03 12:08:59	46	0	1	0
   402	2023-08-03 12:09:45	46	1	1	0
  2680	2023-08-03 12:09:56	46	1	1	0
  2680	2023-08-03 12:09:58	46	1	1	0
   530	2023-08-03 12:10:09	46	1	1	0
  2787	2023-08-03 12:10:19	46	0	1	0
  2887	2023-08-03 12:10:43	46	1	1	0
   452	2023-08-03 12:10:50	46	1	1	0
   401	2023-08-03 12:11:14	46	0	1	0
   200	2023-08-03 12:11:30	46	0	1	0
   219	2023-08-03 12:11:38	46	0	1	0
   630	2023-08-03 12:13:19	46	0	1	0
   630	2023-08-03 12:13:20	46	0	1	0
   402	2023-08-03 12:13:29	46	0	1	0
   402	2023-08-03 12:13:30	46	0	1	0
   139	2023-08-03 12:14:06	46	1	1	0
   139	2023-08-03 12:14:08	46	1	1	0
   452	2023-08-03 12:14:21	46	0	1	0
   305	2023-08-03 12:14:30	46	1	1	0
   530	2023-08-03 12:16:39	46	0	1	0
  1014	2023-08-03 12:16:58	46	1	1	0
   366	2023-08-03 12:17:56	46	1	1	0
   208	2023-08-03 12:18:02	46	1	1	0
  2881	2023-08-03 12:18:12	46	1	1	0
   921	2023-08-03 12:18:18	46	1	1	0
  2680	2023-08-03 12:19:42	46	0	1	0
  2680	2023-08-03 12:19:44	46	0	1	0
   483	2023-08-03 12:19:59	46	1	1	0
  2886	2023-08-03 12:20:06	46	0	1	0
  2886	2023-08-03 12:20:08	46	0	1	0
   366	2023-08-03 12:20:21	46	0	1	0
  2887	2023-08-03 12:20:29	46	0	1	0
  1014	2023-08-03 12:21:59	46	0	1	0
  2033	2023-08-03 12:25:01	46	0	1	0
  2033	2023-08-03 12:25:03	46	0	1	0
   536	2023-08-03 12:25:04	46	0	1	0
   536	2023-08-03 12:25:05	46	0	1	0
   483	2023-08-03 12:26:30	46	1	1	0
  2550	2023-08-03 12:28:25	46	1	1	0
  2550	2023-08-03 12:28:27	46	1	1	0
  1069	2023-08-03 12:30:08	46	1	1	0
   483	2023-08-03 12:30:19	46	0	1	0
   305	2023-08-03 12:32:43	46	0	1	0
   139	2023-08-03 12:33:16	46	0	1	0
   139	2023-08-03 12:33:18	46	0	1	0
   921	2023-08-03 12:33:45	46	0	1	0
  2881	2023-08-03 12:33:47	46	0	1	0
   427	2023-08-03 12:33:53	46	0	1	0
   427	2023-08-03 12:33:54	46	0	1	0
   208	2023-08-03 12:34:10	46	0	1	0
  1069	2023-08-03 12:36:37	46	0	1	0
  2550	2023-08-03 12:38:20	46	0	1	0
  2550	2023-08-03 12:38:22	46	0	1	0
   208	2023-08-03 12:52:56	46	0	1	0
   401	2023-08-03 15:35:25	46	0	1	0
   401	2023-08-03 15:35:30	46	0	1	0
   401	2023-08-03 15:35:38	46	1	1	0
   401	2023-08-03 15:35:42	46	1	1	0
   402	2023-08-03 16:15:23	46	1	1	0
   402	2023-08-03 16:15:25	46	1	1	0
   452	2023-08-03 17:00:09	46	1	1	0
   452	2023-08-03 17:00:11	46	1	1	0
  2680	2023-08-03 17:00:19	46	1	1	0
  2680	2023-08-03 17:00:21	46	1	1	0
   721	2023-08-03 17:00:26	46	1	1	0
   721	2023-08-03 17:00:28	46	1	1	0
   201	2023-08-03 17:00:34	46	1	1	0
   201	2023-08-03 17:00:40	46	1	1	0
   530	2023-08-03 17:01:06	46	1	1	0
   307	2023-08-03 17:01:26	46	1	1	0
   937	2023-08-03 17:01:33	46	1	1	0
  2886	2023-08-03 17:01:39	46	1	1	0
  2886	2023-08-03 17:01:41	46	1	1	0
  1014	2023-08-03 17:01:43	46	1	1	0
   253	2023-08-03 17:01:49	46	1	1	0
   253	2023-08-03 17:01:51	46	1	1	0
   427	2023-08-03 17:01:54	46	1	1	0
   427	2023-08-03 17:01:56	46	1	1	0
   200	2023-08-03 17:02:00	46	1	1	0
   139	2023-08-03 17:02:06	46	1	1	0
   139	2023-08-03 17:02:08	46	1	1	0
   305	2023-08-03 17:02:18	46	1	1	0
   742	2023-08-03 17:02:21	46	1	1	0
   208	2023-08-03 17:02:29	46	1	1	0
   208	2023-08-03 17:02:31	46	1	1	0
   185	2023-08-03 17:03:02	46	1	1	0
   185	2023-08-03 17:03:04	46	1	1	0
  2033	2023-08-03 17:09:39	46	1	1	0
  2033	2023-08-03 17:09:43	46	1	1	0
  2549	2023-08-03 17:09:56	46	1	1	0
  2549	2023-08-03 17:09:58	46	1	1	0
  2549	2023-08-03 17:10:00	46	1	1	0
  2357	2023-08-03 17:21:06	46	1	1	0
  2357	2023-08-03 17:21:08	46	1	1	0
  1069	2023-08-03 17:23:13	46	1	1	0
  1069	2023-08-03 17:23:15	46	1	1	0
  1069	2023-08-03 17:23:16	46	1	1	0
   943	2023-08-03 17:23:32	46	1	1	0
   943	2023-08-03 17:23:33	46	1	1	0
   185	2023-08-04 06:50:20	46	0	1	0
   185	2023-08-04 06:50:21	46	0	1	0
   943	2023-08-04 06:51:05	46	0	1	0
   943	2023-08-04 06:51:06	46	0	1	0
  2680	2023-08-04 07:03:41	46	0	1	0
  2680	2023-08-04 07:03:43	46	0	1	0
  2680	2023-08-04 07:09:53	46	0	1	0
  2680	2023-08-04 07:09:56	46	0	1	0
  2357	2023-08-04 07:12:01	46	0	1	0
  2357	2023-08-04 07:12:03	46	0	1	0
  2887	2023-08-04 07:16:15	46	0	1	0
  2885	2023-08-04 07:18:25	46	0	1	0
  2885	2023-08-04 07:18:27	46	0	1	0
  1069	2023-08-04 07:21:33	46	0	1	0
  1069	2023-08-04 07:21:35	46	0	1	0
  1069	2023-08-04 07:21:36	46	0	1	0
   483	2023-08-04 07:27:43	46	0	1	0
   200	2023-08-04 07:30:58	46	0	1	0
   921	2023-08-04 07:31:19	46	0	1	0
   921	2023-08-04 07:31:21	46	0	1	0
  2787	2023-08-04 07:40:50	46	0	1	0
  2787	2023-08-04 07:40:52	46	0	1	0
  2390	2023-08-04 07:43:57	46	0	1	0
  1014	2023-08-04 07:44:10	46	0	1	0
   253	2023-08-04 07:45:42	46	0	1	0
   253	2023-08-04 07:45:44	46	0	1	0
   629	2023-08-04 07:48:23	46	0	1	0
   216	2023-08-04 07:48:34	46	0	1	0
   216	2023-08-04 07:48:36	46	0	1	0
   452	2023-08-04 07:48:54	46	0	1	0
   452	2023-08-04 07:48:56	46	0	1	0
   427	2023-08-04 07:49:05	46	0	1	0
   427	2023-08-04 07:49:08	46	0	1	0
   427	2023-08-04 07:49:12	46	0	1	0
  1888	2023-08-04 07:51:32	46	0	1	0
   219	2023-08-04 07:52:31	46	0	1	0
  2033	2023-08-04 07:53:07	46	0	1	0
  2033	2023-08-04 07:53:10	46	0	1	0
   630	2023-08-04 07:53:27	46	0	1	0
   630	2023-08-04 07:53:28	46	0	1	0
  2550	2023-08-04 07:55:32	46	0	1	0
  2550	2023-08-04 07:55:34	46	0	1	0
   139	2023-08-04 07:55:43	46	0	1	0
   139	2023-08-04 07:55:45	46	0	1	0
   305	2023-08-04 07:56:22	46	0	1	0
   305	2023-08-04 07:56:23	46	0	1	0
   307	2023-08-04 07:57:15	46	0	1	0
   530	2023-08-04 07:57:28	46	0	1	0
   937	2023-08-04 07:58:22	46	0	1	0
   721	2023-08-04 07:58:32	46	0	1	0
   721	2023-08-04 07:58:33	46	0	1	0
   201	2023-08-04 07:58:38	46	0	1	0
   201	2023-08-04 07:58:45	46	0	1	0
  2881	2023-08-04 07:58:57	46	0	1	0
  2881	2023-08-04 07:58:59	46	0	1	0
   536	2023-08-04 07:59:23	46	0	1	0
   619	2023-08-04 08:00:43	46	0	1	0
   940	2023-08-04 08:01:18	46	0	1	0
   401	2023-08-04 08:05:26	46	0	1	0
   401	2023-08-04 08:05:28	46	0	1	0
   208	2023-08-04 08:06:18	46	0	1	0
   200	2023-08-04 12:00:20	46	1	1	0
   307	2023-08-04 12:01:53	46	1	1	0
   200	2023-08-04 12:02:11	46	0	1	0
   937	2023-08-04 12:02:53	46	1	1	0
   201	2023-08-04 12:02:59	46	1	1	0
  2887	2023-08-04 12:03:07	46	1	1	0
   201	2023-08-04 12:03:13	46	1	1	0
   253	2023-08-04 12:03:18	46	1	1	0
   253	2023-08-04 12:03:20	46	1	1	0
   452	2023-08-04 12:03:26	46	1	1	0
   940	2023-08-04 12:03:32	46	1	1	0
   940	2023-08-04 12:03:33	46	1	1	0
   219	2023-08-04 12:03:41	46	1	1	0
   216	2023-08-04 12:03:50	46	1	1	0
   216	2023-08-04 12:03:52	46	1	1	0
   921	2023-08-04 12:04:57	46	1	1	0
   208	2023-08-04 12:05:03	46	1	1	0
   483	2023-08-04 12:05:09	46	1	1	0
   721	2023-08-04 12:05:11	46	1	1	0
  2787	2023-08-04 12:05:16	46	1	1	0
   937	2023-08-04 12:05:40	46	0	1	0
  2881	2023-08-04 12:05:51	46	1	1	0
   452	2023-08-04 12:06:23	46	0	1	0
  2033	2023-08-04 12:06:31	46	1	1	0
  2033	2023-08-04 12:06:33	46	1	1	0
  2680	2023-08-04 12:06:51	46	1	1	0
  2680	2023-08-04 12:06:53	46	1	1	0
   201	2023-08-04 12:07:04	46	0	1	0
   253	2023-08-04 12:07:13	46	0	1	0
   253	2023-08-04 12:07:20	46	0	1	0
   201	2023-08-04 12:07:26	46	0	1	0
  2787	2023-08-04 12:07:34	46	0	1	0
   219	2023-08-04 12:07:45	46	0	1	0
  2550	2023-08-04 12:07:54	46	1	1	0
  2550	2023-08-04 12:07:56	46	1	1	0
   483	2023-08-04 12:08:06	46	0	1	0
   721	2023-08-04 12:08:37	46	0	1	0
   530	2023-08-04 12:09:28	46	1	1	0
  2680	2023-08-04 12:10:50	46	0	1	0
  2680	2023-08-04 12:10:52	46	0	1	0
   921	2023-08-04 12:10:55	46	0	1	0
   139	2023-08-04 12:11:22	46	1	1	0
   139	2023-08-04 12:11:23	46	1	1	0
  2887	2023-08-04 12:11:34	46	0	1	0
   619	2023-08-04 12:12:05	46	1	1	0
   483	2023-08-04 12:12:24	46	0	1	0
   307	2023-08-04 12:13:11	46	0	1	0
  1014	2023-08-04 12:13:30	46	1	1	0
   619	2023-08-04 12:13:52	46	0	1	0
   305	2023-08-04 12:14:13	46	1	1	0
   427	2023-08-04 12:14:20	46	1	1	0
   427	2023-08-04 12:14:21	46	1	1	0
  2881	2023-08-04 12:15:10	46	0	1	0
   536	2023-08-04 12:15:16	46	1	1	0
  2390	2023-08-04 12:15:24	46	1	1	0
  1888	2023-08-04 12:15:33	46	1	1	0
   366	2023-08-04 12:15:54	46	1	1	0
  1014	2023-08-04 12:16:01	46	0	1	0
   139	2023-08-04 12:16:22	46	0	1	0
   139	2023-08-04 12:16:23	46	0	1	0
   139	2023-08-04 12:17:43	46	0	1	0
  1796	2023-08-04 12:17:52	46	1	1	0
  1888	2023-08-04 12:18:18	46	0	1	0
   530	2023-08-04 12:18:25	46	0	1	0
   401	2023-08-04 12:20:04	46	1	1	0
  2532	2023-08-04 12:20:55	46	0	1	0
  2532	2023-08-04 12:20:57	46	0	1	0
   208	2023-08-04 12:22:54	46	0	1	0
   216	2023-08-04 12:22:58	46	0	1	0
   216	2023-08-04 12:23:03	46	0	1	0
   366	2023-08-04 12:23:12	46	0	1	0
   401	2023-08-04 12:23:20	46	0	1	0
   305	2023-08-04 12:23:56	46	0	1	0
   305	2023-08-04 12:23:57	46	0	1	0
  2550	2023-08-04 12:28:06	46	0	1	0
  2550	2023-08-04 12:28:08	46	0	1	0
  2390	2023-08-04 12:30:20	46	0	1	0
   427	2023-08-04 12:33:22	46	0	1	0
   427	2023-08-04 12:33:24	46	0	1	0
  2033	2023-08-04 12:36:06	46	0	1	0
  2033	2023-08-04 12:36:08	46	0	1	0
   629	2023-08-04 12:42:44	46	1	1	0
   629	2023-08-04 12:46:54	46	0	1	0
  1069	2023-08-04 12:49:28	46	1	1	0
  1069	2023-08-04 12:52:59	46	0	1	0
   536	2023-08-04 12:56:30	46	0	1	0
   305	2023-08-04 16:26:25	46	1	1	0
  2680	2023-08-04 17:00:47	46	1	1	0
  2680	2023-08-04 17:00:49	46	1	1	0
   937	2023-08-04 17:00:53	46	1	1	0
   307	2023-08-04 17:00:58	46	1	1	0
   208	2023-08-04 17:01:04	46	1	1	0
   721	2023-08-04 17:01:07	46	1	1	0
   721	2023-08-04 17:01:10	46	1	1	0
   530	2023-08-04 17:01:15	46	1	1	0
   201	2023-08-04 17:01:20	46	1	1	0
   201	2023-08-04 17:01:23	46	1	1	0
  2787	2023-08-04 17:01:28	46	1	1	0
  2787	2023-08-04 17:01:30	46	1	1	0
   200	2023-08-04 17:01:37	46	1	1	0
  1888	2023-08-04 17:01:44	46	1	1	0
   629	2023-08-04 17:01:46	46	1	1	0
   185	2023-08-04 17:01:50	46	1	1	0
   185	2023-08-04 17:01:52	46	1	1	0
  2390	2023-08-04 17:01:58	46	1	1	0
   216	2023-08-04 17:02:05	46	1	1	0
   216	2023-08-04 17:02:07	46	1	1	0
   253	2023-08-04 17:02:12	46	1	1	0
   253	2023-08-04 17:02:14	46	1	1	0
   619	2023-08-04 17:02:17	46	1	1	0
   619	2023-08-04 17:02:18	46	1	1	0
   139	2023-08-04 17:02:36	46	1	1	0
   139	2023-08-04 17:02:38	46	1	1	0
  1014	2023-08-04 17:03:22	46	1	1	0
   401	2023-08-04 17:04:10	46	1	1	0
   401	2023-08-04 17:04:12	46	1	1	0
   427	2023-08-04 17:04:15	46	1	1	0
   427	2023-08-04 17:04:16	46	1	1	0
   401	2023-08-04 17:05:45	46	1	1	0
   427	2023-08-04 17:05:48	46	1	1	0
   185	2023-08-04 17:13:12	46	1	1	0
   185	2023-08-04 17:13:14	46	1	1	0
  2357	2023-08-04 17:18:47	46	1	1	0
  2357	2023-08-04 17:18:49	46	1	1	0
  1069	2023-08-04 17:36:31	46	1	1	0
  1069	2023-08-04 17:36:32	46	1	1	0
  1069	2023-08-04 17:36:34	46	1	1	0
  2033	2023-08-04 17:37:03	46	1	1	0
  2033	2023-08-04 17:37:05	46	1	1	0
   943	2023-08-04 17:37:28	46	1	1	0
   943	2023-08-04 17:37:29	46	1	1	0
  2033	2023-08-05 13:37:47	46	4	1	0
  2033	2023-08-05 13:40:30	46	4	1	0
  2033	2023-08-05 18:08:10	46	5	1	0
  2033	2023-08-05 18:08:21	46	5	1	0
   943	2023-08-07 06:38:03	46	0	1	0
   943	2023-08-07 06:38:04	46	0	1	0
   185	2023-08-07 06:48:44	46	0	1	0
   185	2023-08-07 06:48:47	46	0	1	0
  2680	2023-08-07 06:55:20	46	0	1	0
  2680	2023-08-07 06:55:23	46	0	1	0
  2887	2023-08-07 07:08:46	46	0	1	0
   208	2023-08-07 07:17:55	46	0	1	0
   200	2023-08-07 07:19:36	46	0	1	0
  1014	2023-08-07 07:21:16	46	0	1	0
  2357	2023-08-07 07:23:51	46	0	1	0
  2357	2023-08-07 07:23:52	46	0	1	0
  1069	2023-08-07 07:26:22	46	0	1	0
  1069	2023-08-07 07:26:23	46	0	1	0
  1069	2023-08-07 07:26:25	46	0	1	0
  2787	2023-08-07 07:32:31	46	0	1	0
  2787	2023-08-07 07:32:35	46	0	1	0
  2886	2023-08-07 07:32:49	46	0	1	0
  2886	2023-08-07 07:32:55	46	0	1	0
   483	2023-08-07 07:38:23	46	0	1	0
  1888	2023-08-07 07:41:49	46	0	1	0
  2588	2023-08-07 07:42:03	46	0	1	0
  2588	2023-08-07 07:42:04	46	0	1	0
   253	2023-08-07 07:43:57	46	0	1	0
   253	2023-08-07 07:43:58	46	0	1	0
   940	2023-08-07 07:44:20	46	0	1	0
   940	2023-08-07 07:44:21	46	0	1	0
   304	2023-08-07 07:44:59	46	0	1	0
   304	2023-08-07 07:45:01	46	0	1	0
   619	2023-08-07 07:45:07	46	0	1	0
   619	2023-08-07 07:45:09	46	0	1	0
  2390	2023-08-07 07:45:15	46	0	1	0
   415	2023-08-07 07:46:57	46	0	1	0
   415	2023-08-07 07:46:58	46	0	1	0
  2550	2023-08-07 07:48:46	46	0	1	0
  2550	2023-08-07 07:48:48	46	0	1	0
   452	2023-08-07 07:49:35	46	0	1	0
   452	2023-08-07 07:49:37	46	0	1	0
   139	2023-08-07 07:54:22	46	0	1	0
   139	2023-08-07 07:54:24	46	0	1	0
   721	2023-08-07 07:54:29	46	0	1	0
   721	2023-08-07 07:54:31	46	0	1	0
   201	2023-08-07 07:54:37	46	0	1	0
   201	2023-08-07 07:54:39	46	0	1	0
   216	2023-08-07 07:56:48	46	0	1	0
   216	2023-08-07 07:56:50	46	0	1	0
   630	2023-08-07 07:58:40	46	0	1	0
   630	2023-08-07 07:58:42	46	0	1	0
   937	2023-08-07 07:59:39	46	0	1	0
   307	2023-08-07 07:59:42	46	0	1	0
  2881	2023-08-07 08:03:23	46	0	1	0
  2881	2023-08-07 08:03:25	46	0	1	0
  2033	2023-08-07 08:04:35	46	0	1	0
  2033	2023-08-07 08:04:39	46	0	1	0
   305	2023-08-07 08:05:27	46	0	1	0
   219	2023-08-07 08:09:02	46	0	1	0
   219	2023-08-07 08:09:03	46	0	1	0
   629	2023-08-07 08:09:41	46	0	1	0
   921	2023-08-07 08:10:01	46	0	1	0
   921	2023-08-07 08:10:03	46	0	1	0
   401	2023-08-07 08:11:47	46	0	1	0
   401	2023-08-07 08:11:49	46	0	1	0
   427	2023-08-07 09:29:27	46	0	1	0
   427	2023-08-07 09:29:29	46	0	1	0
  2680	2023-08-07 12:00:04	46	1	1	0
  2680	2023-08-07 12:00:06	46	1	1	0
  1014	2023-08-07 12:00:15	46	1	1	0
  2390	2023-08-07 12:00:24	46	1	1	0
  2787	2023-08-07 12:00:30	46	1	1	0
  1888	2023-08-07 12:01:05	46	1	1	0
  2787	2023-08-07 12:02:09	46	0	1	0
   185	2023-08-07 12:02:32	46	1	1	0
   185	2023-08-07 12:02:34	46	1	1	0
   940	2023-08-07 12:02:36	46	1	1	0
   940	2023-08-07 12:02:37	46	1	1	0
  2390	2023-08-07 12:02:45	46	0	1	0
  1888	2023-08-07 12:03:03	46	0	1	0
   307	2023-08-07 12:03:09	46	1	1	0
   304	2023-08-07 12:03:23	46	1	1	0
   201	2023-08-07 12:04:07	46	1	1	0
   619	2023-08-07 12:04:52	46	1	1	0
   619	2023-08-07 12:04:54	46	1	1	0
   219	2023-08-07 12:05:05	46	1	1	0
   253	2023-08-07 12:05:10	46	1	1	0
  2680	2023-08-07 12:05:17	46	0	1	0
  2680	2023-08-07 12:05:19	46	0	1	0
   619	2023-08-07 12:05:30	46	0	1	0
   201	2023-08-07 12:05:37	46	0	1	0
   201	2023-08-07 12:05:42	46	0	1	0
   483	2023-08-07 12:06:27	46	1	1	0
   630	2023-08-07 12:07:21	46	1	1	0
   630	2023-08-07 12:07:23	46	1	1	0
   307	2023-08-07 12:08:16	46	0	1	0
   536	2023-08-07 12:08:45	46	1	1	0
  2881	2023-08-07 12:08:48	46	1	1	0
  2588	2023-08-07 12:09:12	46	1	1	0
  2588	2023-08-07 12:09:14	46	1	1	0
   304	2023-08-07 12:09:22	46	1	1	0
  1014	2023-08-07 12:10:34	46	0	1	0
   452	2023-08-07 12:10:46	46	1	1	0
   921	2023-08-07 12:10:52	46	1	1	0
  2886	2023-08-07 12:11:00	46	1	1	0
  2886	2023-08-07 12:11:01	46	1	1	0
  2887	2023-08-07 12:11:07	46	1	1	0
   253	2023-08-07 12:11:19	46	0	1	0
   630	2023-08-07 12:11:28	46	0	1	0
   630	2023-08-07 12:11:30	46	0	1	0
   721	2023-08-07 12:12:04	46	1	1	0
   208	2023-08-07 12:12:20	46	1	1	0
  2033	2023-08-07 12:12:39	46	1	1	0
  2033	2023-08-07 12:12:41	46	1	1	0
   219	2023-08-07 12:13:11	46	0	1	0
   304	2023-08-07 12:13:34	46	0	1	0
  2588	2023-08-07 12:13:44	46	0	1	0
  2588	2023-08-07 12:13:46	46	0	1	0
   483	2023-08-07 12:13:53	46	0	1	0
   452	2023-08-07 12:14:00	46	0	1	0
   401	2023-08-07 12:14:21	46	1	1	0
   427	2023-08-07 12:14:31	46	1	1	0
   427	2023-08-07 12:14:32	46	1	1	0
  2550	2023-08-07 12:15:26	46	1	1	0
  2550	2023-08-07 12:15:28	46	1	1	0
  1796	2023-08-07 12:15:43	46	1	1	0
   185	2023-08-07 12:15:50	46	0	1	0
   185	2023-08-07 12:15:51	46	0	1	0
  2886	2023-08-07 12:15:57	46	0	1	0
  2886	2023-08-07 12:15:59	46	0	1	0
   921	2023-08-07 12:16:13	46	0	1	0
  2881	2023-08-07 12:17:07	46	0	1	0
   721	2023-08-07 12:17:32	46	0	1	0
   721	2023-08-07 12:17:34	46	0	1	0
  2033	2023-08-07 12:17:47	46	0	1	0
  2033	2023-08-07 12:17:48	46	0	1	0
   401	2023-08-07 12:18:22	46	0	1	0
   427	2023-08-07 12:18:59	46	0	1	0
   427	2023-08-07 12:19:00	46	0	1	0
  1069	2023-08-07 12:20:14	46	1	1	0
   208	2023-08-07 12:23:08	46	0	1	0
  2887	2023-08-07 12:26:01	46	0	1	0
  1069	2023-08-07 12:26:37	46	0	1	0
   366	2023-08-07 12:31:01	46	1	1	0
   305	2023-08-07 12:31:58	46	1	1	0
   305	2023-08-07 12:31:59	46	1	1	0
   139	2023-08-07 12:32:02	46	1	1	0
   139	2023-08-07 12:32:04	46	1	1	0
   415	2023-08-07 12:32:09	46	1	1	0
   415	2023-08-07 12:32:10	46	1	1	0
   366	2023-08-07 12:36:21	46	0	1	0
   139	2023-08-07 12:38:36	46	0	1	0
   139	2023-08-07 12:38:37	46	0	1	0
   139	2023-08-07 12:38:41	46	0	1	0
   139	2023-08-07 12:38:44	46	0	1	0
   415	2023-08-07 12:38:48	46	0	1	0
   415	2023-08-07 12:38:49	46	0	1	0
   305	2023-08-07 12:38:55	46	0	1	0
   305	2023-08-07 12:38:56	46	0	1	0
  2550	2023-08-07 12:39:36	46	0	1	0
  2550	2023-08-07 12:39:38	46	0	1	0
  2357	2023-08-07 12:42:11	46	1	1	0
  2357	2023-08-07 12:42:13	46	1	1	0
   943	2023-08-07 12:47:26	46	1	1	0
  2357	2023-08-07 12:47:33	46	0	1	0
  2357	2023-08-07 12:47:35	46	0	1	0
   943	2023-08-07 12:48:03	46	0	1	0
   937	2023-08-07 12:48:57	46	1	1	0
   200	2023-08-07 12:49:00	46	1	1	0
   216	2023-08-07 12:49:27	46	1	1	0
   216	2023-08-07 12:49:28	46	1	1	0
   937	2023-08-07 12:51:09	46	0	1	0
   200	2023-08-07 12:51:16	46	0	1	0
   208	2023-08-07 12:52:11	46	0	1	0
   216	2023-08-07 12:52:45	46	0	1	0
   216	2023-08-07 12:52:47	46	0	1	0
   536	2023-08-07 12:58:55	46	0	1	0
   415	2023-08-07 15:35:49	46	1	1	0
   415	2023-08-07 15:35:50	46	1	1	0
   483	2023-08-07 17:00:05	46	1	1	0
   208	2023-08-07 17:00:15	46	1	1	0
   201	2023-08-07 17:00:24	46	1	1	0
   200	2023-08-07 17:00:31	46	1	1	0
   937	2023-08-07 17:00:36	46	1	1	0
   304	2023-08-07 17:00:42	46	1	1	0
   304	2023-08-07 17:00:44	46	1	1	0
   307	2023-08-07 17:00:48	46	1	1	0
  2787	2023-08-07 17:00:52	46	1	1	0
  2787	2023-08-07 17:00:54	46	1	1	0
   452	2023-08-07 17:01:00	46	1	1	0
   452	2023-08-07 17:01:01	46	1	1	0
   201	2023-08-07 17:01:08	46	1	1	0
   721	2023-08-07 17:01:11	46	1	1	0
   721	2023-08-07 17:01:12	46	1	1	0
  2680	2023-08-07 17:01:18	46	1	1	0
  2680	2023-08-07 17:01:20	46	1	1	0
   630	2023-08-07 17:01:24	46	1	1	0
   630	2023-08-07 17:01:26	46	1	1	0
  1014	2023-08-07 17:01:33	46	1	1	0
  2390	2023-08-07 17:02:13	46	1	1	0
   216	2023-08-07 17:02:19	46	1	1	0
   216	2023-08-07 17:02:20	46	1	1	0
   253	2023-08-07 17:02:26	46	1	1	0
   253	2023-08-07 17:02:27	46	1	1	0
   139	2023-08-07 17:02:37	46	1	1	0
   139	2023-08-07 17:02:39	46	1	1	0
   305	2023-08-07 17:02:44	46	1	1	0
   305	2023-08-07 17:02:46	46	1	1	0
   401	2023-08-07 17:03:41	46	1	1	0
   401	2023-08-07 17:03:43	46	1	1	0
   427	2023-08-07 17:03:45	46	1	1	0
   427	2023-08-07 17:03:47	46	1	1	0
  2357	2023-08-07 17:05:12	46	1	1	0
  2357	2023-08-07 17:05:13	46	1	1	0
   185	2023-08-07 17:05:19	46	1	1	0
   185	2023-08-07 17:05:21	46	1	1	0
   185	2023-08-07 17:06:41	46	1	1	0
   185	2023-08-07 17:06:43	46	1	1	0
  2886	2023-08-07 17:06:53	46	1	1	0
  2886	2023-08-07 17:06:57	46	1	1	0
  2033	2023-08-07 17:07:07	46	1	1	0
  2033	2023-08-07 17:07:08	46	1	1	0
   943	2023-08-07 17:08:37	46	1	1	0
   943	2023-08-07 17:08:39	46	1	1	0
   185	2023-08-08 06:37:44	46	0	1	0
   185	2023-08-08 06:37:46	46	0	1	0
   943	2023-08-08 06:43:49	46	0	1	0
   483	2023-08-08 06:59:06	46	0	1	0
   483	2023-08-08 06:59:12	46	0	1	0
   208	2023-08-08 07:01:21	46	0	1	0
  2680	2023-08-08 07:06:50	46	0	1	0
  2680	2023-08-08 07:06:52	46	0	1	0
  2887	2023-08-08 07:15:29	46	0	1	0
  2357	2023-08-08 07:19:04	46	0	1	0
  2357	2023-08-08 07:19:06	46	0	1	0
  1069	2023-08-08 07:22:46	46	0	1	0
  1069	2023-08-08 07:22:48	46	0	1	0
  1069	2023-08-08 07:22:49	46	0	1	0
   530	2023-08-08 07:30:57	46	0	1	0
   630	2023-08-08 07:31:16	46	0	1	0
   630	2023-08-08 07:31:18	46	0	1	0
   201	2023-08-08 07:31:42	46	0	1	0
  2787	2023-08-08 07:38:17	46	0	1	0
  2787	2023-08-08 07:38:19	46	0	1	0
  1888	2023-08-08 07:38:51	46	0	1	0
  1069	2023-08-08 07:39:18	46	0	1	0
  1069	2023-08-08 07:39:19	46	0	1	0
   253	2023-08-08 07:40:48	46	0	1	0
   253	2023-08-08 07:40:49	46	0	1	0
   304	2023-08-08 07:42:10	46	0	1	0
   304	2023-08-08 07:42:12	46	0	1	0
   200	2023-08-08 07:42:40	46	0	1	0
   402	2023-08-08 07:43:02	46	0	1	0
   402	2023-08-08 07:43:04	46	0	1	0
  2886	2023-08-08 07:44:52	46	0	1	0
  2886	2023-08-08 07:44:54	46	0	1	0
   139	2023-08-08 07:48:29	46	0	1	0
   139	2023-08-08 07:48:30	46	0	1	0
  2588	2023-08-08 07:48:49	46	0	1	0
  2588	2023-08-08 07:48:50	46	0	1	0
   415	2023-08-08 07:49:00	46	0	1	0
   415	2023-08-08 07:49:02	46	0	1	0
  2881	2023-08-08 07:49:46	46	0	1	0
  2881	2023-08-08 07:49:48	46	0	1	0
   401	2023-08-08 07:50:00	46	0	1	0
   401	2023-08-08 07:50:02	46	0	1	0
   427	2023-08-08 07:51:17	46	0	1	0
   427	2023-08-08 07:51:18	46	0	1	0
   452	2023-08-08 07:53:33	46	0	1	0
   452	2023-08-08 07:53:35	46	0	1	0
  1014	2023-08-08 07:53:49	46	0	1	0
   536	2023-08-08 07:54:49	46	0	1	0
  2550	2023-08-08 07:54:55	46	0	1	0
  2550	2023-08-08 07:54:57	46	0	1	0
   619	2023-08-08 07:55:23	46	0	1	0
   921	2023-08-08 07:56:48	46	0	1	0
   921	2023-08-08 07:56:50	46	0	1	0
   307	2023-08-08 07:57:03	46	0	1	0
   216	2023-08-08 07:58:03	46	0	1	0
   216	2023-08-08 07:58:04	46	0	1	0
   305	2023-08-08 08:01:17	46	0	1	0
   937	2023-08-08 08:04:24	46	0	1	0
  2033	2023-08-08 08:19:33	46	0	1	0
  2033	2023-08-08 08:19:35	46	0	1	0
  2787	2023-08-08 12:00:08	46	1	1	0
   200	2023-08-08 12:00:36	46	1	1	0
  2886	2023-08-08 12:00:57	46	1	1	0
  2886	2023-08-08 12:00:59	46	1	1	0
   483	2023-08-08 12:01:06	46	1	1	0
   307	2023-08-08 12:01:12	46	1	1	0
   200	2023-08-08 12:01:25	46	0	1	0
   937	2023-08-08 12:01:38	46	1	1	0
   219	2023-08-08 12:01:48	46	1	1	0
   630	2023-08-08 12:01:54	46	1	1	0
   630	2023-08-08 12:01:55	46	1	1	0
   619	2023-08-08 12:01:57	46	1	1	0
  1888	2023-08-08 12:02:22	46	1	1	0
   402	2023-08-08 12:02:32	46	1	1	0
   940	2023-08-08 12:02:38	46	1	1	0
   940	2023-08-08 12:02:40	46	1	1	0
   619	2023-08-08 12:03:08	46	0	1	0
   304	2023-08-08 12:03:36	46	1	1	0
   201	2023-08-08 12:03:51	46	1	1	0
  2886	2023-08-08 12:04:09	46	0	1	0
  2886	2023-08-08 12:04:11	46	0	1	0
  2588	2023-08-08 12:04:21	46	1	1	0
  2588	2023-08-08 12:04:23	46	1	1	0
  2887	2023-08-08 12:04:29	46	1	1	0
  2887	2023-08-08 12:04:31	46	1	1	0
   452	2023-08-08 12:04:38	46	1	1	0
   219	2023-08-08 12:04:46	46	0	1	0
   185	2023-08-08 12:05:16	46	1	1	0
   185	2023-08-08 12:05:17	46	1	1	0
   208	2023-08-08 12:05:24	46	1	1	0
   201	2023-08-08 12:05:37	46	0	1	0
   201	2023-08-08 12:05:44	46	0	1	0
   630	2023-08-08 12:06:35	46	0	1	0
   630	2023-08-08 12:06:37	46	0	1	0
   530	2023-08-08 12:07:02	46	1	1	0
  2881	2023-08-08 12:07:20	46	1	1	0
   402	2023-08-08 12:07:31	46	0	1	0
   402	2023-08-08 12:07:32	46	0	1	0
  1888	2023-08-08 12:07:38	46	0	1	0
   185	2023-08-08 12:07:42	46	0	1	0
   185	2023-08-08 12:07:44	46	0	1	0
   721	2023-08-08 12:07:51	46	1	1	0
  2787	2023-08-08 12:07:58	46	0	1	0
   208	2023-08-08 12:08:08	46	0	1	0
   536	2023-08-08 12:09:14	46	1	1	0
   139	2023-08-08 12:09:35	46	1	1	0
   139	2023-08-08 12:09:37	46	1	1	0
   452	2023-08-08 12:09:54	46	0	1	0
   304	2023-08-08 12:10:05	46	0	1	0
   937	2023-08-08 12:10:12	46	0	1	0
   307	2023-08-08 12:10:46	46	0	1	0
   721	2023-08-08 12:11:17	46	0	1	0
  2357	2023-08-08 12:11:25	46	1	1	0
  2680	2023-08-08 12:12:39	46	1	1	0
  2680	2023-08-08 12:12:41	46	1	1	0
   943	2023-08-08 12:12:54	46	1	1	0
   366	2023-08-08 12:13:39	46	1	1	0
   139	2023-08-08 12:13:51	46	0	1	0
   139	2023-08-08 12:13:53	46	0	1	0
   530	2023-08-08 12:15:47	46	0	1	0
   536	2023-08-08 12:16:00	46	0	1	0
  2680	2023-08-08 12:16:28	46	0	1	0
  2680	2023-08-08 12:16:30	46	0	1	0
  2887	2023-08-08 12:16:36	46	0	1	0
   921	2023-08-08 12:16:44	46	1	1	0
   366	2023-08-08 12:16:51	46	0	1	0
  2550	2023-08-08 12:17:28	46	1	1	0
  2550	2023-08-08 12:17:30	46	1	1	0
  2357	2023-08-08 12:17:39	46	0	1	0
  2357	2023-08-08 12:17:40	46	0	1	0
  2588	2023-08-08 12:18:14	46	0	1	0
  2588	2023-08-08 12:18:16	46	0	1	0
  2881	2023-08-08 12:18:48	46	0	1	0
  1014	2023-08-08 12:18:54	46	1	1	0
   253	2023-08-08 12:19:41	46	1	1	0
   253	2023-08-08 12:19:43	46	1	1	0
   216	2023-08-08 12:19:52	46	1	1	0
   216	2023-08-08 12:19:54	46	1	1	0
   921	2023-08-08 12:22:15	46	0	1	0
   216	2023-08-08 12:25:45	46	0	1	0
   216	2023-08-08 12:25:48	46	0	1	0
   253	2023-08-08 12:25:57	46	0	1	0
   253	2023-08-08 12:25:59	46	0	1	0
   483	2023-08-08 12:26:05	46	0	1	0
   943	2023-08-08 12:32:24	46	0	1	0
   427	2023-08-08 12:33:03	46	1	1	0
  2550	2023-08-08 12:33:32	46	0	1	0
  2550	2023-08-08 12:33:35	46	0	1	0
  1069	2023-08-08 12:33:43	46	1	1	0
  1014	2023-08-08 12:33:49	46	0	1	0
  1014	2023-08-08 12:33:51	46	0	1	0
   427	2023-08-08 12:34:49	46	0	1	0
   427	2023-08-08 12:34:51	46	0	1	0
  2033	2023-08-08 12:35:24	46	1	1	0
  2033	2023-08-08 12:35:26	46	1	1	0
   304	2023-08-08 12:37:17	46	0	1	0
  1069	2023-08-08 12:40:16	46	0	1	0
   401	2023-08-08 12:40:55	46	1	1	0
   401	2023-08-08 12:42:24	46	0	1	0
  2033	2023-08-08 12:46:36	46	0	1	0
  2033	2023-08-08 12:46:37	46	0	1	0
   305	2023-08-08 12:47:52	46	1	1	0
   415	2023-08-08 12:47:58	46	1	1	0
   415	2023-08-08 12:48:00	46	1	1	0
   415	2023-08-08 12:50:20	46	0	1	0
   415	2023-08-08 12:50:21	46	0	1	0
   305	2023-08-08 12:50:24	46	0	1	0
   305	2023-08-08 12:50:26	46	0	1	0
   200	2023-08-08 17:00:07	46	1	1	0
  2886	2023-08-08 17:00:18	46	1	1	0
   402	2023-08-08 17:00:26	46	1	1	0
   402	2023-08-08 17:00:27	46	1	1	0
  1888	2023-08-08 17:00:33	46	1	1	0
  1014	2023-08-08 17:00:36	46	1	1	0
  1014	2023-08-08 17:00:37	46	1	1	0
   530	2023-08-08 17:00:41	46	1	1	0
   201	2023-08-08 17:00:47	46	1	1	0
   721	2023-08-08 17:00:52	46	1	1	0
   721	2023-08-08 17:00:53	46	1	1	0
   452	2023-08-08 17:00:59	46	1	1	0
   452	2023-08-08 17:01:01	46	1	1	0
  2787	2023-08-08 17:01:14	46	1	1	0
   937	2023-08-08 17:01:20	46	1	1	0
   304	2023-08-08 17:01:26	46	1	1	0
   304	2023-08-08 17:01:27	46	1	1	0
   307	2023-08-08 17:01:30	46	1	1	0
   415	2023-08-08 17:01:35	46	1	1	0
   415	2023-08-08 17:01:36	46	1	1	0
   630	2023-08-08 17:01:39	46	1	1	0
   630	2023-08-08 17:01:40	46	1	1	0
  2588	2023-08-08 17:01:44	46	1	1	0
  2588	2023-08-08 17:01:46	46	1	1	0
  2881	2023-08-08 17:01:50	46	1	1	0
  2881	2023-08-08 17:01:52	46	1	1	0
   208	2023-08-08 17:01:55	46	1	1	0
   921	2023-08-08 17:02:00	46	1	1	0
   921	2023-08-08 17:02:01	46	1	1	0
   139	2023-08-08 17:02:06	46	1	1	0
   139	2023-08-08 17:02:07	46	1	1	0
  2680	2023-08-08 17:02:14	46	1	1	0
  2680	2023-08-08 17:02:18	46	1	1	0
   305	2023-08-08 17:02:35	46	1	1	0
   305	2023-08-08 17:02:37	46	1	1	0
   401	2023-08-08 17:02:43	46	1	1	0
   401	2023-08-08 17:02:48	46	1	1	0
   253	2023-08-08 17:03:15	46	1	1	0
   253	2023-08-08 17:03:16	46	1	1	0
   216	2023-08-08 17:03:19	46	1	1	0
   216	2023-08-08 17:03:21	46	1	1	0
   427	2023-08-08 17:03:25	46	1	1	0
   427	2023-08-08 17:03:27	46	1	1	0
   185	2023-08-08 17:03:54	46	1	1	0
   185	2023-08-08 17:03:56	46	1	1	0
   483	2023-08-08 17:04:09	46	1	1	0
   483	2023-08-08 17:04:14	46	1	1	0
  2033	2023-08-08 17:17:24	46	1	1	0
  2033	2023-08-08 17:17:25	46	1	1	0
   943	2023-08-08 17:17:55	46	1	1	0
  1069	2023-08-08 17:18:00	46	1	1	0
  1069	2023-08-08 17:18:02	46	1	1	0
  1069	2023-08-08 17:18:03	46	1	1	0
   943	2023-08-08 17:18:09	46	1	1	0
  2357	2023-08-08 17:18:39	46	1	1	0
  2357	2023-08-08 17:18:41	46	1	1	0
   185	2023-08-09 06:40:56	46	0	1	0
   185	2023-08-09 06:40:57	46	0	1	0
  2680	2023-08-09 07:03:51	46	0	1	0
  2680	2023-08-09 07:03:53	46	0	1	0
   208	2023-08-09 07:05:52	46	0	1	0
   208	2023-08-09 07:05:55	46	0	1	0
  2887	2023-08-09 07:14:42	46	0	1	0
  2885	2023-08-09 07:20:02	46	0	1	0
  2885	2023-08-09 07:20:04	46	0	1	0
  2357	2023-08-09 07:23:11	46	0	1	0
  2357	2023-08-09 07:23:13	46	0	1	0
  1069	2023-08-09 07:24:27	46	0	1	0
  1069	2023-08-09 07:24:29	46	0	1	0
  1069	2023-08-09 07:24:30	46	0	1	0
   483	2023-08-09 07:38:46	46	0	1	0
  2886	2023-08-09 07:40:01	46	0	1	0
  2886	2023-08-09 07:40:02	46	0	1	0
   200	2023-08-09 07:40:05	46	0	1	0
  2787	2023-08-09 07:40:17	46	0	1	0
  2787	2023-08-09 07:40:19	46	0	1	0
  1888	2023-08-09 07:40:48	46	0	1	0
   253	2023-08-09 07:44:26	46	0	1	0
   253	2023-08-09 07:44:28	46	0	1	0
  2390	2023-08-09 07:44:38	46	0	1	0
   402	2023-08-09 07:45:08	46	0	1	0
   402	2023-08-09 07:45:09	46	0	1	0
   401	2023-08-09 07:46:14	46	0	1	0
   401	2023-08-09 07:46:16	46	0	1	0
   452	2023-08-09 07:47:16	46	0	1	0
   452	2023-08-09 07:47:18	46	0	1	0
  1014	2023-08-09 07:50:54	46	0	1	0
  1014	2023-08-09 07:50:57	46	0	1	0
   721	2023-08-09 07:53:06	46	0	1	0
   721	2023-08-09 07:53:08	46	0	1	0
   201	2023-08-09 07:53:13	46	0	1	0
   201	2023-08-09 07:53:15	46	0	1	0
  2550	2023-08-09 07:53:20	46	0	1	0
  2550	2023-08-09 07:53:22	46	0	1	0
   427	2023-08-09 07:53:31	46	0	1	0
   427	2023-08-09 07:53:33	46	0	1	0
   937	2023-08-09 07:53:43	46	0	1	0
   619	2023-08-09 07:54:48	46	0	1	0
   619	2023-08-09 07:54:50	46	0	1	0
   530	2023-08-09 07:55:00	46	0	1	0
  2881	2023-08-09 07:55:52	46	0	1	0
  2881	2023-08-09 07:55:54	46	0	1	0
  2588	2023-08-09 07:55:57	46	0	1	0
  2588	2023-08-09 07:55:58	46	0	1	0
   630	2023-08-09 07:56:41	46	0	1	0
   630	2023-08-09 07:56:42	46	0	1	0
   307	2023-08-09 07:57:36	46	0	1	0
   139	2023-08-09 07:58:54	46	0	1	0
   139	2023-08-09 07:58:56	46	0	1	0
   536	2023-08-09 08:00:11	46	0	1	0
   305	2023-08-09 08:01:08	46	0	1	0
   216	2023-08-09 08:01:25	46	0	1	0
   216	2023-08-09 08:01:27	46	0	1	0
   219	2023-08-09 08:05:22	46	0	1	0
   304	2023-08-09 08:05:25	46	0	1	0
   304	2023-08-09 08:05:30	46	0	1	0
   940	2023-08-09 08:06:08	46	0	1	0
   921	2023-08-09 08:07:13	46	0	1	0
   921	2023-08-09 08:07:15	46	0	1	0
   629	2023-08-09 08:10:49	46	0	1	0
   629	2023-08-09 08:10:51	46	0	1	0
   940	2023-08-09 12:00:28	46	1	1	0
   940	2023-08-09 12:00:30	46	1	1	0
  2787	2023-08-09 12:00:39	46	1	1	0
   721	2023-08-09 12:00:50	46	1	1	0
   307	2023-08-09 12:01:09	46	1	1	0
  2886	2023-08-09 12:01:20	46	1	1	0
  2886	2023-08-09 12:01:24	46	1	1	0
   937	2023-08-09 12:01:32	46	1	1	0
  2390	2023-08-09 12:01:38	46	1	1	0
   253	2023-08-09 12:01:55	46	1	1	0
  2787	2023-08-09 12:03:10	46	0	1	0
   721	2023-08-09 12:03:13	46	0	1	0
  1888	2023-08-09 12:03:22	46	1	1	0
   201	2023-08-09 12:04:12	46	1	1	0
  1888	2023-08-09 12:04:51	46	0	1	0
   307	2023-08-09 12:05:00	46	0	1	0
  2390	2023-08-09 12:05:15	46	0	1	0
   304	2023-08-09 12:05:51	46	1	1	0
   253	2023-08-09 12:05:59	46	0	1	0
   253	2023-08-09 12:06:01	46	0	1	0
   937	2023-08-09 12:06:07	46	0	1	0
  1014	2023-08-09 12:06:14	46	1	1	0
   201	2023-08-09 12:07:13	46	0	1	0
   201	2023-08-09 12:07:20	46	0	1	0
   530	2023-08-09 12:07:50	46	1	1	0
  2887	2023-08-09 12:07:59	46	1	1	0
  1014	2023-08-09 12:10:00	46	0	1	0
  1014	2023-08-09 12:10:02	46	0	1	0
  2680	2023-08-09 12:11:43	46	1	1	0
  2680	2023-08-09 12:11:45	46	1	1	0
   219	2023-08-09 12:11:54	46	1	1	0
   452	2023-08-09 12:12:11	46	1	1	0
  2881	2023-08-09 12:12:16	46	1	1	0
   921	2023-08-09 12:12:20	46	1	1	0
  2588	2023-08-09 12:12:22	46	1	1	0
  2588	2023-08-09 12:12:24	46	1	1	0
  2886	2023-08-09 12:12:31	46	0	1	0
  2886	2023-08-09 12:12:32	46	0	1	0
   366	2023-08-09 12:12:40	46	1	1	0
   208	2023-08-09 12:12:50	46	1	1	0
   402	2023-08-09 12:13:20	46	1	1	0
   185	2023-08-09 12:13:22	46	1	1	0
   185	2023-08-09 12:13:25	46	1	1	0
   530	2023-08-09 12:13:32	46	0	1	0
   536	2023-08-09 12:14:09	46	0	1	0
   536	2023-08-09 12:14:24	46	1	1	0
  2550	2023-08-09 12:14:29	46	1	1	0
  2550	2023-08-09 12:14:31	46	1	1	0
  2887	2023-08-09 12:14:48	46	0	1	0
   483	2023-08-09 12:15:02	46	1	1	0
  1069	2023-08-09 12:15:07	46	1	1	0
   185	2023-08-09 12:15:40	46	0	1	0
   185	2023-08-09 12:15:43	46	0	1	0
   304	2023-08-09 12:15:51	46	0	1	0
   219	2023-08-09 12:15:57	46	0	1	0
   366	2023-08-09 12:16:03	46	0	1	0
   402	2023-08-09 12:17:03	46	0	1	0
   402	2023-08-09 12:17:05	46	0	1	0
   630	2023-08-09 12:17:43	46	1	1	0
   630	2023-08-09 12:17:45	46	1	1	0
   629	2023-08-09 12:18:13	46	1	1	0
   629	2023-08-09 12:20:46	46	0	1	0
   483	2023-08-09 12:21:12	46	0	1	0
  2881	2023-08-09 12:21:16	46	0	1	0
   630	2023-08-09 12:21:22	46	0	1	0
   630	2023-08-09 12:21:24	46	0	1	0
  2588	2023-08-09 12:21:41	46	0	1	0
  2588	2023-08-09 12:21:43	46	0	1	0
   139	2023-08-09 12:21:55	46	1	1	0
   139	2023-08-09 12:21:56	46	1	1	0
   216	2023-08-09 12:22:05	46	1	1	0
   216	2023-08-09 12:22:07	46	1	1	0
   921	2023-08-09 12:23:07	46	0	1	0
   139	2023-08-09 12:25:27	46	1	1	0
   139	2023-08-09 12:25:29	46	1	1	0
   427	2023-08-09 12:25:35	46	1	1	0
   427	2023-08-09 12:25:38	46	1	1	0
   216	2023-08-09 12:25:46	46	0	1	0
   216	2023-08-09 12:25:48	46	0	1	0
   208	2023-08-09 12:25:55	46	0	1	0
   619	2023-08-09 12:28:33	46	1	1	0
  2680	2023-08-09 12:28:41	46	0	1	0
  2680	2023-08-09 12:28:42	46	0	1	0
   619	2023-08-09 12:29:39	46	0	1	0
   619	2023-08-09 12:29:40	46	0	1	0
   304	2023-08-09 12:31:42	46	0	1	0
   139	2023-08-09 12:32:24	46	0	1	0
   139	2023-08-09 12:32:26	46	0	1	0
  1069	2023-08-09 12:33:21	46	0	1	0
  2550	2023-08-09 12:33:36	46	0	1	0
  2550	2023-08-09 12:33:38	46	0	1	0
   200	2023-08-09 12:34:06	46	1	1	0
   427	2023-08-09 12:35:50	46	0	1	0
   427	2023-08-09 12:35:51	46	0	1	0
   452	2023-08-09 12:37:16	46	0	1	0
   200	2023-08-09 12:39:20	46	0	1	0
   305	2023-08-09 12:42:24	46	1	1	0
   200	2023-08-09 12:44:09	46	0	1	0
   401	2023-08-09 12:44:28	46	1	1	0
   427	2023-08-09 12:44:45	46	0	1	0
   427	2023-08-09 12:44:47	46	0	1	0
   401	2023-08-09 12:45:08	46	0	1	0
   305	2023-08-09 12:45:32	46	0	1	0
  2357	2023-08-09 12:50:03	46	1	1	0
  2357	2023-08-09 12:50:05	46	1	1	0
  2357	2023-08-09 12:52:45	46	0	1	0
  2357	2023-08-09 12:52:47	46	0	1	0
   943	2023-08-09 13:00:03	46	0	1	0
   619	2023-08-09 17:00:04	46	1	1	0
   619	2023-08-09 17:00:05	46	1	1	0
  1014	2023-08-09 17:00:07	46	1	1	0
  1014	2023-08-09 17:00:08	46	1	1	0
  1014	2023-08-09 17:00:11	46	1	1	0
  2787	2023-08-09 17:00:18	46	1	1	0
  2787	2023-08-09 17:00:20	46	1	1	0
   201	2023-08-09 17:00:26	46	1	1	0
   721	2023-08-09 17:00:29	46	1	1	0
   721	2023-08-09 17:00:31	46	1	1	0
   452	2023-08-09 17:00:37	46	1	1	0
   452	2023-08-09 17:00:38	46	1	1	0
   483	2023-08-09 17:00:44	46	1	1	0
   483	2023-08-09 17:00:49	46	1	1	0
  2680	2023-08-09 17:00:54	46	1	1	0
  2680	2023-08-09 17:01:01	46	1	1	0
  2886	2023-08-09 17:01:04	46	1	1	0
  2886	2023-08-09 17:01:06	46	1	1	0
   402	2023-08-09 17:01:08	46	1	1	0
   402	2023-08-09 17:01:10	46	1	1	0
   304	2023-08-09 17:01:14	46	1	1	0
   304	2023-08-09 17:01:16	46	1	1	0
   307	2023-08-09 17:01:20	46	1	1	0
   937	2023-08-09 17:01:25	46	1	1	0
   530	2023-08-09 17:01:30	46	1	1	0
   921	2023-08-09 17:01:33	46	1	1	0
   921	2023-08-09 17:01:35	46	1	1	0
  2588	2023-08-09 17:01:37	46	1	1	0
  2588	2023-08-09 17:01:39	46	1	1	0
   208	2023-08-09 17:01:45	46	1	1	0
  2881	2023-08-09 17:01:48	46	1	1	0
  2881	2023-08-09 17:01:50	46	1	1	0
   630	2023-08-09 17:02:03	46	1	1	0
   630	2023-08-09 17:02:04	46	1	1	0
   216	2023-08-09 17:02:13	46	1	1	0
   216	2023-08-09 17:02:15	46	1	1	0
   427	2023-08-09 17:02:20	46	1	1	0
   427	2023-08-09 17:02:21	46	1	1	0
  2390	2023-08-09 17:02:27	46	1	1	0
   253	2023-08-09 17:02:32	46	1	1	0
   253	2023-08-09 17:02:33	46	1	1	0
   401	2023-08-09 17:02:39	46	1	1	0
   401	2023-08-09 17:02:41	46	1	1	0
   139	2023-08-09 17:02:45	46	1	1	0
   139	2023-08-09 17:02:47	46	1	1	0
   305	2023-08-09 17:02:52	46	1	1	0
   185	2023-08-09 17:03:08	46	1	1	0
   185	2023-08-09 17:03:10	46	1	1	0
  1069	2023-08-09 17:35:24	46	1	1	0
  1069	2023-08-09 17:35:25	46	1	1	0
  1069	2023-08-09 17:35:27	46	1	1	0
   943	2023-08-09 17:35:35	46	1	1	0
   943	2023-08-09 17:36:12	46	1	1	0
  2357	2023-08-09 17:36:16	46	1	1	0
  2357	2023-08-09 17:36:18	46	1	1	0
   943	2023-08-10 06:35:40	46	0	1	0
   943	2023-08-10 06:35:42	46	0	1	0
   185	2023-08-10 06:38:43	46	0	1	0
   185	2023-08-10 06:38:45	46	0	1	0
   185	2023-08-10 06:40:07	46	0	1	0
   185	2023-08-10 06:40:09	46	0	1	0
   208	2023-08-10 07:08:07	46	0	1	0
   208	2023-08-10 07:08:09	46	0	1	0
  2680	2023-08-10 07:09:41	46	0	1	0
  2680	2023-08-10 07:09:43	46	0	1	0
  2887	2023-08-10 07:10:48	46	0	1	0
   200	2023-08-10 07:19:36	46	0	1	0
  1069	2023-08-10 07:24:55	46	0	1	0
  1069	2023-08-10 07:24:57	46	0	1	0
  1069	2023-08-10 07:24:59	46	0	1	0
  2357	2023-08-10 07:25:38	46	0	1	0
  2357	2023-08-10 07:25:39	46	0	1	0
  1014	2023-08-10 07:31:09	46	0	1	0
  1888	2023-08-10 07:34:12	46	0	1	0
   629	2023-08-10 07:37:38	46	0	1	0
  2787	2023-08-10 07:38:13	46	0	1	0
  2787	2023-08-10 07:38:16	46	0	1	0
   721	2023-08-10 07:40:13	46	0	1	0
   721	2023-08-10 07:40:15	46	0	1	0
   201	2023-08-10 07:40:20	46	0	1	0
   201	2023-08-10 07:40:22	46	0	1	0
   483	2023-08-10 07:42:40	46	0	1	0
  2886	2023-08-10 07:42:45	46	0	1	0
  2886	2023-08-10 07:42:46	46	0	1	0
   402	2023-08-10 07:43:41	46	0	1	0
   402	2023-08-10 07:43:42	46	0	1	0
  2390	2023-08-10 07:45:07	46	0	1	0
   452	2023-08-10 07:46:21	46	0	1	0
   452	2023-08-10 07:46:23	46	0	1	0
   253	2023-08-10 07:48:18	46	0	1	0
   253	2023-08-10 07:48:19	46	0	1	0
   921	2023-08-10 07:50:30	46	0	1	0
   921	2023-08-10 07:50:32	46	0	1	0
  2550	2023-08-10 07:52:59	46	0	1	0
  2550	2023-08-10 07:53:01	46	0	1	0
   307	2023-08-10 07:54:03	46	0	1	0
   630	2023-08-10 07:54:22	46	0	1	0
   630	2023-08-10 07:54:24	46	0	1	0
   139	2023-08-10 07:54:30	46	0	1	0
   139	2023-08-10 07:54:32	46	0	1	0
   427	2023-08-10 07:55:09	46	0	1	0
   427	2023-08-10 07:55:11	46	0	1	0
   536	2023-08-10 07:57:08	46	0	1	0
   216	2023-08-10 07:58:02	46	0	1	0
   216	2023-08-10 07:58:03	46	0	1	0
   304	2023-08-10 07:58:17	46	0	1	0
   304	2023-08-10 07:58:19	46	0	1	0
  2588	2023-08-10 07:58:22	46	0	1	0
  2588	2023-08-10 07:58:24	46	0	1	0
   530	2023-08-10 07:58:49	46	0	1	0
   619	2023-08-10 07:59:46	46	0	1	0
   619	2023-08-10 07:59:48	46	0	1	0
  2033	2023-08-10 08:00:11	46	0	1	0
   937	2023-08-10 08:01:24	46	0	1	0
  2881	2023-08-10 08:02:26	46	0	1	0
  2881	2023-08-10 08:02:28	46	0	1	0
   219	2023-08-10 08:03:54	46	0	1	0
   401	2023-08-10 08:04:29	46	0	1	0
   401	2023-08-10 08:04:32	46	0	1	0
   940	2023-08-10 08:15:35	46	0	1	0
   940	2023-08-10 12:00:50	46	1	1	0
   940	2023-08-10 12:00:52	46	1	1	0
   201	2023-08-10 12:01:07	46	1	1	0
  2680	2023-08-10 12:01:16	46	1	1	0
  2680	2023-08-10 12:01:18	46	1	1	0
   307	2023-08-10 12:01:23	46	1	1	0
   629	2023-08-10 12:02:00	46	1	1	0
  2787	2023-08-10 12:02:56	46	1	1	0
   253	2023-08-10 12:03:05	46	1	1	0
   201	2023-08-10 12:03:12	46	0	1	0
  2680	2023-08-10 12:03:18	46	0	1	0
  2680	2023-08-10 12:03:20	46	0	1	0
   452	2023-08-10 12:03:30	46	1	1	0
  2390	2023-08-10 12:03:38	46	1	1	0
  2881	2023-08-10 12:03:45	46	1	1	0
   619	2023-08-10 12:03:57	46	1	1	0
   721	2023-08-10 12:04:19	46	1	1	0
   307	2023-08-10 12:05:07	46	0	1	0
  2787	2023-08-10 12:05:13	46	0	1	0
   253	2023-08-10 12:05:19	46	0	1	0
  2390	2023-08-10 12:05:33	46	0	1	0
   629	2023-08-10 12:05:40	46	0	1	0
   139	2023-08-10 12:05:59	46	1	1	0
   139	2023-08-10 12:06:00	46	1	1	0
   721	2023-08-10 12:06:18	46	0	1	0
  2887	2023-08-10 12:06:40	46	1	1	0
  1796	2023-08-10 12:07:11	46	1	1	0
  2588	2023-08-10 12:07:19	46	1	1	0
  2588	2023-08-10 12:07:21	46	1	1	0
   304	2023-08-10 12:07:38	46	1	1	0
   921	2023-08-10 12:07:53	46	1	1	0
   630	2023-08-10 12:08:03	46	1	1	0
   630	2023-08-10 12:08:04	46	1	1	0
   530	2023-08-10 12:08:10	46	1	1	0
   452	2023-08-10 12:08:19	46	0	1	0
   366	2023-08-10 12:08:29	46	1	1	0
   630	2023-08-10 12:09:06	46	0	1	0
   630	2023-08-10 12:09:07	46	0	1	0
   366	2023-08-10 12:10:13	46	0	1	0
   402	2023-08-10 12:10:20	46	1	1	0
  2886	2023-08-10 12:12:45	46	1	1	0
  2886	2023-08-10 12:12:46	46	1	1	0
   200	2023-08-10 12:13:08	46	1	1	0
   619	2023-08-10 12:13:18	46	0	1	0
   937	2023-08-10 12:13:35	46	1	1	0
   921	2023-08-10 12:14:00	46	0	1	0
  2881	2023-08-10 12:14:04	46	0	1	0
   139	2023-08-10 12:14:31	46	0	1	0
   139	2023-08-10 12:14:33	46	0	1	0
  2588	2023-08-10 12:14:40	46	0	1	0
  2588	2023-08-10 12:14:41	46	0	1	0
   208	2023-08-10 12:14:53	46	1	1	0
   219	2023-08-10 12:14:59	46	1	1	0
   483	2023-08-10 12:15:17	46	1	1	0
  2550	2023-08-10 12:15:27	46	1	1	0
  2550	2023-08-10 12:15:28	46	1	1	0
   402	2023-08-10 12:15:36	46	0	1	0
   402	2023-08-10 12:15:37	46	0	1	0
  2886	2023-08-10 12:15:43	46	0	1	0
  2886	2023-08-10 12:15:46	46	0	1	0
   200	2023-08-10 12:15:49	46	0	1	0
   937	2023-08-10 12:15:55	46	0	1	0
   219	2023-08-10 12:17:03	46	0	1	0
   216	2023-08-10 12:17:32	46	1	1	0
   216	2023-08-10 12:17:34	46	1	1	0
   530	2023-08-10 12:18:18	46	0	1	0
  2887	2023-08-10 12:18:36	46	0	1	0
  1888	2023-08-10 12:18:45	46	1	1	0
   304	2023-08-10 12:19:28	46	0	1	0
   536	2023-08-10 12:20:12	46	1	1	0
   401	2023-08-10 12:20:32	46	1	1	0
   427	2023-08-10 12:20:37	46	1	1	0
   427	2023-08-10 12:20:39	46	1	1	0
  1888	2023-08-10 12:20:59	46	0	1	0
  1069	2023-08-10 12:21:18	46	1	1	0
   216	2023-08-10 12:21:45	46	0	1	0
   216	2023-08-10 12:21:47	46	0	1	0
   401	2023-08-10 12:21:56	46	0	1	0
   427	2023-08-10 12:22:06	46	0	1	0
   427	2023-08-10 12:22:08	46	0	1	0
   304	2023-08-10 12:23:05	46	0	1	0
   483	2023-08-10 12:24:43	46	0	1	0
  1014	2023-08-10 12:27:21	46	1	1	0
  1014	2023-08-10 12:31:39	46	0	1	0
  1069	2023-08-10 12:32:06	46	0	1	0
   536	2023-08-10 12:32:29	46	0	1	0
  2033	2023-08-10 12:34:05	46	1	1	0
  2033	2023-08-10 12:34:06	46	1	1	0
  2550	2023-08-10 12:44:30	46	0	1	0
  2550	2023-08-10 12:44:31	46	0	1	0
  2033	2023-08-10 12:48:51	46	0	1	0
  2033	2023-08-10 12:48:54	46	0	1	0
  1796	2023-08-10 12:51:00	46	0	1	0
  2357	2023-08-10 12:51:08	46	1	1	0
  2357	2023-08-10 12:54:46	46	0	1	0
  2357	2023-08-10 12:54:48	46	0	1	0
   304	2023-08-10 16:14:02	46	1	1	0
   304	2023-08-10 16:14:04	46	1	1	0
   139	2023-08-10 17:00:16	46	1	1	0
   139	2023-08-10 17:00:18	46	1	1	0
  2680	2023-08-10 17:00:29	46	1	1	0
  2680	2023-08-10 17:00:31	46	1	1	0
  2390	2023-08-10 17:00:37	46	1	1	0
   200	2023-08-10 17:00:40	46	1	1	0
  2787	2023-08-10 17:00:54	46	1	1	0
  2787	2023-08-10 17:00:58	46	1	1	0
   721	2023-08-10 17:01:02	46	1	1	0
   721	2023-08-10 17:01:03	46	1	1	0
   201	2023-08-10 17:01:08	46	1	1	0
   402	2023-08-10 17:01:14	46	1	1	0
   402	2023-08-10 17:01:15	46	1	1	0
   530	2023-08-10 17:01:22	46	1	1	0
   307	2023-08-10 17:01:26	46	1	1	0
   937	2023-08-10 17:01:32	46	1	1	0
   630	2023-08-10 17:01:38	46	1	1	0
   630	2023-08-10 17:01:40	46	1	1	0
   401	2023-08-10 17:01:46	46	1	1	0
   401	2023-08-10 17:01:48	46	1	1	0
   427	2023-08-10 17:01:53	46	1	1	0
   427	2023-08-10 17:01:54	46	1	1	0
  2881	2023-08-10 17:01:58	46	1	1	0
  2881	2023-08-10 17:02:02	46	1	1	0
   253	2023-08-10 17:02:05	46	1	1	0
   253	2023-08-10 17:02:07	46	1	1	0
  1014	2023-08-10 17:02:11	46	1	1	0
   216	2023-08-10 17:02:16	46	1	1	0
   216	2023-08-10 17:02:18	46	1	1	0
   452	2023-08-10 17:02:25	46	1	1	0
   452	2023-08-10 17:02:27	46	1	1	0
   921	2023-08-10 17:02:39	46	1	1	0
   921	2023-08-10 17:02:44	46	1	1	0
  2588	2023-08-10 17:02:53	46	1	1	0
  2588	2023-08-10 17:02:55	46	1	1	0
   483	2023-08-10 17:03:46	46	1	1	0
   483	2023-08-10 17:03:51	46	1	1	0
   943	2023-08-10 17:03:59	46	1	1	0
   185	2023-08-10 17:04:20	46	1	1	0
   185	2023-08-10 17:04:22	46	1	1	0
  2886	2023-08-10 17:12:17	46	1	1	0
  2886	2023-08-10 17:12:19	46	1	1	0
  2357	2023-08-10 17:12:46	46	1	1	0
  2357	2023-08-10 17:12:48	46	1	1	0
  1069	2023-08-10 17:15:34	46	1	1	0
  1069	2023-08-10 17:15:36	46	1	1	0
  1069	2023-08-10 17:15:37	46	1	1	0
  2033	2023-08-10 17:16:05	46	1	1	0
  2033	2023-08-10 17:16:07	46	1	1	0
  2033	2023-08-10 17:16:44	46	1	1	0
  2033	2023-08-10 17:16:45	46	1	1	0
   943	2023-08-10 17:17:12	46	1	1	0
   185	2023-08-11 06:47:35	46	0	1	0
   185	2023-08-11 06:47:37	46	0	1	0
   185	2023-08-11 06:49:26	46	0	1	0
   185	2023-08-11 06:49:28	46	0	1	0
  2887	2023-08-11 07:05:20	46	0	1	0
  2680	2023-08-11 07:09:16	46	0	1	0
  2680	2023-08-11 07:09:18	46	0	1	0
  2680	2023-08-11 07:12:34	46	0	1	0
  2680	2023-08-11 07:12:37	46	0	1	0
   483	2023-08-11 07:17:16	46	0	1	0
  1069	2023-08-11 07:20:35	46	0	1	0
  1069	2023-08-11 07:20:37	46	0	1	0
  1069	2023-08-11 07:20:38	46	0	1	0
  2357	2023-08-11 07:21:53	46	0	1	0
  2357	2023-08-11 07:21:55	46	0	1	0
   200	2023-08-11 07:26:29	46	0	1	0
  2886	2023-08-11 07:38:07	46	0	1	0
  2886	2023-08-11 07:38:11	46	0	1	0
  2787	2023-08-11 07:38:27	46	0	1	0
  2787	2023-08-11 07:38:29	46	0	1	0
   402	2023-08-11 07:43:34	46	0	1	0
   402	2023-08-11 07:43:36	46	0	1	0
   452	2023-08-11 07:44:42	46	0	1	0
   452	2023-08-11 07:44:43	46	0	1	0
   629	2023-08-11 07:44:56	46	0	1	0
   921	2023-08-11 07:46:40	46	0	1	0
   921	2023-08-11 07:46:42	46	0	1	0
  2390	2023-08-11 07:47:01	46	0	1	0
  1014	2023-08-11 07:48:02	46	0	1	0
  1014	2023-08-11 07:48:04	46	0	1	0
   721	2023-08-11 07:48:49	46	0	1	0
   721	2023-08-11 07:48:52	46	0	1	0
   201	2023-08-11 07:49:00	46	0	1	0
   201	2023-08-11 07:49:03	46	0	1	0
   305	2023-08-11 07:52:15	46	0	1	0
   305	2023-08-11 07:52:17	46	0	1	0
   253	2023-08-11 07:52:33	46	0	1	0
   253	2023-08-11 07:52:35	46	0	1	0
   630	2023-08-11 07:53:24	46	0	1	0
   630	2023-08-11 07:53:25	46	0	1	0
  2550	2023-08-11 07:53:29	46	0	1	0
  2550	2023-08-11 07:53:31	46	0	1	0
   253	2023-08-11 07:53:36	46	0	1	0
  2881	2023-08-11 07:53:40	46	0	1	0
  2881	2023-08-11 07:53:42	46	0	1	0
   139	2023-08-11 07:53:49	46	0	1	0
   139	2023-08-11 07:53:53	46	0	1	0
   619	2023-08-11 07:54:17	46	0	1	0
   619	2023-08-11 07:54:19	46	0	1	0
   415	2023-08-11 07:55:10	46	0	1	0
   415	2023-08-11 07:55:12	46	0	1	0
   937	2023-08-11 07:55:29	46	0	1	0
   307	2023-08-11 07:56:13	46	0	1	0
  2033	2023-08-11 07:56:42	46	0	1	0
   112	2023-08-11 07:56:55	46	0	1	0
   219	2023-08-11 07:57:45	46	0	1	0
   219	2023-08-11 07:57:46	46	0	1	0
   427	2023-08-11 07:58:44	46	0	1	0
   427	2023-08-11 07:58:45	46	0	1	0
  1888	2023-08-11 07:59:08	46	0	1	0
   304	2023-08-11 08:00:13	46	0	1	0
   304	2023-08-11 08:00:14	46	0	1	0
  2588	2023-08-11 08:00:16	46	0	1	0
  2588	2023-08-11 08:00:18	46	0	1	0
   530	2023-08-11 08:00:37	46	0	1	0
   216	2023-08-11 08:00:51	46	0	1	0
   216	2023-08-11 08:00:53	46	0	1	0
   401	2023-08-11 08:01:44	46	0	1	0
   401	2023-08-11 08:01:49	46	0	1	0
   940	2023-08-11 08:03:53	46	0	1	0
   536	2023-08-11 08:06:49	46	0	1	0
   208	2023-08-11 08:11:02	46	0	1	0
   208	2023-08-11 08:11:04	46	0	1	0
  2532	2023-08-11 08:44:07	46	0	1	0
  2680	2023-08-11 12:00:56	46	1	1	0
  2680	2023-08-11 12:01:00	46	1	1	0
   629	2023-08-11 12:01:06	46	1	1	0
   219	2023-08-11 12:01:15	46	1	1	0
   201	2023-08-11 12:01:24	46	1	1	0
   452	2023-08-11 12:01:34	46	1	1	0
  2787	2023-08-11 12:01:39	46	1	1	0
  2390	2023-08-11 12:01:45	46	1	1	0
   415	2023-08-11 12:01:49	46	1	1	0
   415	2023-08-11 12:01:51	46	1	1	0
   619	2023-08-11 12:01:55	46	1	1	0
   721	2023-08-11 12:01:58	46	1	1	0
   139	2023-08-11 12:02:04	46	1	1	0
   139	2023-08-11 12:02:06	46	1	1	0
   940	2023-08-11 12:02:12	46	1	1	0
   940	2023-08-11 12:02:14	46	1	1	0
   630	2023-08-11 12:02:17	46	1	1	0
   630	2023-08-11 12:02:18	46	1	1	0
  1888	2023-08-11 12:02:25	46	1	1	0
   201	2023-08-11 12:03:25	46	0	1	0
   219	2023-08-11 12:03:31	46	0	1	0
  2787	2023-08-11 12:03:37	46	0	1	0
  1888	2023-08-11 12:03:43	46	0	1	0
   139	2023-08-11 12:03:47	46	0	1	0
   139	2023-08-11 12:03:49	46	0	1	0
   415	2023-08-11 12:03:55	46	0	1	0
   415	2023-08-11 12:03:56	46	0	1	0
   630	2023-08-11 12:03:58	46	0	1	0
   630	2023-08-11 12:04:00	46	0	1	0
  2390	2023-08-11 12:04:06	46	0	1	0
  1014	2023-08-11 12:04:12	46	1	1	0
  2680	2023-08-11 12:04:25	46	0	1	0
  2680	2023-08-11 12:04:27	46	0	1	0
   305	2023-08-11 12:04:37	46	1	1	0
   305	2023-08-11 12:04:38	46	1	1	0
   721	2023-08-11 12:04:49	46	0	1	0
   201	2023-08-11 12:04:58	46	0	1	0
   201	2023-08-11 12:04:59	46	0	1	0
   452	2023-08-11 12:05:05	46	0	1	0
  2887	2023-08-11 12:05:12	46	1	1	0
   427	2023-08-11 12:05:37	46	1	1	0
   427	2023-08-11 12:05:38	46	1	1	0
   629	2023-08-11 12:06:21	46	0	1	0
  2588	2023-08-11 12:06:52	46	1	1	0
  2588	2023-08-11 12:06:53	46	1	1	0
   658	2023-08-11 12:07:28	46	1	1	0
   305	2023-08-11 12:08:07	46	0	1	0
   305	2023-08-11 12:08:08	46	0	1	0
   401	2023-08-11 12:08:31	46	1	1	0
   483	2023-08-11 12:09:41	46	1	1	0
  2885	2023-08-11 12:10:05	46	1	1	0
   536	2023-08-11 12:10:07	46	1	1	0
  2885	2023-08-11 12:10:12	46	1	1	0
   208	2023-08-11 12:10:18	46	1	1	0
   427	2023-08-11 12:10:53	46	0	1	0
   427	2023-08-11 12:10:54	46	0	1	0
   366	2023-08-11 12:11:07	46	1	1	0
  2881	2023-08-11 12:11:24	46	1	1	0
   401	2023-08-11 12:11:39	46	0	1	0
  2886	2023-08-11 12:11:49	46	1	1	0
  2886	2023-08-11 12:11:54	46	1	1	0
   483	2023-08-11 12:12:59	46	0	1	0
   619	2023-08-11 12:13:45	46	0	1	0
  1014	2023-08-11 12:13:48	46	0	1	0
   366	2023-08-11 12:14:10	46	0	1	0
  2886	2023-08-11 12:14:32	46	0	1	0
  2886	2023-08-11 12:14:37	46	0	1	0
   921	2023-08-11 12:15:01	46	1	1	0
  2887	2023-08-11 12:16:07	46	0	1	0
   208	2023-08-11 12:16:44	46	0	1	0
   208	2023-08-11 12:16:47	46	0	1	0
  2588	2023-08-11 12:17:34	46	0	1	0
  2588	2023-08-11 12:17:35	46	0	1	0
   139	2023-08-11 12:18:10	46	0	1	0
   139	2023-08-11 12:18:12	46	0	1	0
   937	2023-08-11 12:18:34	46	1	1	0
   200	2023-08-11 12:18:38	46	1	1	0
   216	2023-08-11 12:18:42	46	1	1	0
   216	2023-08-11 12:18:43	46	1	1	0
   402	2023-08-11 12:18:48	46	1	1	0
   530	2023-08-11 12:18:53	46	1	1	0
   253	2023-08-11 12:18:58	46	1	1	0
   307	2023-08-11 12:19:01	46	1	1	0
   304	2023-08-11 12:19:06	46	1	1	0
  2881	2023-08-11 12:19:15	46	0	1	0
   200	2023-08-11 12:20:07	46	0	1	0
   253	2023-08-11 12:20:13	46	0	1	0
  2033	2023-08-11 12:20:20	46	1	1	0
  2033	2023-08-11 12:20:22	46	1	1	0
   402	2023-08-11 12:20:29	46	0	1	0
   402	2023-08-11 12:20:30	46	0	1	0
   937	2023-08-11 12:20:33	46	0	1	0
   307	2023-08-11 12:21:48	46	0	1	0
   530	2023-08-11 12:22:18	46	0	1	0
   304	2023-08-11 12:22:37	46	1	1	0
   304	2023-08-11 12:26:56	46	0	1	0
  1796	2023-08-11 12:31:05	46	1	1	0
   216	2023-08-11 12:31:44	46	0	1	0
   216	2023-08-11 12:31:46	46	0	1	0
  1796	2023-08-11 12:32:05	46	0	1	0
  2033	2023-08-11 12:33:00	46	0	1	0
  2033	2023-08-11 12:33:01	46	0	1	0
  1069	2023-08-11 12:46:17	46	0	1	0
   921	2023-08-11 12:46:25	46	0	1	0
   200	2023-08-11 17:00:06	46	1	1	0
   208	2023-08-11 17:00:12	46	1	1	0
   208	2023-08-11 17:00:14	46	1	1	0
  2787	2023-08-11 17:00:17	46	1	1	0
  2787	2023-08-11 17:00:18	46	1	1	0
   483	2023-08-11 17:00:24	46	1	1	0
  2680	2023-08-11 17:00:30	46	1	1	0
  2680	2023-08-11 17:00:32	46	1	1	0
   940	2023-08-11 17:00:36	46	1	1	0
   940	2023-08-11 17:00:38	46	1	1	0
   402	2023-08-11 17:00:43	46	1	1	0
   402	2023-08-11 17:00:44	46	1	1	0
   937	2023-08-11 17:00:48	46	1	1	0
   937	2023-08-11 17:00:52	46	1	1	0
   530	2023-08-11 17:00:56	46	1	1	0
   530	2023-08-11 17:00:57	46	1	1	0
   304	2023-08-11 17:01:02	46	1	1	0
   304	2023-08-11 17:01:03	46	1	1	0
   721	2023-08-11 17:01:06	46	1	1	0
   721	2023-08-11 17:01:07	46	1	1	0
   201	2023-08-11 17:01:12	46	1	1	0
   307	2023-08-11 17:01:18	46	1	1	0
   619	2023-08-11 17:01:21	46	1	1	0
   619	2023-08-11 17:01:23	46	1	1	0
   630	2023-08-11 17:01:25	46	1	1	0
   630	2023-08-11 17:01:27	46	1	1	0
   253	2023-08-11 17:01:32	46	1	1	0
   253	2023-08-11 17:01:33	46	1	1	0
   216	2023-08-11 17:01:36	46	1	1	0
   216	2023-08-11 17:01:38	46	1	1	0
  2033	2023-08-11 17:01:53	46	1	1	0
  2033	2023-08-11 17:01:55	46	1	1	0
  2588	2023-08-11 17:02:02	46	1	1	0
  2588	2023-08-11 17:02:04	46	1	1	0
  2390	2023-08-11 17:02:17	46	1	1	0
   305	2023-08-11 17:02:20	46	1	1	0
   305	2023-08-11 17:02:21	46	1	1	0
   415	2023-08-11 17:02:26	46	1	1	0
   415	2023-08-11 17:02:27	46	1	1	0
   139	2023-08-11 17:02:31	46	1	1	0
   139	2023-08-11 17:02:33	46	1	1	0
   452	2023-08-11 17:02:38	46	1	1	0
   452	2023-08-11 17:02:40	46	1	1	0
  1014	2023-08-11 17:02:56	46	1	1	0
   401	2023-08-11 17:03:49	46	1	1	0
   401	2023-08-11 17:03:51	46	1	1	0
   427	2023-08-11 17:03:55	46	1	1	0
   427	2023-08-11 17:03:57	46	1	1	0
  2357	2023-08-11 17:24:27	46	1	1	0
  2357	2023-08-11 17:24:29	46	1	1	0
  2357	2023-08-11 17:25:30	46	1	1	0
  1069	2023-08-11 17:28:02	46	1	1	0
  1069	2023-08-11 17:28:04	46	1	1	0
  1069	2023-08-11 17:28:08	46	1	1	0
   943	2023-08-11 17:28:13	46	1	1	0
   943	2023-08-11 17:28:14	46	1	1	0
   943	2023-08-14 06:26:54	46	0	1	0
   943	2023-08-14 06:27:05	46	0	1	0
   185	2023-08-14 06:44:59	46	0	1	0
   185	2023-08-14 06:45:00	46	0	1	0
  2887	2023-08-14 07:02:26	46	0	1	0
  2680	2023-08-14 07:09:05	46	0	1	0
  2680	2023-08-14 07:09:07	46	0	1	0
   208	2023-08-14 07:09:35	46	0	1	0
   208	2023-08-14 07:09:37	46	0	1	0
  2885	2023-08-14 07:12:50	46	0	1	0
  2885	2023-08-14 07:12:52	46	0	1	0
  2357	2023-08-14 07:19:29	46	0	1	0
  2357	2023-08-14 07:19:30	46	0	1	0
  1069	2023-08-14 07:20:24	46	0	1	0
  1069	2023-08-14 07:20:25	46	0	1	0
  1069	2023-08-14 07:20:27	46	0	1	0
   219	2023-08-14 07:22:03	46	0	1	0
  1888	2023-08-14 07:24:07	46	0	1	0
  2787	2023-08-14 07:29:05	46	0	1	0
  2787	2023-08-14 07:29:07	46	0	1	0
   200	2023-08-14 07:30:43	46	0	1	0
   483	2023-08-14 07:34:41	46	0	1	0
   253	2023-08-14 07:36:10	46	0	1	0
   253	2023-08-14 07:36:12	46	0	1	0
   402	2023-08-14 07:36:36	46	0	1	0
   402	2023-08-14 07:36:37	46	0	1	0
   629	2023-08-14 07:37:20	46	0	1	0
   139	2023-08-14 07:39:25	46	0	1	0
   139	2023-08-14 07:39:27	46	0	1	0
  2390	2023-08-14 07:42:42	46	0	1	0
  2886	2023-08-14 07:43:21	46	0	1	0
  2886	2023-08-14 07:43:23	46	0	1	0
   452	2023-08-14 07:44:41	46	0	1	0
   452	2023-08-14 07:44:43	46	0	1	0
   401	2023-08-14 07:46:55	46	0	1	0
   401	2023-08-14 07:46:57	46	0	1	0
  1014	2023-08-14 07:48:05	46	0	1	0
   940	2023-08-14 07:48:08	46	0	1	0
   940	2023-08-14 07:48:09	46	0	1	0
  2588	2023-08-14 07:48:17	46	0	1	0
  2588	2023-08-14 07:48:19	46	0	1	0
   721	2023-08-14 07:48:27	46	0	1	0
   721	2023-08-14 07:48:29	46	0	1	0
   630	2023-08-14 07:48:32	46	0	1	0
   630	2023-08-14 07:48:34	46	0	1	0
   201	2023-08-14 07:48:42	46	0	1	0
   201	2023-08-14 07:48:48	46	0	1	0
  2550	2023-08-14 07:51:59	46	0	1	0
  2550	2023-08-14 07:52:01	46	0	1	0
   305	2023-08-14 07:57:09	46	0	1	0
   305	2023-08-14 07:57:11	46	0	1	0
   415	2023-08-14 07:57:34	46	0	1	0
   415	2023-08-14 07:57:36	46	0	1	0
   216	2023-08-14 07:57:42	46	0	1	0
   216	2023-08-14 07:57:43	46	0	1	0
   619	2023-08-14 07:58:28	46	0	1	0
   307	2023-08-14 07:58:47	46	0	1	0
   530	2023-08-14 08:00:42	46	0	1	0
   937	2023-08-14 08:00:44	46	0	1	0
  2881	2023-08-14 08:01:09	46	0	1	0
  2881	2023-08-14 08:01:11	46	0	1	0
  2033	2023-08-14 08:05:08	46	0	1	0
  2033	2023-08-14 08:05:12	46	0	1	0
   921	2023-08-14 08:16:59	46	0	1	0
   921	2023-08-14 08:17:01	46	0	1	0
  2886	2023-08-14 12:00:51	46	1	1	0
  2886	2023-08-14 12:00:52	46	1	1	0
  2680	2023-08-14 12:01:00	46	1	1	0
  2680	2023-08-14 12:01:02	46	1	1	0
   216	2023-08-14 12:01:09	46	1	1	0
   216	2023-08-14 12:01:11	46	1	1	0
   219	2023-08-14 12:01:19	46	1	1	0
   940	2023-08-14 12:01:22	46	1	1	0
   940	2023-08-14 12:01:24	46	1	1	0
   629	2023-08-14 12:01:34	46	1	1	0
  2787	2023-08-14 12:02:06	46	1	1	0
  2680	2023-08-14 12:02:15	46	0	1	0
  2680	2023-08-14 12:02:17	46	0	1	0
   201	2023-08-14 12:02:25	46	1	1	0
   721	2023-08-14 12:02:29	46	1	1	0
  2588	2023-08-14 12:02:35	46	1	1	0
  2588	2023-08-14 12:02:36	46	1	1	0
  2887	2023-08-14 12:02:42	46	1	1	0
   937	2023-08-14 12:02:48	46	1	1	0
   402	2023-08-14 12:02:55	46	1	1	0
   483	2023-08-14 12:03:15	46	1	1	0
   253	2023-08-14 12:03:26	46	1	1	0
  2787	2023-08-14 12:03:36	46	0	1	0
   366	2023-08-14 12:03:55	46	1	1	0
  2033	2023-08-14 12:03:57	46	1	1	0
  2033	2023-08-14 12:03:58	46	1	1	0
   630	2023-08-14 12:04:04	46	1	1	0
   630	2023-08-14 12:04:06	46	1	1	0
   452	2023-08-14 12:04:25	46	1	1	0
  2881	2023-08-14 12:04:32	46	1	1	0
   619	2023-08-14 12:04:34	46	1	1	0
   619	2023-08-14 12:04:38	46	1	1	0
   721	2023-08-14 12:04:44	46	0	1	0
  2550	2023-08-14 12:05:13	46	1	1	0
  2550	2023-08-14 12:05:15	46	1	1	0
   937	2023-08-14 12:05:22	46	0	1	0
   402	2023-08-14 12:05:28	46	0	1	0
   402	2023-08-14 12:05:30	46	0	1	0
   219	2023-08-14 12:05:36	46	0	1	0
   307	2023-08-14 12:05:52	46	1	1	0
  1888	2023-08-14 12:06:00	46	1	1	0
   629	2023-08-14 12:06:21	46	0	1	0
   305	2023-08-14 12:06:28	46	1	1	0
   216	2023-08-14 12:06:42	46	0	1	0
   216	2023-08-14 12:06:44	46	0	1	0
   253	2023-08-14 12:06:55	46	0	1	0
   201	2023-08-14 12:07:02	46	0	1	0
  2390	2023-08-14 12:07:26	46	1	1	0
  1888	2023-08-14 12:08:28	46	0	1	0
   307	2023-08-14 12:08:51	46	0	1	0
  2886	2023-08-14 12:09:21	46	0	1	0
  2886	2023-08-14 12:09:24	46	0	1	0
   530	2023-08-14 12:09:32	46	1	1	0
   208	2023-08-14 12:10:08	46	1	1	0
   452	2023-08-14 12:10:47	46	0	1	0
  2887	2023-08-14 12:10:55	46	0	1	0
  2881	2023-08-14 12:11:01	46	0	1	0
   630	2023-08-14 12:11:09	46	0	1	0
   630	2023-08-14 12:11:10	46	0	1	0
  2588	2023-08-14 12:11:25	46	0	1	0
  2588	2023-08-14 12:11:27	46	0	1	0
   401	2023-08-14 12:11:47	46	1	1	0
   185	2023-08-14 12:11:56	46	1	1	0
  1014	2023-08-14 12:12:04	46	1	1	0
   427	2023-08-14 12:12:12	46	1	1	0
   427	2023-08-14 12:12:14	46	1	1	0
   483	2023-08-14 12:13:21	46	0	1	0
   366	2023-08-14 12:14:15	46	0	1	0
   139	2023-08-14 12:15:04	46	1	1	0
   139	2023-08-14 12:15:06	46	1	1	0
   401	2023-08-14 12:15:43	46	0	1	0
   427	2023-08-14 12:15:58	46	0	1	0
   427	2023-08-14 12:16:00	46	0	1	0
   185	2023-08-14 12:16:14	46	0	1	0
   185	2023-08-14 12:16:15	46	0	1	0
  2033	2023-08-14 12:16:49	46	0	1	0
  2033	2023-08-14 12:16:51	46	0	1	0
   536	2023-08-14 12:17:24	46	1	1	0
   530	2023-08-14 12:18:27	46	0	1	0
   536	2023-08-14 12:18:44	46	0	1	0
  2390	2023-08-14 12:19:12	46	0	1	0
   208	2023-08-14 12:19:40	46	0	1	0
   619	2023-08-14 12:20:17	46	0	1	0
  1069	2023-08-14 12:26:48	46	1	1	0
  1014	2023-08-14 12:27:05	46	0	1	0
  1014	2023-08-14 12:27:08	46	0	1	0
  1014	2023-08-14 12:27:10	46	0	1	0
  1069	2023-08-14 12:29:52	46	0	1	0
   921	2023-08-14 12:29:56	46	0	1	0
   943	2023-08-14 12:33:19	46	1	1	0
   943	2023-08-14 12:34:58	46	0	1	0
  2550	2023-08-14 12:38:55	46	0	1	0
  2550	2023-08-14 12:38:57	46	0	1	0
   139	2023-08-14 12:43:09	46	0	1	0
   139	2023-08-14 12:43:10	46	0	1	0
   305	2023-08-14 12:43:13	46	0	1	0
  2680	2023-08-14 17:00:02	46	1	1	0
  2680	2023-08-14 17:00:04	46	1	1	0
   208	2023-08-14 17:00:10	46	1	1	0
   208	2023-08-14 17:00:12	46	1	1	0
   483	2023-08-14 17:00:17	46	1	1	0
   483	2023-08-14 17:00:19	46	1	1	0
  2390	2023-08-14 17:00:24	46	1	1	0
   201	2023-08-14 17:00:29	46	1	1	0
   201	2023-08-14 17:00:31	46	1	1	0
   630	2023-08-14 17:00:34	46	1	1	0
   630	2023-08-14 17:00:36	46	1	1	0
   721	2023-08-14 17:00:39	46	1	1	0
   721	2023-08-14 17:00:40	46	1	1	0
   253	2023-08-14 17:00:46	46	1	1	0
   253	2023-08-14 17:00:48	46	1	1	0
   216	2023-08-14 17:00:51	46	1	1	0
   216	2023-08-14 17:00:52	46	1	1	0
   139	2023-08-14 17:00:54	46	1	1	0
   139	2023-08-14 17:00:56	46	1	1	0
   415	2023-08-14 17:01:00	46	1	1	0
   415	2023-08-14 17:01:02	46	1	1	0
   305	2023-08-14 17:01:04	46	1	1	0
   427	2023-08-14 17:01:07	46	1	1	0
   427	2023-08-14 17:01:08	46	1	1	0
   307	2023-08-14 17:01:12	46	1	1	0
   307	2023-08-14 17:01:16	46	1	1	0
   530	2023-08-14 17:01:19	46	1	1	0
   402	2023-08-14 17:01:23	46	1	1	0
   402	2023-08-14 17:01:25	46	1	1	0
   401	2023-08-14 17:01:28	46	1	1	0
   401	2023-08-14 17:01:30	46	1	1	0
  2881	2023-08-14 17:01:33	46	1	1	0
  2881	2023-08-14 17:01:35	46	1	1	0
   937	2023-08-14 17:01:40	46	1	1	0
   452	2023-08-14 17:01:46	46	1	1	0
   452	2023-08-14 17:01:48	46	1	1	0
  2887	2023-08-14 17:01:54	46	1	1	0
  2588	2023-08-14 17:02:03	46	1	1	0
  2588	2023-08-14 17:02:05	46	1	1	0
  1014	2023-08-14 17:02:41	46	1	1	0
  2885	2023-08-14 17:02:45	46	1	1	0
  2885	2023-08-14 17:02:47	46	1	1	0
   185	2023-08-14 17:03:20	46	1	1	0
   185	2023-08-14 17:03:21	46	1	1	0
  2357	2023-08-14 17:06:01	46	1	1	0
  2357	2023-08-14 17:06:04	46	1	1	0
   921	2023-08-14 17:06:12	46	1	1	0
   921	2023-08-14 17:06:14	46	1	1	0
   943	2023-08-14 17:48:19	46	1	1	0
  1069	2023-08-14 18:01:08	46	1	1	0
  1069	2023-08-14 18:01:10	46	1	1	0
  1069	2023-08-14 18:01:11	46	1	1	0
  2033	2023-08-14 18:24:19	46	1	1	0
  2033	2023-08-14 18:24:20	46	1	1	0
   943	2023-08-14 18:25:32	46	1	1	0
  2357	2023-08-15 06:35:56	46	1	1	0
  2357	2023-08-15 06:35:57	46	1	1	0
   185	2023-08-15 06:50:32	46	0	1	0
   185	2023-08-15 06:50:34	46	0	1	0
  2887	2023-08-15 07:05:11	46	0	1	0
   208	2023-08-15 07:15:49	46	0	1	0
   208	2023-08-15 07:15:50	46	0	1	0
  2680	2023-08-15 07:17:26	46	0	1	0
  2680	2023-08-15 07:17:29	46	0	1	0
  1888	2023-08-15 07:21:29	46	0	1	0
  2787	2023-08-15 07:26:38	46	0	1	0
  2787	2023-08-15 07:26:48	46	0	1	0
  2886	2023-08-15 07:31:26	46	0	1	0
  2886	2023-08-15 07:31:28	46	0	1	0
   200	2023-08-15 07:31:45	46	0	1	0
  1069	2023-08-15 07:31:50	46	0	1	0
  1069	2023-08-15 07:31:51	46	0	1	0
  1069	2023-08-15 07:31:53	46	0	1	0
   139	2023-08-15 07:31:58	46	0	1	0
   139	2023-08-15 07:31:59	46	0	1	0
   401	2023-08-15 07:32:37	46	0	1	0
   401	2023-08-15 07:32:40	46	0	1	0
   219	2023-08-15 07:32:47	46	0	1	0
   402	2023-08-15 07:37:57	46	0	1	0
   402	2023-08-15 07:37:58	46	0	1	0
  1014	2023-08-15 07:39:37	46	0	1	0
   483	2023-08-15 07:40:25	46	0	1	0
   483	2023-08-15 07:40:27	46	0	1	0
  2390	2023-08-15 07:41:30	46	0	1	0
   940	2023-08-15 07:43:37	46	0	1	0
   940	2023-08-15 07:43:39	46	0	1	0
   253	2023-08-15 07:44:54	46	0	1	0
   253	2023-08-15 07:44:56	46	0	1	0
   304	2023-08-15 07:48:31	46	0	1	0
   304	2023-08-15 07:48:34	46	0	1	0
   452	2023-08-15 07:50:25	46	0	1	0
   452	2023-08-15 07:50:27	46	0	1	0
   721	2023-08-15 07:51:58	46	0	1	0
   721	2023-08-15 07:52:00	46	0	1	0
   201	2023-08-15 07:52:07	46	0	1	0
   201	2023-08-15 07:52:11	46	0	1	0
  2881	2023-08-15 07:53:20	46	0	1	0
  2881	2023-08-15 07:53:22	46	0	1	0
  2550	2023-08-15 07:53:29	46	0	1	0
  2550	2023-08-15 07:53:31	46	0	1	0
   307	2023-08-15 07:54:27	46	0	1	0
   629	2023-08-15 07:54:39	46	0	1	0
   530	2023-08-15 07:55:58	46	0	1	0
  2588	2023-08-15 07:57:10	46	0	1	0
  2588	2023-08-15 07:57:12	46	0	1	0
   427	2023-08-15 07:57:31	46	0	1	0
   427	2023-08-15 07:57:33	46	0	1	0
   305	2023-08-15 07:58:27	46	0	1	0
   305	2023-08-15 07:58:29	46	0	1	0
   937	2023-08-15 07:58:38	46	0	1	0
   619	2023-08-15 07:59:07	46	0	1	0
   415	2023-08-15 08:00:52	46	0	1	0
   216	2023-08-15 08:01:12	46	0	1	0
   216	2023-08-15 08:01:15	46	0	1	0
  2033	2023-08-15 08:03:42	46	0	1	0
  2033	2023-08-15 08:03:43	46	0	1	0
   921	2023-08-15 08:07:37	46	0	1	0
   921	2023-08-15 08:07:42	46	0	1	0
   185	2023-08-15 12:00:14	46	1	1	0
   185	2023-08-15 12:00:15	46	1	1	0
   366	2023-08-15 12:00:21	46	1	1	0
   201	2023-08-15 12:00:49	46	1	1	0
   629	2023-08-15 12:00:55	46	1	1	0
  1014	2023-08-15 12:00:59	46	1	1	0
  1014	2023-08-15 12:01:04	46	1	1	0
   201	2023-08-15 12:01:30	46	1	1	0
   307	2023-08-15 12:01:52	46	1	1	0
   219	2023-08-15 12:01:55	46	1	1	0
  1888	2023-08-15 12:02:03	46	1	1	0
  2588	2023-08-15 12:02:09	46	1	1	0
  2588	2023-08-15 12:02:10	46	1	1	0
   940	2023-08-15 12:02:14	46	1	1	0
   940	2023-08-15 12:02:16	46	1	1	0
  2886	2023-08-15 12:02:18	46	1	1	0
  2886	2023-08-15 12:02:20	46	1	1	0
   452	2023-08-15 12:02:27	46	1	1	0
  2680	2023-08-15 12:02:30	46	1	1	0
  2680	2023-08-15 12:02:33	46	1	1	0
  2887	2023-08-15 12:02:38	46	1	1	0
   200	2023-08-15 12:02:59	46	1	1	0
   630	2023-08-15 12:03:08	46	1	1	0
   630	2023-08-15 12:03:11	46	1	1	0
  1014	2023-08-15 12:03:19	46	0	1	0
   219	2023-08-15 12:03:27	46	0	1	0
   219	2023-08-15 12:03:28	46	0	1	0
   530	2023-08-15 12:03:37	46	1	1	0
   937	2023-08-15 12:03:43	46	1	1	0
   402	2023-08-15 12:03:49	46	1	1	0
   201	2023-08-15 12:03:57	46	0	1	0
  1888	2023-08-15 12:04:06	46	0	1	0
   940	2023-08-15 12:04:11	46	0	1	0
   940	2023-08-15 12:04:13	46	0	1	0
   619	2023-08-15 12:04:19	46	1	1	0
   200	2023-08-15 12:04:26	46	0	1	0
   629	2023-08-15 12:04:30	46	0	1	0
   307	2023-08-15 12:04:34	46	0	1	0
   307	2023-08-15 12:04:37	46	0	1	0
   630	2023-08-15 12:04:45	46	0	1	0
   630	2023-08-15 12:04:47	46	0	1	0
   721	2023-08-15 12:05:00	46	1	1	0
  2787	2023-08-15 12:05:11	46	1	1	0
   304	2023-08-15 12:05:18	46	1	1	0
   921	2023-08-15 12:05:29	46	1	1	0
  2881	2023-08-15 12:05:32	46	1	1	0
   483	2023-08-15 12:05:37	46	1	1	0
   139	2023-08-15 12:05:43	46	1	1	0
   139	2023-08-15 12:05:45	46	1	1	0
   619	2023-08-15 12:05:52	46	0	1	0
  2033	2023-08-15 12:06:39	46	1	1	0
  2033	2023-08-15 12:06:41	46	1	1	0
  2680	2023-08-15 12:06:48	46	0	1	0
  2680	2023-08-15 12:06:50	46	0	1	0
   937	2023-08-15 12:07:04	46	0	1	0
   402	2023-08-15 12:07:09	46	0	1	0
   402	2023-08-15 12:07:11	46	0	1	0
  2787	2023-08-15 12:07:18	46	0	1	0
  2390	2023-08-15 12:07:25	46	1	1	0
   253	2023-08-15 12:07:47	46	1	1	0
   721	2023-08-15 12:07:53	46	0	1	0
  2886	2023-08-15 12:08:32	46	0	1	0
  2886	2023-08-15 12:08:34	46	0	1	0
   427	2023-08-15 12:09:14	46	1	1	0
   427	2023-08-15 12:09:15	46	1	1	0
   253	2023-08-15 12:09:22	46	0	1	0
   304	2023-08-15 12:09:28	46	0	1	0
   536	2023-08-15 12:11:06	46	1	1	0
   530	2023-08-15 12:11:15	46	0	1	0
   216	2023-08-15 12:11:42	46	1	1	0
   216	2023-08-15 12:11:43	46	1	1	0
  2881	2023-08-15 12:12:33	46	0	1	0
   452	2023-08-15 12:12:39	46	0	1	0
   208	2023-08-15 12:13:14	46	1	1	0
  2588	2023-08-15 12:13:22	46	0	1	0
  2588	2023-08-15 12:13:23	46	0	1	0
  2390	2023-08-15 12:14:10	46	0	1	0
   483	2023-08-15 12:16:06	46	0	1	0
   208	2023-08-15 12:16:15	46	0	1	0
   427	2023-08-15 12:16:57	46	0	1	0
   427	2023-08-15 12:16:58	46	0	1	0
   921	2023-08-15 12:17:34	46	0	1	0
  2550	2023-08-15 12:18:04	46	1	1	0
  2550	2023-08-15 12:18:06	46	1	1	0
  2887	2023-08-15 12:18:18	46	0	1	0
  2033	2023-08-15 12:18:48	46	0	1	0
  2033	2023-08-15 12:18:50	46	0	1	0
   366	2023-08-15 12:19:31	46	0	1	0
   139	2023-08-15 12:20:46	46	0	1	0
   139	2023-08-15 12:20:48	46	0	1	0
   536	2023-08-15 12:26:22	46	0	1	0
   304	2023-08-15 12:27:53	46	0	1	0
   415	2023-08-15 12:31:40	46	1	1	0
   415	2023-08-15 12:31:41	46	1	1	0
   305	2023-08-15 12:37:18	46	1	1	0
   415	2023-08-15 12:38:03	46	0	1	0
   305	2023-08-15 12:39:24	46	0	1	0
  2357	2023-08-15 12:39:35	46	1	1	0
  2357	2023-08-15 12:39:38	46	1	1	0
  2550	2023-08-15 12:41:46	46	0	1	0
  2550	2023-08-15 12:41:48	46	0	1	0
   216	2023-08-15 12:42:28	46	0	1	0
   216	2023-08-15 12:42:30	46	0	1	0
  2357	2023-08-15 12:42:36	46	0	1	0
  2357	2023-08-15 12:42:38	46	0	1	0
   401	2023-08-15 12:42:45	46	1	1	0
   401	2023-08-15 12:43:03	46	0	1	0
  1069	2023-08-15 12:43:19	46	1	1	0
  1069	2023-08-15 12:53:21	46	0	1	0
   305	2023-08-15 16:23:10	46	0	1	0
   305	2023-08-15 16:23:17	46	1	1	0
   940	2023-08-15 17:00:12	46	1	1	0
   940	2023-08-15 17:00:13	46	1	1	0
  2787	2023-08-15 17:00:21	46	1	1	0
  2787	2023-08-15 17:00:27	46	1	1	0
  2680	2023-08-15 17:00:31	46	1	1	0
  2680	2023-08-15 17:00:33	46	1	1	0
   721	2023-08-15 17:00:36	46	1	1	0
   721	2023-08-15 17:00:38	46	1	1	0
   201	2023-08-15 17:00:43	46	1	1	0
   201	2023-08-15 17:00:45	46	1	1	0
  1014	2023-08-15 17:00:53	46	1	1	0
   619	2023-08-15 17:00:59	46	1	1	0
   208	2023-08-15 17:01:29	46	1	1	0
   208	2023-08-15 17:01:31	46	1	1	0
   630	2023-08-15 17:01:39	46	1	1	0
   630	2023-08-15 17:01:40	46	1	1	0
   530	2023-08-15 17:01:50	46	1	1	0
   402	2023-08-15 17:01:53	46	1	1	0
   402	2023-08-15 17:01:54	46	1	1	0
   304	2023-08-15 17:01:59	46	1	1	0
   304	2023-08-15 17:02:01	46	1	1	0
   937	2023-08-15 17:02:04	46	1	1	0
   253	2023-08-15 17:02:09	46	1	1	0
   253	2023-08-15 17:02:10	46	1	1	0
  2886	2023-08-15 17:02:23	46	1	1	0
  2886	2023-08-15 17:02:26	46	1	1	0
   415	2023-08-15 17:02:28	46	1	1	0
   415	2023-08-15 17:02:30	46	1	1	0
   139	2023-08-15 17:02:33	46	1	1	0
   139	2023-08-15 17:02:34	46	1	1	0
  2390	2023-08-15 17:02:43	46	1	1	0
   307	2023-08-15 17:02:47	46	1	1	0
   401	2023-08-15 17:02:51	46	1	1	0
   401	2023-08-15 17:02:53	46	1	1	0
   216	2023-08-15 17:02:59	46	1	1	0
   216	2023-08-15 17:03:00	46	1	1	0
   427	2023-08-15 17:03:03	46	1	1	0
   427	2023-08-15 17:03:04	46	1	1	0
   630	2023-08-15 17:03:14	46	1	1	0
   630	2023-08-15 17:03:16	46	1	1	0
   185	2023-08-15 17:03:24	46	1	1	0
   185	2023-08-15 17:03:26	46	1	1	0
   452	2023-08-15 17:03:44	46	1	1	0
   452	2023-08-15 17:03:46	46	1	1	0
   483	2023-08-15 17:03:51	46	1	1	0
   483	2023-08-15 17:03:53	46	1	1	0
  2881	2023-08-15 17:03:55	46	1	1	0
  2881	2023-08-15 17:03:57	46	1	1	0
   921	2023-08-15 17:04:00	46	1	1	0
   921	2023-08-15 17:04:02	46	1	1	0
  2588	2023-08-15 17:04:08	46	1	1	0
  2588	2023-08-15 17:04:09	46	1	1	0
   200	2023-08-15 17:08:51	46	1	1	0
  2357	2023-08-15 17:17:11	46	1	1	0
  2357	2023-08-15 17:17:13	46	1	1	0
  2885	2023-08-15 17:17:52	46	1	1	0
  2885	2023-08-15 17:17:54	46	1	1	0
  2357	2023-08-15 18:02:28	46	1	1	0
  1069	2023-08-15 18:36:40	46	1	1	0
  1069	2023-08-15 18:36:41	46	1	1	0
  1069	2023-08-15 18:36:43	46	1	1	0
  2033	2023-08-15 18:36:48	46	1	1	0
  2033	2023-08-15 18:36:50	46	1	1	0
   943	2023-08-16 06:29:36	46	0	1	0
   943	2023-08-16 06:29:37	46	0	1	0
   185	2023-08-16 06:36:13	46	0	1	0
   185	2023-08-16 06:36:15	46	0	1	0
   185	2023-08-16 06:38:16	46	0	1	0
   185	2023-08-16 06:38:17	46	0	1	0
  2357	2023-08-16 06:49:27	46	0	1	0
  2357	2023-08-16 06:49:29	46	0	1	0
  2680	2023-08-16 07:01:50	46	0	1	0
  2680	2023-08-16 07:01:52	46	0	1	0
  2887	2023-08-16 07:11:17	46	0	1	0
   208	2023-08-16 07:11:36	46	0	1	0
   208	2023-08-16 07:11:38	46	0	1	0
   219	2023-08-16 07:18:31	46	0	1	0
  1069	2023-08-16 07:23:03	46	0	1	0
  1069	2023-08-16 07:23:05	46	0	1	0
  1069	2023-08-16 07:23:06	46	0	1	0
   200	2023-08-16 07:24:30	46	0	1	0
  1888	2023-08-16 07:26:48	46	0	1	0
   629	2023-08-16 07:30:06	46	0	1	0
  2390	2023-08-16 07:31:12	46	0	1	0
   483	2023-08-16 07:35:04	46	0	1	0
  2787	2023-08-16 07:35:09	46	0	1	0
  2787	2023-08-16 07:35:11	46	0	1	0
   253	2023-08-16 07:38:54	46	0	1	0
   253	2023-08-16 07:38:56	46	0	1	0
  1069	2023-08-16 07:40:20	46	0	1	0
   139	2023-08-16 07:44:59	46	0	1	0
   139	2023-08-16 07:45:00	46	0	1	0
   452	2023-08-16 07:45:25	46	0	1	0
   452	2023-08-16 07:45:27	46	0	1	0
  1014	2023-08-16 07:46:05	46	0	1	0
  2886	2023-08-16 07:46:36	46	0	1	0
  2886	2023-08-16 07:46:37	46	0	1	0
   402	2023-08-16 07:48:34	46	0	1	0
   402	2023-08-16 07:48:36	46	0	1	0
   304	2023-08-16 07:48:41	46	0	1	0
   304	2023-08-16 07:48:43	46	0	1	0
   721	2023-08-16 07:49:17	46	0	1	0
   721	2023-08-16 07:49:19	46	0	1	0
   201	2023-08-16 07:49:25	46	0	1	0
   201	2023-08-16 07:49:27	46	0	1	0
  2550	2023-08-16 07:50:13	46	0	1	0
  2550	2023-08-16 07:50:15	46	0	1	0
   415	2023-08-16 07:55:25	46	0	1	0
   415	2023-08-16 07:55:27	46	0	1	0
   307	2023-08-16 07:55:42	46	0	1	0
  2881	2023-08-16 07:56:00	46	0	1	0
  2881	2023-08-16 07:56:03	46	0	1	0
   415	2023-08-16 07:56:14	46	0	1	0
   940	2023-08-16 07:57:09	46	0	1	0
   940	2023-08-16 07:57:10	46	0	1	0
   401	2023-08-16 07:57:26	46	0	1	0
   401	2023-08-16 07:57:28	46	0	1	0
   921	2023-08-16 07:57:43	46	0	1	0
   921	2023-08-16 07:57:45	46	0	1	0
   619	2023-08-16 07:58:38	46	0	1	0
   216	2023-08-16 07:58:45	46	0	1	0
   216	2023-08-16 07:58:46	46	0	1	0
  2033	2023-08-16 07:58:57	46	0	1	0
  2033	2023-08-16 07:58:58	46	0	1	0
   630	2023-08-16 08:00:26	46	0	1	0
   427	2023-08-16 08:01:09	46	0	1	0
   427	2023-08-16 08:01:10	46	0	1	0
  2588	2023-08-16 08:01:43	46	0	1	0
  2588	2023-08-16 08:01:44	46	0	1	0
   536	2023-08-16 08:02:11	46	0	1	0
   305	2023-08-16 08:04:23	46	0	1	0
   937	2023-08-16 08:04:44	46	0	1	0
   530	2023-08-16 08:05:20	46	0	1	0
   208	2027-03-30 17:00:27	46	1	1	0
