      181	2024-01-02 06:50:49	48	0	1	0
      181	2024-01-02 06:50:54	48	0	1	0
     1686	2024-01-02 07:19:25	48	0	1	0
     1262	2024-01-02 07:46:45	48	0	1	0
     1262	2024-01-02 07:46:46	48	0	1	0
      865	2024-01-02 07:48:42	48	0	1	0
      865	2024-01-02 07:48:43	48	0	1	0
     1778	2024-01-02 07:49:08	48	0	1	0
     1778	2024-01-02 07:49:10	48	0	1	0
      487	2024-01-02 07:53:46	48	0	1	0
      487	2024-01-02 07:53:48	48	0	1	0
     1486	2024-01-02 07:55:20	48	0	1	0
     1486	2024-01-02 07:55:24	48	0	1	0
      250	2024-01-02 07:59:37	48	0	1	0
      250	2024-01-02 07:59:39	48	0	1	0
      154	2024-01-02 07:59:57	48	0	1	0
      154	2024-01-02 07:59:59	48	0	1	0
     2874	2024-01-02 08:04:25	48	0	1	0
     2874	2024-01-02 08:04:26	48	0	1	0
     2566	2024-01-02 08:07:41	48	0	1	0
     2566	2024-01-02 08:07:42	48	0	1	0
      283	2024-01-02 08:14:31	48	0	1	0
      283	2024-01-02 08:14:33	48	0	1	0
      283	2024-01-02 08:14:34	48	0	1	0
      283	2024-01-02 08:14:36	48	0	1	0
     1793	2024-01-02 08:24:49	48	0	1	0
     1793	2024-01-02 08:24:51	48	0	1	0
      768	2024-01-02 08:26:23	48	0	1	0
      768	2024-01-02 08:26:24	48	0	1	0
      981	2024-01-02 08:57:43	48	0	1	0
      981	2024-01-02 08:57:45	48	0	1	0
      487	2024-01-02 12:00:06	48	1	1	0
      487	2024-01-02 12:00:08	48	1	1	0
     2161	2024-01-02 12:00:14	48	1	1	0
     1778	2024-01-02 12:00:19	48	1	1	0
      250	2024-01-02 12:01:22	48	1	1	0
      250	2024-01-02 12:01:24	48	1	1	0
      487	2024-01-02 12:03:11	48	0	1	0
      487	2024-01-02 12:03:14	48	0	1	0
     1778	2024-01-02 12:04:08	48	0	1	0
     1778	2024-01-02 12:04:10	48	0	1	0
      768	2024-01-02 12:04:19	48	1	1	0
     1486	2024-01-02 12:04:39	48	1	1	0
      250	2024-01-02 12:04:47	48	0	1	0
      250	2024-01-02 12:04:48	48	0	1	0
      865	2024-01-02 12:07:02	48	1	1	0
     1793	2024-01-02 12:09:58	48	1	1	0
     1793	2024-01-02 12:09:59	48	1	1	0
     1486	2024-01-02 12:10:20	48	0	1	0
      865	2024-01-02 12:10:57	48	0	1	0
     1793	2024-01-02 12:15:12	48	0	1	0
     1793	2024-01-02 12:15:14	48	0	1	0
     1793	2024-01-02 12:16:52	48	0	1	0
     1793	2024-01-02 12:16:53	48	0	1	0
     2161	2024-01-02 12:17:04	48	0	1	0
     1262	2024-01-02 12:17:24	48	1	1	0
     1262	2024-01-02 12:17:25	48	1	1	0
      768	2024-01-02 12:24:15	48	0	1	0
     1686	2024-01-02 12:24:33	48	1	1	0
     1686	2024-01-02 12:40:54	48	0	1	0
      181	2024-01-02 12:49:47	48	1	1	0
     2566	2024-01-02 12:49:53	48	1	1	0
      981	2024-01-02 12:50:02	48	1	1	0
     2874	2024-01-02 12:50:09	48	1	1	0
      283	2024-01-02 12:50:14	48	1	1	0
      283	2024-01-02 12:50:19	48	1	1	0
      154	2024-01-02 12:50:50	48	1	1	0
     1262	2024-01-02 12:51:06	48	0	1	0
     1262	2024-01-02 12:51:08	48	0	1	0
      283	2024-01-02 12:51:17	48	0	1	0
      283	2024-01-02 12:51:20	48	0	1	0
     2566	2024-01-02 12:52:26	48	0	1	0
      154	2024-01-02 12:52:37	48	0	1	0
      181	2024-01-02 12:52:54	48	0	1	0
      981	2024-01-02 12:55:30	48	0	1	0
     2874	2024-01-02 12:55:38	48	0	1	0
      981	2024-01-02 17:00:07	48	1	1	0
      981	2024-01-02 17:00:08	48	1	1	0
     2161	2024-01-02 17:00:12	48	1	1	0
      181	2024-01-02 17:00:18	48	1	1	0
      181	2024-01-02 17:00:20	48	1	1	0
      250	2024-01-02 17:00:23	48	1	1	0
      250	2024-01-02 17:00:28	48	1	1	0
     1793	2024-01-02 17:00:34	48	1	1	0
     1793	2024-01-02 17:00:35	48	1	1	0
      865	2024-01-02 17:00:47	48	1	1	0
      865	2024-01-02 17:00:48	48	1	1	0
     1486	2024-01-02 17:00:54	48	1	1	0
     1486	2024-01-02 17:01:05	48	1	1	0
      283	2024-01-02 17:01:21	48	1	1	0
      283	2024-01-02 17:01:25	48	1	1	0
      283	2024-01-02 17:01:27	48	1	1	0
      283	2024-01-02 17:01:28	48	1	1	0
     2566	2024-01-02 17:01:56	48	1	1	0
     2566	2024-01-02 17:01:58	48	1	1	0
      283	2024-01-02 17:02:31	48	1	1	0
     1686	2024-01-02 17:02:42	48	1	1	0
     1262	2024-01-02 17:03:07	48	1	1	0
     1262	2024-01-02 17:03:08	48	1	1	0
      154	2024-01-02 17:04:31	48	1	1	0
      487	2024-01-02 17:06:24	48	1	1	0
      487	2024-01-02 17:06:26	48	1	1	0
     1778	2024-01-02 17:07:29	48	1	1	0
     1778	2024-01-02 17:07:31	48	1	1	0
      404	2024-01-02 17:14:10	48	1	1	0
      404	2024-01-02 17:14:16	48	1	1	0
      768	2024-01-02 17:14:49	48	1	1	0
      181	2024-01-03 06:29:02	48	0	1	0
      181	2024-01-03 06:29:08	48	0	1	0
      847	2024-01-03 07:30:19	48	0	1	0
      768	2024-01-03 07:38:32	48	0	1	0
      768	2024-01-03 07:38:34	48	0	1	0
     2874	2024-01-03 07:42:08	48	0	1	0
     2874	2024-01-03 07:42:09	48	0	1	0
      865	2024-01-03 07:43:51	48	0	1	0
      865	2024-01-03 07:43:52	48	0	1	0
      582	2024-01-03 07:45:13	48	0	1	0
     2806	2024-01-03 07:50:30	48	0	1	0
     1243	2024-01-03 07:53:30	48	0	1	0
     1793	2024-01-03 07:53:40	48	0	1	0
     1793	2024-01-03 07:53:42	48	0	1	0
      487	2024-01-03 07:56:01	48	0	1	0
      487	2024-01-03 07:56:03	48	0	1	0
       59	2024-01-03 07:56:34	48	0	1	0
       59	2024-01-03 07:56:36	48	0	1	0
     1683	2024-01-03 07:56:42	48	0	1	0
     1683	2024-01-03 07:56:43	48	0	1	0
      891	2024-01-03 07:57:15	48	0	1	0
      891	2024-01-03 07:57:16	48	0	1	0
      891	2024-01-03 07:57:18	48	0	1	0
     1778	2024-01-03 07:57:33	48	0	1	0
     1778	2024-01-03 07:57:34	48	0	1	0
      283	2024-01-03 07:58:17	48	0	1	0
      283	2024-01-03 07:58:22	48	0	1	0
      283	2024-01-03 07:58:24	48	0	1	0
      494	2024-01-03 07:58:29	48	0	1	0
      494	2024-01-03 07:58:30	48	0	1	0
      404	2024-01-03 07:59:13	48	0	1	0
      404	2024-01-03 07:59:15	48	0	1	0
     1486	2024-01-03 08:00:21	48	0	1	0
     1486	2024-01-03 08:00:23	48	0	1	0
      331	2024-01-03 08:02:35	48	0	1	0
      331	2024-01-03 08:02:36	48	0	1	0
     1686	2024-01-03 08:03:30	48	0	1	0
     1686	2024-01-03 08:03:32	48	0	1	0
     2566	2024-01-03 08:06:37	48	0	1	0
     2566	2024-01-03 08:06:38	48	0	1	0
      889	2024-01-03 08:13:57	48	0	1	0
      889	2024-01-03 08:13:59	48	0	1	0
     1793	2024-01-03 11:00:04	48	1	1	0
     1793	2024-01-03 11:00:06	48	1	1	0
      487	2024-01-03 12:00:14	48	1	1	0
      487	2024-01-03 12:00:17	48	1	1	0
     2161	2024-01-03 12:00:21	48	1	1	0
      889	2024-01-03 12:00:26	48	1	1	0
      847	2024-01-03 12:00:32	48	1	1	0
      865	2024-01-03 12:00:36	48	1	1	0
      181	2024-01-03 12:00:43	48	1	1	0
      404	2024-01-03 12:00:53	48	1	1	0
     1486	2024-01-03 12:01:02	48	1	1	0
     1243	2024-01-03 12:01:09	48	1	1	0
      283	2024-01-03 12:01:37	48	1	1	0
      283	2024-01-03 12:01:38	48	1	1	0
     1686	2024-01-03 12:01:49	48	1	1	0
     2566	2024-01-03 12:02:36	48	1	1	0
     1683	2024-01-03 12:02:50	48	1	1	0
      487	2024-01-03 12:03:40	48	0	1	0
      487	2024-01-03 12:03:42	48	0	1	0
     1243	2024-01-03 12:04:16	48	0	1	0
      865	2024-01-03 12:04:29	48	0	1	0
      865	2024-01-03 12:04:30	48	0	1	0
     1486	2024-01-03 12:04:37	48	0	1	0
     2874	2024-01-03 12:04:54	48	1	1	0
      847	2024-01-03 12:05:33	48	0	1	0
     1778	2024-01-03 12:05:59	48	1	1	0
      181	2024-01-03 12:06:14	48	0	1	0
       59	2024-01-03 12:06:44	48	1	1	0
       59	2024-01-03 12:06:45	48	1	1	0
      582	2024-01-03 12:07:09	48	1	1	0
      154	2024-01-03 12:07:18	48	1	1	0
      404	2024-01-03 12:07:39	48	0	1	0
      154	2024-01-03 12:08:04	48	0	1	0
       59	2024-01-03 12:08:48	48	0	1	0
       59	2024-01-03 12:08:49	48	0	1	0
     2566	2024-01-03 12:09:10	48	0	1	0
      768	2024-01-03 12:09:28	48	1	1	0
     1778	2024-01-03 12:10:17	48	0	1	0
     2806	2024-01-03 12:10:26	48	1	1	0
      582	2024-01-03 12:10:37	48	0	1	0
      283	2024-01-03 12:10:47	48	0	1	0
      331	2024-01-03 12:15:26	48	1	1	0
     2161	2024-01-03 12:21:33	48	0	1	0
      331	2024-01-03 12:23:01	48	0	1	0
     1683	2024-01-03 12:23:36	48	0	1	0
     2874	2024-01-03 12:34:15	48	0	1	0
     1686	2024-01-03 12:36:15	48	0	1	0
     2806	2024-01-03 12:38:09	48	0	1	0
      891	2024-01-03 12:38:22	48	1	1	0
      494	2024-01-03 12:38:28	48	1	1	0
      889	2024-01-03 12:39:39	48	0	1	0
      768	2024-01-03 12:55:21	48	0	1	0
     2161	2024-01-03 17:00:02	48	1	1	0
      847	2024-01-03 17:00:06	48	1	1	0
      889	2024-01-03 17:00:10	48	1	1	0
      889	2024-01-03 17:00:12	48	1	1	0
      487	2024-01-03 17:00:18	48	1	1	0
      487	2024-01-03 17:00:20	48	1	1	0
      865	2024-01-03 17:00:24	48	1	1	0
      865	2024-01-03 17:00:25	48	1	1	0
      494	2024-01-03 17:00:30	48	1	1	0
     1686	2024-01-03 17:00:38	48	1	1	0
     1686	2024-01-03 17:00:40	48	1	1	0
      181	2024-01-03 17:00:45	48	1	1	0
      181	2024-01-03 17:00:48	48	1	1	0
      331	2024-01-03 17:00:58	48	1	1	0
      331	2024-01-03 17:01:00	48	1	1	0
     1778	2024-01-03 17:01:06	48	1	1	0
     1778	2024-01-03 17:01:08	48	1	1	0
     1486	2024-01-03 17:01:14	48	1	1	0
     1486	2024-01-03 17:01:15	48	1	1	0
     1486	2024-01-03 17:01:17	48	1	1	0
      891	2024-01-03 17:01:23	48	1	1	0
      891	2024-01-03 17:01:24	48	1	1	0
      283	2024-01-03 17:01:34	48	1	1	0
      283	2024-01-03 17:01:36	48	1	1	0
     2874	2024-01-03 17:01:43	48	1	1	0
     1683	2024-01-03 17:01:48	48	1	1	0
     1683	2024-01-03 17:01:50	48	1	1	0
      582	2024-01-03 17:01:54	48	1	1	0
      582	2024-01-03 17:01:59	48	1	1	0
      582	2024-01-03 17:02:01	48	1	1	0
     2874	2024-01-03 17:02:04	48	1	1	0
     2874	2024-01-03 17:02:05	48	1	1	0
     2806	2024-01-03 17:02:20	48	1	1	0
      154	2024-01-03 17:02:28	48	1	1	0
      768	2024-01-03 17:02:30	48	1	1	0
       59	2024-01-03 17:02:39	48	1	1	0
       59	2024-01-03 17:02:40	48	1	1	0
     1243	2024-01-03 17:03:05	48	1	1	0
     2566	2024-01-03 17:53:12	48	1	1	0
     2566	2024-01-03 17:53:14	48	1	1	0
     2874	2024-01-04 07:39:05	48	0	1	0
     2874	2024-01-04 07:39:07	48	0	1	0
      847	2024-01-04 07:39:13	48	0	1	0
     1262	2024-01-04 07:39:19	48	0	1	0
     1262	2024-01-04 07:39:20	48	0	1	0
       59	2024-01-04 07:40:47	48	0	1	0
       59	2024-01-04 07:40:49	48	0	1	0
      181	2024-01-04 07:41:18	48	0	1	0
      181	2024-01-04 07:41:24	48	0	1	0
      865	2024-01-04 07:42:33	48	0	1	0
      865	2024-01-04 07:42:35	48	0	1	0
      154	2024-01-04 07:48:12	48	0	1	0
      154	2024-01-04 07:48:19	48	0	1	0
      891	2024-01-04 07:48:23	48	0	1	0
      891	2024-01-04 07:48:25	48	0	1	0
      331	2024-01-04 07:48:41	48	0	1	0
      331	2024-01-04 07:48:42	48	0	1	0
      582	2024-01-04 07:52:05	48	0	1	0
      582	2024-01-04 07:52:06	48	0	1	0
     1778	2024-01-04 07:52:32	48	0	1	0
     1778	2024-01-04 07:52:34	48	0	1	0
     2566	2024-01-04 07:54:14	48	0	1	0
     2566	2024-01-04 07:54:16	48	0	1	0
     1793	2024-01-04 07:55:47	48	0	1	0
     1793	2024-01-04 07:55:49	48	0	1	0
      283	2024-01-04 07:59:02	48	0	1	0
      283	2024-01-04 07:59:03	48	0	1	0
      283	2024-01-04 07:59:04	48	0	1	0
      283	2024-01-04 07:59:06	48	0	1	0
      283	2024-01-04 07:59:15	48	0	1	0
     1683	2024-01-04 08:00:36	48	0	1	0
     1683	2024-01-04 08:00:38	48	0	1	0
     2806	2024-01-04 08:02:11	48	0	1	0
     2806	2024-01-04 08:02:15	48	0	1	0
     1486	2024-01-04 08:03:05	48	0	1	0
     1486	2024-01-04 08:03:27	48	0	1	0
      487	2024-01-04 08:08:19	48	0	1	0
      487	2024-01-04 08:08:21	48	0	1	0
      250	2024-01-04 08:09:54	48	0	1	0
      889	2024-01-04 08:11:59	48	0	1	0
      889	2024-01-04 08:12:00	48	0	1	0
      494	2024-01-04 08:24:42	48	0	1	0
      494	2024-01-04 08:24:44	48	0	1	0
      364	2024-01-04 08:36:54	48	0	1	0
      364	2024-01-04 08:36:56	48	0	1	0
     1243	2024-01-04 08:50:47	48	0	1	0
     2161	2024-01-04 12:00:08	48	1	1	0
     1793	2024-01-04 12:00:14	48	1	1	0
      181	2024-01-04 12:00:19	48	1	1	0
      487	2024-01-04 12:01:25	48	1	1	0
      487	2024-01-04 12:01:27	48	1	1	0
      250	2024-01-04 12:02:31	48	1	1	0
     1262	2024-01-04 12:03:33	48	1	1	0
      891	2024-01-04 12:03:41	48	1	1	0
      331	2024-01-04 12:04:17	48	1	1	0
     1793	2024-01-04 12:04:45	48	0	1	0
     1793	2024-01-04 12:04:47	48	0	1	0
     2161	2024-01-04 12:05:04	48	0	1	0
      494	2024-01-04 12:05:11	48	1	1	0
     1243	2024-01-04 12:08:24	48	1	1	0
      250	2024-01-04 12:08:32	48	0	1	0
      250	2024-01-04 12:08:33	48	0	1	0
      487	2024-01-04 12:10:06	48	0	1	0
      487	2024-01-04 12:10:08	48	0	1	0
     2566	2024-01-04 12:10:20	48	1	1	0
     2874	2024-01-04 12:10:42	48	1	1	0
      283	2024-01-04 12:10:52	48	1	1	0
      283	2024-01-04 12:10:54	48	1	1	0
      181	2024-01-04 12:11:40	48	0	1	0
     1486	2024-01-04 12:12:15	48	1	1	0
      889	2024-01-04 12:13:53	48	1	1	0
      404	2024-01-04 12:13:59	48	1	1	0
     2566	2024-01-04 12:14:43	48	0	1	0
     2806	2024-01-04 12:16:20	48	1	1	0
      283	2024-01-04 12:16:29	48	1	1	0
      283	2024-01-04 12:16:30	48	1	1	0
     1243	2024-01-04 12:16:54	48	0	1	0
      582	2024-01-04 12:17:03	48	1	1	0
     1486	2024-01-04 12:17:27	48	0	1	0
      582	2024-01-04 12:18:14	48	0	1	0
     2874	2024-01-04 12:18:26	48	0	1	0
      283	2024-01-04 12:22:31	48	0	1	0
      283	2024-01-04 12:22:34	48	0	1	0
      889	2024-01-04 12:25:04	48	0	1	0
      847	2024-01-04 12:26:36	48	1	1	0
      154	2024-01-04 12:28:32	48	1	1	0
      364	2024-01-04 12:28:38	48	1	1	0
      364	2024-01-04 12:28:40	48	1	1	0
     1262	2024-01-04 12:28:50	48	0	1	0
     1262	2024-01-04 12:28:51	48	0	1	0
      364	2024-01-04 12:29:03	48	0	1	0
      364	2024-01-04 12:29:05	48	0	1	0
      768	2024-01-04 12:29:39	48	1	1	0
      404	2024-01-04 12:30:19	48	0	1	0
     1683	2024-01-04 12:30:42	48	1	1	0
      331	2024-01-04 12:30:51	48	0	1	0
      768	2024-01-04 12:32:20	48	0	1	0
       59	2024-01-04 12:33:03	48	1	1	0
       59	2024-01-04 12:33:04	48	1	1	0
      154	2024-01-04 12:33:15	48	0	1	0
      865	2024-01-04 12:33:23	48	1	1	0
      847	2024-01-04 12:33:47	48	0	1	0
       59	2024-01-04 12:35:07	48	0	1	0
       59	2024-01-04 12:35:09	48	0	1	0
     1683	2024-01-04 12:35:46	48	0	1	0
      865	2024-01-04 12:36:00	48	0	1	0
      865	2024-01-04 12:36:02	48	0	1	0
     2806	2024-01-04 12:36:25	48	0	1	0
      891	2024-01-04 12:38:05	48	0	1	0
      494	2024-01-04 12:38:13	48	0	1	0
      283	2024-01-04 12:57:23	48	0	1	0
     1518	2024-01-04 12:57:41	48	1	1	0
     1518	2024-01-04 12:57:43	48	1	1	0
     1518	2024-01-04 12:58:35	48	0	1	0
     1518	2024-01-04 12:58:37	48	0	1	0
      494	2024-01-04 15:55:09	48	1	1	0
     2161	2024-01-04 17:00:02	48	1	1	0
      364	2024-01-04 17:00:06	48	1	1	0
      364	2024-01-04 17:00:08	48	1	1	0
      487	2024-01-04 17:00:13	48	1	1	0
      487	2024-01-04 17:00:15	48	1	1	0
      250	2024-01-04 17:00:19	48	1	1	0
      250	2024-01-04 17:00:20	48	1	1	0
      181	2024-01-04 17:00:24	48	1	1	0
      181	2024-01-04 17:00:26	48	1	1	0
      889	2024-01-04 17:00:30	48	1	1	0
      889	2024-01-04 17:00:32	48	1	1	0
      283	2024-01-04 17:00:38	48	1	1	0
      283	2024-01-04 17:00:41	48	1	1	0
      865	2024-01-04 17:00:44	48	1	1	0
      865	2024-01-04 17:00:45	48	1	1	0
     1793	2024-01-04 17:00:49	48	1	1	0
     1793	2024-01-04 17:00:51	48	1	1	0
      331	2024-01-04 17:00:57	48	1	1	0
      331	2024-01-04 17:00:59	48	1	1	0
     1262	2024-01-04 17:01:08	48	1	1	0
     1262	2024-01-04 17:01:09	48	1	1	0
       59	2024-01-04 17:01:17	48	1	1	0
       59	2024-01-04 17:01:18	48	1	1	0
     1518	2024-01-04 17:01:23	48	1	1	0
     1518	2024-01-04 17:01:25	48	1	1	0
     1243	2024-01-04 17:01:31	48	1	1	0
      847	2024-01-04 17:01:37	48	1	1	0
     2566	2024-01-04 17:01:41	48	1	1	0
     1778	2024-01-04 17:01:44	48	1	1	0
     1778	2024-01-04 17:01:45	48	1	1	0
      582	2024-01-04 17:01:48	48	1	1	0
      582	2024-01-04 17:01:49	48	1	1	0
     1486	2024-01-04 17:01:59	48	1	1	0
     1486	2024-01-04 17:02:01	48	1	1	0
     2806	2024-01-04 17:02:07	48	1	1	0
      768	2024-01-04 17:02:15	48	1	1	0
     1683	2024-01-04 17:02:19	48	1	1	0
     1683	2024-01-04 17:02:21	48	1	1	0
      154	2024-01-04 17:02:25	48	1	1	0
     2874	2024-01-04 17:02:33	48	1	1	0
     2874	2024-01-04 17:02:34	48	1	1	0
     1792	2024-01-04 17:02:40	48	1	1	0
      891	2024-01-04 17:02:48	48	1	1	0
      891	2024-01-04 17:02:49	48	1	1	0
      891	2024-01-04 17:02:53	48	1	1	0
      865	2024-01-05 07:32:28	48	0	1	0
      865	2024-01-05 07:32:29	48	0	1	0
     1686	2024-01-05 07:41:25	48	0	1	0
     1686	2024-01-05 07:41:27	48	0	1	0
     2874	2024-01-05 07:41:47	48	0	1	0
     2874	2024-01-05 07:41:48	48	0	1	0
     2806	2024-01-05 07:45:40	48	0	1	0
     1243	2024-01-05 07:49:11	48	0	1	0
     1793	2024-01-05 07:51:11	48	0	1	0
     1793	2024-01-05 07:51:12	48	0	1	0
      891	2024-01-05 07:51:39	48	0	1	0
      891	2024-01-05 07:51:40	48	0	1	0
      891	2024-01-05 07:51:42	48	0	1	0
      582	2024-01-05 07:52:56	48	0	1	0
      154	2024-01-05 07:53:09	48	0	1	0
      889	2024-01-05 07:56:35	48	0	1	0
      889	2024-01-05 07:56:37	48	0	1	0
      889	2024-01-05 07:56:41	48	0	1	0
     1486	2024-01-05 07:56:54	48	0	1	0
     1486	2024-01-05 07:56:58	48	0	1	0
     1486	2024-01-05 07:57:01	48	0	1	0
     1683	2024-01-05 08:00:10	48	0	1	0
     1683	2024-01-05 08:00:11	48	0	1	0
     1778	2024-01-05 08:01:52	48	0	1	0
      404	2024-01-05 08:02:05	48	0	1	0
      404	2024-01-05 08:02:06	48	0	1	0
       59	2024-01-05 08:03:31	48	0	1	0
       59	2024-01-05 08:03:33	48	0	1	0
      283	2024-01-05 08:04:34	48	0	1	0
      283	2024-01-05 08:04:38	48	0	1	0
      283	2024-01-05 08:04:39	48	0	1	0
      331	2024-01-05 08:06:47	48	0	1	0
      331	2024-01-05 08:06:48	48	0	1	0
      283	2024-01-05 08:06:53	48	0	1	0
      283	2024-01-05 08:06:55	48	0	1	0
      981	2024-01-05 08:08:11	48	0	1	0
      981	2024-01-05 08:08:12	48	0	1	0
     2566	2024-01-05 08:09:43	48	0	1	0
     2566	2024-01-05 08:09:45	48	0	1	0
      283	2024-01-05 08:25:51	48	0	1	0
      364	2024-01-05 08:27:34	48	0	1	0
      364	2024-01-05 08:27:36	48	0	1	0
      847	2024-01-05 08:44:42	48	0	1	0
     2161	2024-01-05 12:00:04	48	1	1	0
     1793	2024-01-05 12:00:07	48	1	1	0
     1793	2024-01-05 12:00:09	48	1	1	0
     1486	2024-01-05 12:00:15	48	1	1	0
     1686	2024-01-05 12:00:49	48	1	1	0
      582	2024-01-05 12:01:16	48	1	1	0
      865	2024-01-05 12:01:58	48	1	1	0
     1778	2024-01-05 12:02:01	48	1	1	0
      582	2024-01-05 12:02:10	48	0	1	0
       59	2024-01-05 12:02:40	48	1	1	0
       59	2024-01-05 12:02:42	48	1	1	0
      404	2024-01-05 12:04:39	48	1	1	0
     1793	2024-01-05 12:05:07	48	0	1	0
     1793	2024-01-05 12:05:09	48	0	1	0
      865	2024-01-05 12:06:06	48	0	1	0
      865	2024-01-05 12:06:08	48	0	1	0
     1243	2024-01-05 12:06:27	48	1	1	0
      768	2024-01-05 12:06:52	48	1	1	0
     1778	2024-01-05 12:07:05	48	1	1	0
     2161	2024-01-05 12:07:32	48	0	1	0
     1778	2024-01-05 12:08:18	48	0	1	0
     1778	2024-01-05 12:08:21	48	0	1	0
      891	2024-01-05 12:08:28	48	1	1	0
      891	2024-01-05 12:08:29	48	1	1	0
      364	2024-01-05 12:08:39	48	1	1	0
      364	2024-01-05 12:08:40	48	1	1	0
       59	2024-01-05 12:08:51	48	0	1	0
       59	2024-01-05 12:08:53	48	0	1	0
      404	2024-01-05 12:11:17	48	0	1	0
     1243	2024-01-05 12:11:33	48	0	1	0
     2806	2024-01-05 12:13:54	48	1	1	0
      768	2024-01-05 12:16:08	48	0	1	0
      891	2024-01-05 12:26:19	48	0	1	0
     1683	2024-01-05 12:27:18	48	1	1	0
      889	2024-01-05 12:30:18	48	1	1	0
      331	2024-01-05 12:30:37	48	1	1	0
     2874	2024-01-05 12:30:45	48	1	1	0
      981	2024-01-05 12:30:52	48	1	1	0
     2566	2024-01-05 12:30:58	48	1	1	0
     1518	2024-01-05 12:31:05	48	1	1	0
     1518	2024-01-05 12:31:06	48	1	1	0
      889	2024-01-05 12:32:09	48	0	1	0
      981	2024-01-05 12:33:01	48	0	1	0
      154	2024-01-05 12:33:59	48	1	1	0
     2806	2024-01-05 12:36:11	48	0	1	0
      154	2024-01-05 12:36:51	48	0	1	0
      331	2024-01-05 12:41:37	48	0	1	0
     1683	2024-01-05 12:44:21	48	0	1	0
     2874	2024-01-05 12:46:01	48	0	1	0
      847	2024-01-05 12:46:48	48	1	1	0
     2566	2024-01-05 12:47:12	48	0	1	0
      283	2024-01-05 12:47:15	48	0	1	0
      283	2024-01-05 12:47:18	48	0	1	0
     2566	2024-01-05 12:47:24	48	0	1	0
     1518	2024-01-05 12:47:39	48	0	1	0
     1518	2024-01-05 12:47:40	48	0	1	0
      364	2024-01-05 12:49:14	48	0	1	0
      364	2024-01-05 12:49:17	48	0	1	0
      847	2024-01-05 12:49:23	48	0	1	0
     1486	2024-01-05 12:49:29	48	0	1	0
      487	2024-01-05 12:50:11	48	0	1	0
      487	2024-01-05 12:50:13	48	0	1	0
      283	2024-01-05 12:50:36	48	0	1	0
      283	2024-01-05 12:50:40	48	0	1	0
      889	2024-01-05 17:00:03	48	1	1	0
      889	2024-01-05 17:00:05	48	1	1	0
     2566	2024-01-05 17:00:10	48	1	1	0
     2566	2024-01-05 17:00:11	48	1	1	0
      981	2024-01-05 17:00:13	48	1	1	0
      981	2024-01-05 17:00:15	48	1	1	0
     2161	2024-01-05 17:00:18	48	1	1	0
      487	2024-01-05 17:00:24	48	1	1	0
      487	2024-01-05 17:00:26	48	1	1	0
      283	2024-01-05 17:00:37	48	1	1	0
      283	2024-01-05 17:00:42	48	1	1	0
      865	2024-01-05 17:00:44	48	1	1	0
      865	2024-01-05 17:00:45	48	1	1	0
     1793	2024-01-05 17:00:51	48	1	1	0
     1793	2024-01-05 17:00:53	48	1	1	0
      331	2024-01-05 17:00:57	48	1	1	0
      331	2024-01-05 17:00:58	48	1	1	0
      582	2024-01-05 17:01:04	48	1	1	0
     1778	2024-01-05 17:01:08	48	1	1	0
     1778	2024-01-05 17:01:10	48	1	1	0
     1518	2024-01-05 17:01:15	48	1	1	0
     1518	2024-01-05 17:01:16	48	1	1	0
     2874	2024-01-05 17:01:22	48	1	1	0
     2874	2024-01-05 17:01:24	48	1	1	0
     1486	2024-01-05 17:01:29	48	1	1	0
     1486	2024-01-05 17:01:31	48	1	1	0
       59	2024-01-05 17:01:37	48	1	1	0
       59	2024-01-05 17:01:39	48	1	1	0
     1243	2024-01-05 17:01:44	48	1	1	0
      364	2024-01-05 17:01:51	48	1	1	0
      364	2024-01-05 17:01:52	48	1	1	0
      768	2024-01-05 17:01:54	48	1	1	0
      768	2024-01-05 17:01:55	48	1	1	0
     1683	2024-01-05 17:02:02	48	1	1	0
     1683	2024-01-05 17:02:03	48	1	1	0
     2806	2024-01-05 17:02:12	48	1	1	0
      404	2024-01-05 17:02:22	48	1	1	0
      404	2024-01-05 17:02:24	48	1	1	0
      154	2024-01-05 17:02:47	48	1	1	0
      283	2024-01-05 17:03:39	48	1	1	0
      283	2024-01-05 17:05:27	48	1	1	0
      181	2024-01-08 06:40:23	48	0	1	0
      181	2024-01-08 06:40:26	48	0	1	0
     1262	2024-01-08 07:14:01	48	0	1	0
     1262	2024-01-08 07:14:02	48	0	1	0
      865	2024-01-08 07:32:19	48	0	1	0
      865	2024-01-08 07:32:21	48	0	1	0
     1686	2024-01-08 07:33:44	48	0	1	0
     1686	2024-01-08 07:33:47	48	0	1	0
      494	2024-01-08 07:35:02	48	0	1	0
      494	2024-01-08 07:35:05	48	0	1	0
      847	2024-01-08 07:38:32	48	0	1	0
     2874	2024-01-08 07:42:24	48	0	1	0
     2874	2024-01-08 07:42:25	48	0	1	0
     1778	2024-01-08 07:44:36	48	0	1	0
     1778	2024-01-08 07:44:38	48	0	1	0
      582	2024-01-08 07:51:13	48	0	1	0
     1486	2024-01-08 07:51:20	48	0	1	0
     1486	2024-01-08 07:51:22	48	0	1	0
      154	2024-01-08 07:51:29	48	0	1	0
      891	2024-01-08 07:52:32	48	0	1	0
      891	2024-01-08 07:52:33	48	0	1	0
      891	2024-01-08 07:52:35	48	0	1	0
     1243	2024-01-08 07:53:31	48	0	1	0
     1793	2024-01-08 07:54:08	48	0	1	0
     1793	2024-01-08 07:54:10	48	0	1	0
      364	2024-01-08 07:56:18	48	0	1	0
      364	2024-01-08 07:56:19	48	0	1	0
      487	2024-01-08 07:56:46	48	0	1	0
      487	2024-01-08 07:56:47	48	0	1	0
     2806	2024-01-08 07:58:54	48	0	1	0
     2806	2024-01-08 07:59:01	48	0	1	0
     1683	2024-01-08 07:59:33	48	0	1	0
     1683	2024-01-08 07:59:34	48	0	1	0
      404	2024-01-08 08:00:07	48	0	1	0
      404	2024-01-08 08:00:09	48	0	1	0
     1518	2024-01-08 08:00:42	48	0	1	0
       59	2024-01-08 08:00:50	48	0	1	0
       59	2024-01-08 08:00:51	48	0	1	0
     1518	2024-01-08 08:00:58	48	0	1	0
     1792	2024-01-08 08:02:47	48	0	1	0
      250	2024-01-08 08:02:51	48	0	1	0
      250	2024-01-08 08:02:52	48	0	1	0
     2566	2024-01-08 08:10:38	48	0	1	0
     2566	2024-01-08 08:10:40	48	0	1	0
      331	2024-01-08 08:14:35	48	0	1	0
      331	2024-01-08 08:14:36	48	0	1	0
      981	2024-01-08 08:29:39	48	0	1	0
      981	2024-01-08 08:29:41	48	0	1	0
      768	2024-01-08 08:30:51	48	0	1	0
      768	2024-01-08 08:30:52	48	0	1	0
     1778	2024-01-08 12:01:04	48	1	1	0
     2566	2024-01-08 12:01:14	48	1	1	0
      865	2024-01-08 12:01:18	48	1	1	0
      250	2024-01-08 12:01:22	48	1	1	0
      250	2024-01-08 12:01:23	48	1	1	0
       59	2024-01-08 12:01:30	48	1	1	0
       59	2024-01-08 12:01:31	48	1	1	0
     1683	2024-01-08 12:01:36	48	1	1	0
      181	2024-01-08 12:01:42	48	1	1	0
     2161	2024-01-08 12:01:45	48	1	1	0
     1793	2024-01-08 12:01:48	48	1	1	0
      364	2024-01-08 12:02:10	48	1	1	0
     1243	2024-01-08 12:03:02	48	1	1	0
      364	2024-01-08 12:03:07	48	0	1	0
      865	2024-01-08 12:03:17	48	0	1	0
      865	2024-01-08 12:03:19	48	0	1	0
     1683	2024-01-08 12:03:26	48	0	1	0
     1686	2024-01-08 12:03:36	48	1	1	0
      250	2024-01-08 12:03:58	48	0	1	0
      250	2024-01-08 12:03:59	48	0	1	0
     2566	2024-01-08 12:04:11	48	0	1	0
     1778	2024-01-08 12:04:48	48	0	1	0
     1793	2024-01-08 12:05:20	48	0	1	0
     1793	2024-01-08 12:05:21	48	0	1	0
      331	2024-01-08 12:05:30	48	1	1	0
     1243	2024-01-08 12:08:13	48	0	1	0
     1262	2024-01-08 12:08:38	48	1	1	0
     1262	2024-01-08 12:08:39	48	1	1	0
      404	2024-01-08 12:09:28	48	1	1	0
      181	2024-01-08 12:09:41	48	0	1	0
     2806	2024-01-08 12:09:55	48	1	1	0
     2161	2024-01-08 12:10:09	48	0	1	0
      331	2024-01-08 12:10:39	48	0	1	0
      154	2024-01-08 12:12:16	48	1	1	0
     1486	2024-01-08 12:12:40	48	1	1	0
      847	2024-01-08 12:12:46	48	1	1	0
     1792	2024-01-08 12:12:55	48	1	1	0
       59	2024-01-08 12:14:43	48	0	1	0
       59	2024-01-08 12:14:49	48	0	1	0
      847	2024-01-08 12:15:11	48	0	1	0
      154	2024-01-08 12:15:54	48	0	1	0
      404	2024-01-08 12:18:48	48	0	1	0
      494	2024-01-08 12:19:10	48	1	1	0
      891	2024-01-08 12:19:28	48	1	1	0
     1792	2024-01-08 12:21:10	48	0	1	0
     1486	2024-01-08 12:21:18	48	0	1	0
     1486	2024-01-08 12:21:20	48	0	1	0
      981	2024-01-08 12:21:27	48	1	1	0
     2874	2024-01-08 12:21:31	48	1	1	0
     2806	2024-01-08 12:22:13	48	0	1	0
      326	2024-01-08 12:22:29	48	1	1	0
      326	2024-01-08 12:22:31	48	1	1	0
      981	2024-01-08 12:24:20	48	0	1	0
     1518	2024-01-08 12:24:33	48	1	1	0
      326	2024-01-08 12:25:26	48	0	1	0
      326	2024-01-08 12:25:28	48	0	1	0
     1686	2024-01-08 12:28:37	48	0	1	0
     1518	2024-01-08 12:29:09	48	0	1	0
     1518	2024-01-08 12:29:11	48	0	1	0
     2874	2024-01-08 12:37:07	48	0	1	0
      768	2024-01-08 12:38:56	48	1	1	0
     1262	2024-01-08 12:40:13	48	0	1	0
      768	2024-01-08 12:40:21	48	0	1	0
     1518	2024-01-08 12:40:27	48	0	1	0
      582	2024-01-08 12:48:53	48	1	1	0
      494	2024-01-08 12:54:00	48	0	1	0
      891	2024-01-08 12:54:16	48	0	1	0
      582	2024-01-08 12:55:28	48	1	1	0
      487	2024-01-08 12:59:00	48	1	1	0
      487	2024-01-08 12:59:05	48	1	1	0
      487	2024-01-08 13:00:17	48	0	1	0
      487	2024-01-08 13:00:21	48	0	1	0
      487	2024-01-08 15:10:32	48	1	1	0
      487	2024-01-08 15:10:34	48	1	1	0
      891	2024-01-08 15:46:40	48	1	1	0
      891	2024-01-08 15:46:43	48	1	1	0
      891	2024-01-08 15:46:45	48	1	1	0
      364	2024-01-08 17:00:06	48	1	1	0
      364	2024-01-08 17:00:08	48	1	1	0
     2161	2024-01-08 17:00:13	48	1	1	0
      331	2024-01-08 17:00:16	48	1	1	0
      331	2024-01-08 17:00:18	48	1	1	0
     1793	2024-01-08 17:00:20	48	1	1	0
     1793	2024-01-08 17:00:22	48	1	1	0
      250	2024-01-08 17:00:26	48	1	1	0
      250	2024-01-08 17:00:27	48	1	1	0
      847	2024-01-08 17:00:30	48	1	1	0
      981	2024-01-08 17:00:33	48	1	1	0
      181	2024-01-08 17:00:39	48	1	1	0
      181	2024-01-08 17:00:40	48	1	1	0
      865	2024-01-08 17:00:42	48	1	1	0
      865	2024-01-08 17:00:43	48	1	1	0
      326	2024-01-08 17:00:45	48	1	1	0
      326	2024-01-08 17:00:47	48	1	1	0
     1243	2024-01-08 17:00:52	48	1	1	0
     1683	2024-01-08 17:00:57	48	1	1	0
     1683	2024-01-08 17:00:58	48	1	1	0
     1518	2024-01-08 17:01:03	48	1	1	0
     1518	2024-01-08 17:01:05	48	1	1	0
      494	2024-01-08 17:01:08	48	1	1	0
      494	2024-01-08 17:01:09	48	1	1	0
     1778	2024-01-08 17:01:15	48	1	1	0
       59	2024-01-08 17:01:21	48	1	1	0
       59	2024-01-08 17:01:26	48	1	1	0
     1778	2024-01-08 17:01:32	48	1	1	0
      981	2024-01-08 17:01:35	48	1	1	0
      981	2024-01-08 17:01:37	48	1	1	0
     2566	2024-01-08 17:01:41	48	1	1	0
     2566	2024-01-08 17:01:42	48	1	1	0
     1262	2024-01-08 17:01:48	48	1	1	0
     1262	2024-01-08 17:01:50	48	1	1	0
      404	2024-01-08 17:01:59	48	1	1	0
      404	2024-01-08 17:02:01	48	1	1	0
     1792	2024-01-08 17:02:08	48	1	1	0
     1486	2024-01-08 17:02:19	48	1	1	0
     1486	2024-01-08 17:02:20	48	1	1	0
     2806	2024-01-08 17:02:26	48	1	1	0
     2874	2024-01-08 17:02:34	48	1	1	0
     2874	2024-01-08 17:02:36	48	1	1	0
      768	2024-01-08 17:02:41	48	1	1	0
      154	2024-01-08 17:10:23	48	1	1	0
      181	2024-01-09 06:45:35	48	0	1	0
      181	2024-01-09 06:45:40	48	0	1	0
     1262	2024-01-09 07:17:02	48	0	1	0
     1262	2024-01-09 07:17:03	48	0	1	0
      865	2024-01-09 07:29:19	48	0	1	0
      865	2024-01-09 07:29:20	48	0	1	0
      768	2024-01-09 07:45:11	48	0	1	0
      768	2024-01-09 07:45:12	48	0	1	0
      891	2024-01-09 07:47:03	48	0	1	0
      891	2024-01-09 07:47:05	48	0	1	0
     2874	2024-01-09 07:49:29	48	0	1	0
     2874	2024-01-09 07:49:32	48	0	1	0
      847	2024-01-09 07:50:08	48	0	1	0
     1778	2024-01-09 07:51:46	48	0	1	0
     1778	2024-01-09 07:51:48	48	0	1	0
      250	2024-01-09 07:52:43	48	0	1	0
      250	2024-01-09 07:52:44	48	0	1	0
      364	2024-01-09 07:54:15	48	0	1	0
      364	2024-01-09 07:54:17	48	0	1	0
      981	2024-01-09 07:55:04	48	0	1	0
      981	2024-01-09 07:55:06	48	0	1	0
      154	2024-01-09 07:55:19	48	0	1	0
     2806	2024-01-09 07:56:39	48	0	1	0
      331	2024-01-09 07:57:07	48	0	1	0
      331	2024-01-09 07:57:08	48	0	1	0
      582	2024-01-09 07:57:56	48	0	1	0
      582	2024-01-09 07:57:57	48	0	1	0
     1683	2024-01-09 07:58:03	48	0	1	0
     1683	2024-01-09 07:58:04	48	0	1	0
      494	2024-01-09 07:59:03	48	0	1	0
      494	2024-01-09 07:59:05	48	0	1	0
     1793	2024-01-09 07:59:44	48	0	1	0
     1793	2024-01-09 07:59:45	48	0	1	0
     2566	2024-01-09 08:03:57	48	0	1	0
     2566	2024-01-09 08:03:59	48	0	1	0
     1243	2024-01-09 08:04:04	48	0	1	0
      889	2024-01-09 08:08:27	48	0	1	0
      889	2024-01-09 08:08:29	48	0	1	0
     1792	2024-01-09 08:09:00	48	0	1	0
      283	2024-01-09 08:10:08	48	0	1	0
      283	2024-01-09 08:10:09	48	0	1	0
      283	2024-01-09 08:10:13	48	0	1	0
       59	2024-01-09 08:14:04	48	0	1	0
       59	2024-01-09 08:14:17	48	0	1	0
      283	2024-01-09 08:14:39	48	0	1	0
     1518	2024-01-09 08:21:40	48	0	1	0
     1518	2024-01-09 08:21:42	48	0	1	0
     1793	2024-01-09 12:00:07	48	1	1	0
     1793	2024-01-09 12:00:08	48	1	1	0
      889	2024-01-09 12:00:13	48	1	1	0
     1778	2024-01-09 12:00:19	48	1	1	0
      865	2024-01-09 12:00:22	48	1	1	0
      865	2024-01-09 12:00:23	48	1	1	0
      250	2024-01-09 12:00:31	48	1	1	0
      250	2024-01-09 12:00:32	48	1	1	0
      326	2024-01-09 12:00:50	48	1	1	0
      326	2024-01-09 12:00:51	48	1	1	0
       59	2024-01-09 12:01:50	48	1	1	0
       59	2024-01-09 12:01:56	48	1	1	0
     1778	2024-01-09 12:02:07	48	0	1	0
     2161	2024-01-09 12:02:27	48	1	1	0
      582	2024-01-09 12:03:01	48	1	1	0
      331	2024-01-09 12:03:10	48	1	1	0
      865	2024-01-09 12:03:19	48	0	1	0
     2566	2024-01-09 12:03:27	48	1	1	0
     1793	2024-01-09 12:03:36	48	0	1	0
     1793	2024-01-09 12:03:37	48	0	1	0
     1518	2024-01-09 12:03:45	48	1	1	0
     1518	2024-01-09 12:03:46	48	1	1	0
     1243	2024-01-09 12:03:53	48	1	1	0
     2874	2024-01-09 12:04:01	48	1	1	0
      981	2024-01-09 12:04:11	48	1	1	0
      181	2024-01-09 12:04:18	48	1	1	0
      250	2024-01-09 12:04:26	48	0	1	0
      250	2024-01-09 12:04:28	48	0	1	0
      582	2024-01-09 12:07:07	48	0	1	0
     1243	2024-01-09 12:07:17	48	0	1	0
     1792	2024-01-09 12:07:44	48	1	1	0
     2161	2024-01-09 12:09:07	48	0	1	0
      891	2024-01-09 12:09:33	48	1	1	0
      364	2024-01-09 12:09:59	48	1	1	0
     1683	2024-01-09 12:10:07	48	1	1	0
      181	2024-01-09 12:10:17	48	0	1	0
      768	2024-01-09 12:10:24	48	1	1	0
     1262	2024-01-09 12:10:30	48	1	1	0
     1262	2024-01-09 12:10:32	48	1	1	0
      981	2024-01-09 12:11:14	48	0	1	0
     1518	2024-01-09 12:11:43	48	0	1	0
     1518	2024-01-09 12:11:45	48	0	1	0
     2566	2024-01-09 12:12:01	48	0	1	0
      283	2024-01-09 12:12:26	48	1	1	0
      283	2024-01-09 12:12:27	48	1	1	0
      364	2024-01-09 12:12:46	48	0	1	0
      364	2024-01-09 12:12:47	48	0	1	0
      768	2024-01-09 12:13:14	48	0	1	0
      331	2024-01-09 12:13:45	48	0	1	0
      889	2024-01-09 12:14:05	48	0	1	0
     1792	2024-01-09 12:14:30	48	0	1	0
     2806	2024-01-09 12:16:36	48	1	1	0
      847	2024-01-09 12:17:39	48	1	1	0
      154	2024-01-09 12:19:08	48	1	1	0
      847	2024-01-09 12:21:32	48	0	1	0
     1683	2024-01-09 12:21:49	48	0	1	0
     2874	2024-01-09 12:24:32	48	0	1	0
       59	2024-01-09 12:24:48	48	0	1	0
       59	2024-01-09 12:24:50	48	0	1	0
      404	2024-01-09 12:25:01	48	1	1	0
      154	2024-01-09 12:25:32	48	0	1	0
      494	2024-01-09 12:28:15	48	1	1	0
     2806	2024-01-09 12:28:44	48	0	1	0
      326	2024-01-09 12:28:59	48	0	1	0
      326	2024-01-09 12:29:00	48	0	1	0
      404	2024-01-09 12:30:57	48	0	1	0
      283	2024-01-09 12:34:40	48	1	1	0
      891	2024-01-09 12:34:46	48	0	1	0
      283	2024-01-09 12:42:20	48	0	1	0
      283	2024-01-09 12:42:21	48	0	1	0
      283	2024-01-09 12:52:32	48	0	1	0
     2161	2024-01-09 17:00:04	48	1	1	0
      404	2024-01-09 17:00:15	48	1	1	0
      404	2024-01-09 17:00:17	48	1	1	0
      181	2024-01-09 17:00:22	48	1	1	0
      181	2024-01-09 17:00:24	48	1	1	0
     1243	2024-01-09 17:00:29	48	1	1	0
      582	2024-01-09 17:00:33	48	1	1	0
      582	2024-01-09 17:00:35	48	1	1	0
      250	2024-01-09 17:00:37	48	1	1	0
      250	2024-01-09 17:00:39	48	1	1	0
      889	2024-01-09 17:00:41	48	1	1	0
      889	2024-01-09 17:00:43	48	1	1	0
     2566	2024-01-09 17:00:46	48	1	1	0
     2566	2024-01-09 17:00:47	48	1	1	0
      981	2024-01-09 17:00:50	48	1	1	0
      981	2024-01-09 17:00:53	48	1	1	0
     1793	2024-01-09 17:00:58	48	1	1	0
     1793	2024-01-09 17:01:00	48	1	1	0
      494	2024-01-09 17:01:04	48	1	1	0
      494	2024-01-09 17:01:06	48	1	1	0
      847	2024-01-09 17:01:12	48	1	1	0
     1262	2024-01-09 17:01:18	48	1	1	0
     1262	2024-01-09 17:01:19	48	1	1	0
     1778	2024-01-09 17:01:24	48	1	1	0
     1778	2024-01-09 17:01:26	48	1	1	0
     1518	2024-01-09 17:01:32	48	1	1	0
     1518	2024-01-09 17:01:33	48	1	1	0
      326	2024-01-09 17:01:36	48	1	1	0
      326	2024-01-09 17:01:38	48	1	1	0
      364	2024-01-09 17:01:43	48	1	1	0
      364	2024-01-09 17:01:45	48	1	1	0
     2806	2024-01-09 17:01:51	48	1	1	0
      331	2024-01-09 17:01:59	48	1	1	0
      331	2024-01-09 17:02:00	48	1	1	0
      891	2024-01-09 17:02:07	48	1	1	0
      891	2024-01-09 17:02:08	48	1	1	0
      891	2024-01-09 17:02:10	48	1	1	0
     1792	2024-01-09 17:02:15	48	1	1	0
     2874	2024-01-09 17:02:22	48	1	1	0
     2874	2024-01-09 17:02:23	48	1	1	0
     1683	2024-01-09 17:02:28	48	1	1	0
     1683	2024-01-09 17:02:30	48	1	1	0
       59	2024-01-09 17:02:38	48	1	1	0
       59	2024-01-09 17:02:43	48	1	1	0
      283	2024-01-09 17:02:50	48	1	1	0
      283	2024-01-09 17:02:52	48	1	1	0
      154	2024-01-09 17:03:06	48	1	1	0
      768	2024-01-09 17:03:14	48	1	1	0
      865	2024-01-09 17:03:20	48	1	1	0
      865	2024-01-09 17:03:21	48	1	1	0
      181	2024-01-10 06:40:38	48	0	1	0
      181	2024-01-10 06:40:43	48	0	1	0
     1262	2024-01-10 07:20:46	48	0	1	0
     1262	2024-01-10 07:20:47	48	0	1	0
      494	2024-01-10 07:35:32	48	0	1	0
      494	2024-01-10 07:35:34	48	0	1	0
      331	2024-01-10 07:35:42	48	0	1	0
      331	2024-01-10 07:35:44	48	0	1	0
      250	2024-01-10 07:36:02	48	0	1	0
      250	2024-01-10 07:36:03	48	0	1	0
      847	2024-01-10 07:36:29	48	0	1	0
      865	2024-01-10 07:36:57	48	0	1	0
      865	2024-01-10 07:36:58	48	0	1	0
     1778	2024-01-10 07:42:58	48	0	1	0
     1778	2024-01-10 07:43:05	48	0	1	0
      364	2024-01-10 07:43:42	48	0	1	0
      364	2024-01-10 07:43:44	48	0	1	0
      154	2024-01-10 07:46:37	48	0	1	0
      154	2024-01-10 07:46:39	48	0	1	0
     1243	2024-01-10 07:47:03	48	0	1	0
      891	2024-01-10 07:47:49	48	0	1	0
      891	2024-01-10 07:47:51	48	0	1	0
     2874	2024-01-10 07:49:05	48	0	1	0
     2874	2024-01-10 07:49:07	48	0	1	0
       59	2024-01-10 07:53:16	48	0	1	0
       59	2024-01-10 07:53:17	48	0	1	0
     1793	2024-01-10 07:53:46	48	0	1	0
     1793	2024-01-10 07:53:48	48	0	1	0
      582	2024-01-10 07:55:48	48	0	1	0
      582	2024-01-10 07:55:50	48	0	1	0
      981	2024-01-10 07:55:54	48	0	1	0
      981	2024-01-10 07:55:56	48	0	1	0
      487	2024-01-10 07:56:43	48	0	1	0
      487	2024-01-10 07:56:45	48	0	1	0
      283	2024-01-10 07:57:06	48	0	1	0
      283	2024-01-10 07:57:13	48	0	1	0
      283	2024-01-10 07:57:17	48	0	1	0
     1683	2024-01-10 07:57:44	48	0	1	0
     1683	2024-01-10 07:57:46	48	0	1	0
     1518	2024-01-10 07:58:36	48	0	1	0
     1518	2024-01-10 07:58:38	48	0	1	0
     2806	2024-01-10 07:58:44	48	0	1	0
      768	2024-01-10 07:58:49	48	0	1	0
      768	2024-01-10 07:58:51	48	0	1	0
     1486	2024-01-10 08:01:52	48	0	1	0
     1486	2024-01-10 08:01:54	48	0	1	0
      889	2024-01-10 08:05:46	48	0	1	0
      889	2024-01-10 08:05:49	48	0	1	0
     2566	2024-01-10 08:15:00	48	0	1	0
     2566	2024-01-10 08:15:02	48	0	1	0
     1793	2024-01-10 12:00:06	48	1	1	0
     1793	2024-01-10 12:00:07	48	1	1	0
      865	2024-01-10 12:00:23	48	1	1	0
     1778	2024-01-10 12:00:36	48	1	1	0
      891	2024-01-10 12:01:31	48	1	1	0
      847	2024-01-10 12:02:02	48	1	1	0
     1778	2024-01-10 12:02:41	48	0	1	0
      582	2024-01-10 12:02:49	48	1	1	0
      865	2024-01-10 12:03:39	48	0	1	0
      847	2024-01-10 12:04:28	48	0	1	0
     1793	2024-01-10 12:06:29	48	0	1	0
     1793	2024-01-10 12:06:31	48	0	1	0
     1262	2024-01-10 12:08:41	48	1	1	0
     1262	2024-01-10 12:08:42	48	1	1	0
      326	2024-01-10 12:09:02	48	1	1	0
      326	2024-01-10 12:09:04	48	1	1	0
     2161	2024-01-10 12:09:11	48	1	1	0
       59	2024-01-10 12:10:15	48	1	1	0
       59	2024-01-10 12:10:17	48	1	1	0
      494	2024-01-10 12:10:36	48	1	1	0
     1243	2024-01-10 12:10:50	48	1	1	0
      582	2024-01-10 12:11:02	48	1	1	0
     1486	2024-01-10 12:11:51	48	1	1	0
     1262	2024-01-10 12:12:26	48	0	1	0
     1262	2024-01-10 12:12:28	48	0	1	0
      768	2024-01-10 12:13:50	48	1	1	0
      250	2024-01-10 12:14:33	48	1	1	0
      250	2024-01-10 12:14:34	48	1	1	0
     1243	2024-01-10 12:15:35	48	0	1	0
     2806	2024-01-10 12:15:47	48	1	1	0
     2161	2024-01-10 12:16:23	48	0	1	0
      582	2024-01-10 12:16:36	48	0	1	0
      326	2024-01-10 12:17:01	48	0	1	0
      326	2024-01-10 12:17:03	48	0	1	0
      494	2024-01-10 12:18:55	48	0	1	0
     2874	2024-01-10 12:20:49	48	1	1	0
     2566	2024-01-10 12:20:53	48	1	1	0
      981	2024-01-10 12:21:00	48	1	1	0
      889	2024-01-10 12:21:04	48	1	1	0
     1518	2024-01-10 12:21:54	48	1	1	0
     1518	2024-01-10 12:21:55	48	1	1	0
      181	2024-01-10 12:22:09	48	1	1	0
     1686	2024-01-10 12:23:13	48	1	1	0
     2874	2024-01-10 12:23:27	48	0	1	0
      283	2024-01-10 12:23:40	48	1	1	0
      404	2024-01-10 12:23:54	48	1	1	0
      981	2024-01-10 12:24:09	48	0	1	0
     1683	2024-01-10 12:24:20	48	1	1	0
      364	2024-01-10 12:24:31	48	1	1	0
      364	2024-01-10 12:24:33	48	1	1	0
     1792	2024-01-10 12:26:45	48	0	1	0
      891	2024-01-10 12:27:10	48	0	1	0
     1518	2024-01-10 12:29:04	48	0	1	0
     1518	2024-01-10 12:29:06	48	0	1	0
     1683	2024-01-10 12:29:24	48	0	1	0
      283	2024-01-10 12:29:37	48	1	1	0
      283	2024-01-10 12:29:40	48	1	1	0
     2806	2024-01-10 12:30:28	48	0	1	0
      181	2024-01-10 12:31:23	48	0	1	0
     2566	2024-01-10 12:31:47	48	0	1	0
      404	2024-01-10 12:34:14	48	0	1	0
      889	2024-01-10 12:34:40	48	0	1	0
      891	2024-01-10 12:34:46	48	0	1	0
      154	2024-01-10 12:35:49	48	1	1	0
      364	2024-01-10 12:38:41	48	0	1	0
      364	2024-01-10 12:38:43	48	0	1	0
      154	2024-01-10 12:39:10	48	0	1	0
      331	2024-01-10 12:39:28	48	1	1	0
      283	2024-01-10 12:39:50	48	0	1	0
      283	2024-01-10 12:39:51	48	0	1	0
      283	2024-01-10 12:40:02	48	0	1	0
     1686	2024-01-10 12:43:39	48	0	1	0
      331	2024-01-10 12:44:33	48	0	1	0
       59	2024-01-10 12:48:47	48	0	1	0
       59	2024-01-10 12:48:49	48	0	1	0
      889	2024-01-10 12:52:27	48	0	1	0
      250	2024-01-10 12:53:11	48	0	1	0
      250	2024-01-10 12:53:13	48	0	1	0
      768	2024-01-10 12:53:16	48	0	1	0
      768	2024-01-10 12:53:17	48	0	1	0
     2161	2024-01-10 17:00:04	48	1	1	0
      181	2024-01-10 17:00:10	48	1	1	0
      181	2024-01-10 17:00:11	48	1	1	0
      865	2024-01-10 17:00:13	48	1	1	0
      865	2024-01-10 17:00:15	48	1	1	0
      981	2024-01-10 17:00:18	48	1	1	0
      981	2024-01-10 17:00:19	48	1	1	0
      326	2024-01-10 17:00:22	48	1	1	0
      326	2024-01-10 17:00:23	48	1	1	0
      250	2024-01-10 17:00:26	48	1	1	0
      250	2024-01-10 17:00:28	48	1	1	0
      331	2024-01-10 17:00:31	48	1	1	0
      331	2024-01-10 17:00:32	48	1	1	0
      364	2024-01-10 17:00:35	48	1	1	0
     2566	2024-01-10 17:00:40	48	1	1	0
     2566	2024-01-10 17:00:41	48	1	1	0
     1262	2024-01-10 17:00:54	48	1	1	0
     1262	2024-01-10 17:00:56	48	1	1	0
      889	2024-01-10 17:01:08	48	1	1	0
      889	2024-01-10 17:01:10	48	1	1	0
     1778	2024-01-10 17:01:13	48	1	1	0
     1778	2024-01-10 17:01:15	48	1	1	0
     1793	2024-01-10 17:01:18	48	1	1	0
     1793	2024-01-10 17:01:19	48	1	1	0
       59	2024-01-10 17:01:25	48	1	1	0
       59	2024-01-10 17:01:27	48	1	1	0
      494	2024-01-10 17:01:32	48	1	1	0
     1518	2024-01-10 17:01:40	48	1	1	0
     1518	2024-01-10 17:01:41	48	1	1	0
      404	2024-01-10 17:01:51	48	1	1	0
      404	2024-01-10 17:01:52	48	1	1	0
      768	2024-01-10 17:01:54	48	1	1	0
      582	2024-01-10 17:02:00	48	1	1	0
     1792	2024-01-10 17:02:06	48	1	1	0
      283	2024-01-10 17:02:35	48	1	1	0
      283	2024-01-10 17:02:36	48	1	1	0
     2874	2024-01-10 17:02:51	48	1	1	0
     2874	2024-01-10 17:02:54	48	1	1	0
     2806	2024-01-10 17:03:06	48	1	1	0
      154	2024-01-10 17:06:10	48	1	1	0
      891	2024-01-10 17:07:02	48	1	1	0
      891	2024-01-10 17:07:04	48	1	1	0
      283	2024-01-10 17:07:17	48	1	1	0
     1683	2024-01-10 17:07:56	48	1	1	0
     1683	2024-01-10 17:07:57	48	1	1	0
     1243	2024-01-10 17:10:17	48	1	1	0
      847	2024-01-10 17:25:02	48	1	1	0
     2874	2024-01-10 17:25:10	48	1	1	0
     2874	2024-01-10 17:25:12	48	1	1	0
      487	2024-01-10 17:25:38	48	1	1	0
      487	2024-01-10 17:25:40	48	1	1	0
     1686	2024-01-10 17:26:37	48	1	1	0
     1686	2024-01-10 17:26:49	48	1	1	0
      181	2024-01-11 07:10:28	48	0	1	0
      181	2024-01-11 07:10:34	48	0	1	0
     1262	2024-01-11 07:41:50	48	0	1	0
     1262	2024-01-11 07:41:52	48	0	1	0
      768	2024-01-11 07:42:20	48	0	1	0
      768	2024-01-11 07:42:22	48	0	1	0
     2874	2024-01-11 07:45:13	48	0	1	0
     2874	2024-01-11 07:45:15	48	0	1	0
      487	2024-01-11 07:45:41	48	0	1	0
      487	2024-01-11 07:45:44	48	0	1	0
      865	2024-01-11 07:46:16	48	0	1	0
      865	2024-01-11 07:46:18	48	0	1	0
      847	2024-01-11 07:46:38	48	0	1	0
     1778	2024-01-11 07:48:37	48	0	1	0
     1778	2024-01-11 07:48:39	48	0	1	0
       59	2024-01-11 07:48:47	48	0	1	0
       59	2024-01-11 07:48:49	48	0	1	0
     2806	2024-01-11 07:49:45	48	0	1	0
      154	2024-01-11 07:52:08	48	0	1	0
      326	2024-01-11 07:59:07	48	0	1	0
      326	2024-01-11 07:59:09	48	0	1	0
      889	2024-01-11 08:00:11	48	0	1	0
      889	2024-01-11 08:00:13	48	0	1	0
      283	2024-01-11 08:00:21	48	0	1	0
      283	2024-01-11 08:00:22	48	0	1	0
      283	2024-01-11 08:00:24	48	0	1	0
     1683	2024-01-11 08:00:42	48	0	1	0
     1683	2024-01-11 08:00:44	48	0	1	0
     1793	2024-01-11 08:00:46	48	0	1	0
     1793	2024-01-11 08:00:48	48	0	1	0
      582	2024-01-11 08:01:49	48	0	1	0
      582	2024-01-11 08:01:50	48	0	1	0
     1486	2024-01-11 08:03:16	48	0	1	0
      891	2024-01-11 08:04:54	48	0	1	0
      891	2024-01-11 08:04:56	48	0	1	0
      891	2024-01-11 08:04:58	48	0	1	0
      250	2024-01-11 08:05:14	48	0	1	0
      250	2024-01-11 08:05:16	48	0	1	0
      494	2024-01-11 08:06:39	48	0	1	0
     2566	2024-01-11 08:08:45	48	0	1	0
     2566	2024-01-11 08:08:47	48	0	1	0
      331	2024-01-11 08:24:30	48	0	1	0
      331	2024-01-11 08:24:32	48	0	1	0
      981	2024-01-11 08:24:53	48	0	1	0
      981	2024-01-11 08:24:54	48	0	1	0
      364	2024-01-11 08:50:27	48	0	1	0
     2161	2024-01-11 12:00:07	48	1	1	0
      494	2024-01-11 12:00:18	48	1	1	0
      404	2024-01-11 12:01:24	48	1	1	0
      487	2024-01-11 12:02:10	48	1	1	0
      487	2024-01-11 12:02:13	48	1	1	0
      250	2024-01-11 12:02:20	48	1	1	0
      250	2024-01-11 12:02:21	48	1	1	0
     1793	2024-01-11 12:02:30	48	1	1	0
     1793	2024-01-11 12:02:32	48	1	1	0
     1778	2024-01-11 12:02:44	48	1	1	0
      364	2024-01-11 12:02:51	48	1	1	0
      364	2024-01-11 12:02:54	48	1	1	0
      582	2024-01-11 12:04:03	48	1	1	0
     1778	2024-01-11 12:04:17	48	0	1	0
      250	2024-01-11 12:04:24	48	0	1	0
      250	2024-01-11 12:04:25	48	0	1	0
      582	2024-01-11 12:05:10	48	1	1	0
     1793	2024-01-11 12:05:34	48	0	1	0
     1793	2024-01-11 12:05:35	48	0	1	0
      494	2024-01-11 12:05:45	48	1	1	0
      582	2024-01-11 12:06:17	48	0	1	0
     1792	2024-01-11 12:06:39	48	1	1	0
      154	2024-01-11 12:08:02	48	1	1	0
      865	2024-01-11 12:09:35	48	1	1	0
      487	2024-01-11 12:11:25	48	0	1	0
      487	2024-01-11 12:11:32	48	0	1	0
     2161	2024-01-11 12:11:44	48	0	1	0
      494	2024-01-11 12:12:04	48	0	1	0
      154	2024-01-11 12:12:13	48	0	1	0
      865	2024-01-11 12:12:45	48	0	1	0
      865	2024-01-11 12:12:47	48	0	1	0
     1486	2024-01-11 12:12:55	48	1	1	0
      154	2024-01-11 12:13:01	48	1	1	0
      364	2024-01-11 12:13:06	48	0	1	0
      364	2024-01-11 12:13:08	48	0	1	0
      331	2024-01-11 12:15:37	48	1	1	0
      154	2024-01-11 12:16:45	48	0	1	0
      768	2024-01-11 12:25:19	48	1	1	0
     1686	2024-01-11 12:27:09	48	1	1	0
      891	2024-01-11 12:33:49	48	1	1	0
     1792	2024-01-11 12:36:43	48	0	1	0
      768	2024-01-11 12:39:13	48	0	1	0
      404	2024-01-11 12:41:14	48	0	1	0
      981	2024-01-11 12:42:44	48	1	1	0
     2874	2024-01-11 12:42:51	48	1	1	0
     1518	2024-01-11 12:42:58	48	1	1	0
     1518	2024-01-11 12:43:00	48	1	1	0
      889	2024-01-11 12:43:05	48	1	1	0
      181	2024-01-11 12:43:11	48	1	1	0
     2566	2024-01-11 12:43:46	48	1	1	0
      326	2024-01-11 12:45:21	48	1	1	0
      326	2024-01-11 12:45:23	48	1	1	0
     1518	2024-01-11 12:45:34	48	0	1	0
     1518	2024-01-11 12:45:35	48	0	1	0
      331	2024-01-11 12:46:37	48	0	1	0
     2874	2024-01-11 12:49:13	48	0	1	0
     1486	2024-01-11 12:49:19	48	0	1	0
      181	2024-01-11 12:49:35	48	0	1	0
      847	2024-01-11 12:49:43	48	1	1	0
      981	2024-01-11 12:50:08	48	0	1	0
      326	2024-01-11 12:50:20	48	0	1	0
      326	2024-01-11 12:50:22	48	0	1	0
     2806	2024-01-11 12:52:32	48	1	1	0
     1683	2024-01-11 12:52:35	48	1	1	0
     2566	2024-01-11 12:52:42	48	0	1	0
      891	2024-01-11 12:52:50	48	0	1	0
      847	2024-01-11 12:52:54	48	0	1	0
      283	2024-01-11 12:53:09	48	1	1	0
      768	2024-01-11 12:53:23	48	0	1	0
      889	2024-01-11 12:54:17	48	0	1	0
       59	2024-01-11 12:56:27	48	1	1	0
       59	2024-01-11 12:56:28	48	1	1	0
     2806	2024-01-11 12:56:36	48	0	1	0
     1683	2024-01-11 12:56:44	48	0	1	0
     1686	2024-01-11 12:57:39	48	0	1	0
       59	2024-01-11 12:58:04	48	0	1	0
       59	2024-01-11 12:58:07	48	0	1	0
     1686	2024-01-11 12:58:13	48	0	1	0
      283	2024-01-11 12:58:21	48	0	1	0
     1262	2024-01-11 13:00:53	48	0	1	0
     1262	2024-01-11 13:00:55	48	0	1	0
      889	2024-01-11 17:00:07	48	1	1	0
      889	2024-01-11 17:00:09	48	1	1	0
     2161	2024-01-11 17:00:14	48	1	1	0
     1262	2024-01-11 17:00:19	48	1	1	0
     1262	2024-01-11 17:00:21	48	1	1	0
      364	2024-01-11 17:00:24	48	1	1	0
      364	2024-01-11 17:00:26	48	1	1	0
      181	2024-01-11 17:00:32	48	1	1	0
      181	2024-01-11 17:00:33	48	1	1	0
     2566	2024-01-11 17:00:38	48	1	1	0
     2566	2024-01-11 17:00:40	48	1	1	0
      981	2024-01-11 17:00:44	48	1	1	0
      981	2024-01-11 17:00:45	48	1	1	0
      494	2024-01-11 17:00:51	48	1	1	0
      494	2024-01-11 17:00:55	48	1	1	0
      250	2024-01-11 17:00:57	48	1	1	0
      250	2024-01-11 17:00:59	48	1	1	0
      865	2024-01-11 17:01:01	48	1	1	0
      865	2024-01-11 17:01:03	48	1	1	0
      331	2024-01-11 17:01:05	48	1	1	0
      331	2024-01-11 17:01:07	48	1	1	0
      487	2024-01-11 17:01:12	48	1	1	0
      487	2024-01-11 17:01:14	48	1	1	0
      847	2024-01-11 17:01:20	48	1	1	0
     1518	2024-01-11 17:01:25	48	1	1	0
     1518	2024-01-11 17:01:27	48	1	1	0
     1793	2024-01-11 17:01:31	48	1	1	0
     1793	2024-01-11 17:01:33	48	1	1	0
      404	2024-01-11 17:01:39	48	1	1	0
      404	2024-01-11 17:01:41	48	1	1	0
      768	2024-01-11 17:01:52	48	1	1	0
     1792	2024-01-11 17:02:02	48	1	1	0
     1683	2024-01-11 17:02:20	48	1	1	0
     1683	2024-01-11 17:02:21	48	1	1	0
      582	2024-01-11 17:02:28	48	1	1	0
       59	2024-01-11 17:02:42	48	1	1	0
       59	2024-01-11 17:02:44	48	1	1	0
     1778	2024-01-11 17:02:47	48	1	1	0
     1778	2024-01-11 17:02:49	48	1	1	0
      326	2024-01-11 17:02:53	48	1	1	0
      326	2024-01-11 17:02:55	48	1	1	0
     2806	2024-01-11 17:03:01	48	1	1	0
      891	2024-01-11 17:03:09	48	1	1	0
      891	2024-01-11 17:03:10	48	1	1	0
      891	2024-01-11 17:03:13	48	1	1	0
     1486	2024-01-11 17:03:18	48	1	1	0
     1486	2024-01-11 17:03:20	48	1	1	0
     1686	2024-01-11 17:03:29	48	1	1	0
      154	2024-01-11 17:03:54	48	1	1	0
      283	2024-01-11 17:05:03	48	1	1	0
      283	2024-01-11 17:05:04	48	1	1	0
      283	2024-01-11 17:05:09	48	1	1	0
      283	2024-01-11 17:05:10	48	1	1	0
      283	2024-01-11 17:05:49	48	1	1	0
     1686	2024-01-11 17:11:23	48	1	1	0
     2874	2024-01-11 17:11:38	48	1	1	0
     2874	2024-01-11 17:11:40	48	1	1	0
      181	2024-01-12 06:49:22	48	0	1	0
      181	2024-01-12 06:49:27	48	0	1	0
     1686	2024-01-12 07:34:32	48	0	1	0
     1686	2024-01-12 07:34:33	48	0	1	0
      847	2024-01-12 07:47:49	48	0	1	0
     1486	2024-01-12 07:49:44	48	0	1	0
     2874	2024-01-12 07:50:31	48	0	1	0
     2874	2024-01-12 07:50:32	48	0	1	0
     1243	2024-01-12 07:52:18	48	0	1	0
      326	2024-01-12 07:53:40	48	0	1	0
      326	2024-01-12 07:53:42	48	0	1	0
     1778	2024-01-12 07:55:11	48	0	1	0
     1778	2024-01-12 07:55:14	48	0	1	0
     2566	2024-01-12 07:57:20	48	0	1	0
     2566	2024-01-12 07:57:21	48	0	1	0
     2806	2024-01-12 07:57:27	48	0	1	0
       59	2024-01-12 07:57:33	48	0	1	0
       59	2024-01-12 07:57:35	48	0	1	0
      582	2024-01-12 07:58:15	48	0	1	0
      582	2024-01-12 07:58:16	48	0	1	0
      250	2024-01-12 07:58:39	48	0	1	0
      250	2024-01-12 07:58:40	48	0	1	0
      364	2024-01-12 07:59:02	48	0	1	0
      364	2024-01-12 07:59:05	48	0	1	0
     1518	2024-01-12 07:59:43	48	0	1	0
     1518	2024-01-12 07:59:45	48	0	1	0
      768	2024-01-12 07:59:57	48	0	1	0
      768	2024-01-12 07:59:59	48	0	1	0
      404	2024-01-12 08:01:23	48	0	1	0
      404	2024-01-12 08:01:25	48	0	1	0
      154	2024-01-12 08:05:11	48	0	1	0
     1793	2024-01-12 08:08:46	48	0	1	0
     1793	2024-01-12 08:08:50	48	0	1	0
      283	2024-01-12 08:09:34	48	0	1	0
      283	2024-01-12 08:09:36	48	0	1	0
      283	2024-01-12 08:09:39	48	0	1	0
      981	2024-01-12 08:10:43	48	0	1	0
      981	2024-01-12 08:10:45	48	0	1	0
      487	2024-01-12 08:16:35	48	0	1	0
      487	2024-01-12 08:16:38	48	0	1	0
      889	2024-01-12 08:24:22	48	0	1	0
      889	2024-01-12 08:24:23	48	0	1	0
      331	2024-01-12 08:26:17	48	0	1	0
     1792	2024-01-12 09:28:59	48	0	1	0
     2161	2024-01-12 12:00:04	48	1	1	0
      364	2024-01-12 12:00:13	48	1	1	0
      364	2024-01-12 12:00:14	48	1	1	0
      181	2024-01-12 12:00:20	48	1	1	0
     1243	2024-01-12 12:00:27	48	1	1	0
     1793	2024-01-12 12:00:33	48	1	1	0
     1793	2024-01-12 12:00:35	48	1	1	0
      250	2024-01-12 12:00:39	48	1	1	0
      250	2024-01-12 12:00:40	48	1	1	0
      582	2024-01-12 12:01:20	48	1	1	0
      487	2024-01-12 12:01:26	48	1	1	0
      487	2024-01-12 12:01:28	48	1	1	0
     1793	2024-01-12 12:04:06	48	0	1	0
     1793	2024-01-12 12:04:08	48	0	1	0
     1243	2024-01-12 12:04:14	48	0	1	0
     2161	2024-01-12 12:04:29	48	0	1	0
      889	2024-01-12 12:04:38	48	1	1	0
     2566	2024-01-12 12:04:44	48	1	1	0
      250	2024-01-12 12:04:52	48	0	1	0
      250	2024-01-12 12:04:53	48	0	1	0
     2874	2024-01-12 12:05:02	48	1	1	0
      981	2024-01-12 12:05:11	48	1	1	0
      181	2024-01-12 12:05:42	48	0	1	0
      582	2024-01-12 12:05:48	48	0	1	0
      487	2024-01-12 12:06:40	48	0	1	0
     2566	2024-01-12 12:08:15	48	0	1	0
     1518	2024-01-12 12:08:33	48	1	1	0
     1778	2024-01-12 12:08:36	48	1	1	0
      326	2024-01-12 12:11:30	48	1	1	0
      326	2024-01-12 12:11:32	48	1	1	0
     1792	2024-01-12 12:12:23	48	1	1	0
      364	2024-01-12 12:12:30	48	0	1	0
      364	2024-01-12 12:12:32	48	0	1	0
      889	2024-01-12 12:12:41	48	0	1	0
      847	2024-01-12 12:13:01	48	1	1	0
      331	2024-01-12 12:13:13	48	1	1	0
      154	2024-01-12 12:14:29	48	1	1	0
      981	2024-01-12 12:14:34	48	0	1	0
       59	2024-01-12 12:15:43	48	1	1	0
       59	2024-01-12 12:15:45	48	1	1	0
     1792	2024-01-12 12:16:12	48	0	1	0
     1778	2024-01-12 12:18:51	48	0	1	0
      154	2024-01-12 12:19:37	48	0	1	0
      331	2024-01-12 12:19:44	48	0	1	0
     2806	2024-01-12 12:19:59	48	1	1	0
     1486	2024-01-12 12:20:09	48	1	1	0
     2874	2024-01-12 12:21:21	48	0	1	0
      768	2024-01-12 12:22:38	48	1	1	0
      326	2024-01-12 12:26:22	48	0	1	0
      326	2024-01-12 12:26:24	48	0	1	0
      326	2024-01-12 12:26:26	48	0	1	0
     2806	2024-01-12 12:31:05	48	0	1	0
      847	2024-01-12 12:31:35	48	0	1	0
       59	2024-01-12 12:35:45	48	0	1	0
       59	2024-01-12 12:35:47	48	0	1	0
      283	2024-01-12 12:35:54	48	1	1	0
      283	2024-01-12 12:35:56	48	1	1	0
      283	2024-01-12 12:35:59	48	1	1	0
     1486	2024-01-12 12:36:09	48	0	1	0
      768	2024-01-12 12:46:55	48	0	1	0
      283	2024-01-12 12:47:12	48	0	1	0
      283	2024-01-12 12:47:13	48	0	1	0
      847	2024-01-12 12:52:39	48	0	1	0
      404	2024-01-12 12:54:19	48	1	1	0
      404	2024-01-12 12:57:48	48	0	1	0
     1243	2024-01-12 17:00:11	48	1	1	0
      404	2024-01-12 17:00:16	48	1	1	0
      404	2024-01-12 17:00:17	48	1	1	0
      181	2024-01-12 17:00:21	48	1	1	0
      181	2024-01-12 17:00:22	48	1	1	0
      889	2024-01-12 17:00:27	48	1	1	0
      889	2024-01-12 17:00:29	48	1	1	0
      364	2024-01-12 17:00:37	48	1	1	0
      364	2024-01-12 17:00:40	48	1	1	0
      364	2024-01-12 17:00:42	48	1	1	0
      331	2024-01-12 17:00:51	48	1	1	0
      331	2024-01-12 17:00:52	48	1	1	0
      768	2024-01-12 17:00:58	48	1	1	0
     2566	2024-01-12 17:01:03	48	1	1	0
     2566	2024-01-12 17:01:04	48	1	1	0
      250	2024-01-12 17:01:10	48	1	1	0
      250	2024-01-12 17:01:12	48	1	1	0
     1793	2024-01-12 17:01:18	48	1	1	0
     1793	2024-01-12 17:01:19	48	1	1	0
       59	2024-01-12 17:01:29	48	1	1	0
       59	2024-01-12 17:01:30	48	1	1	0
      582	2024-01-12 17:01:36	48	1	1	0
     1486	2024-01-12 17:01:42	48	1	1	0
     1486	2024-01-12 17:01:46	48	1	1	0
      154	2024-01-12 17:02:09	48	1	1	0
     2806	2024-01-12 17:02:16	48	1	1	0
     1778	2024-01-12 17:02:28	48	1	1	0
     1778	2024-01-12 17:02:29	48	1	1	0
     2874	2024-01-12 17:03:29	48	1	1	0
     2874	2024-01-12 17:03:30	48	1	1	0
      283	2024-01-12 17:14:54	48	1	1	0
      283	2024-01-12 17:14:56	48	1	1	0
      283	2024-01-12 17:14:57	48	1	1	0
      283	2024-01-12 17:16:18	48	1	1	0
      283	2024-01-12 17:16:19	48	1	1	0
      981	2024-01-12 17:16:42	48	1	1	0
      981	2024-01-12 17:16:43	48	1	1	0
      768	2024-01-13 19:00:23	48	4	1	0
      364	2024-01-13 19:23:34	48	4	1	0
       59	2024-01-13 19:23:40	48	4	1	0
      582	2024-01-13 19:23:43	48	4	1	0
      582	2024-01-13 19:23:44	48	4	1	0
      154	2024-01-13 19:23:48	48	4	1	0
      404	2024-01-13 19:23:55	48	4	1	0
      404	2024-01-13 19:23:58	48	4	1	0
     2161	2024-01-14 09:11:09	48	4	1	0
     1686	2024-01-14 09:11:31	48	4	1	0
     2161	2024-01-14 16:24:22	48	5	1	0
      181	2024-01-15 06:46:33	48	0	1	0
      181	2024-01-15 06:46:38	48	0	1	0
     1262	2024-01-15 07:14:21	48	0	1	0
     1262	2024-01-15 07:14:22	48	0	1	0
      154	2024-01-15 07:16:44	48	0	1	0
      865	2024-01-15 07:36:28	48	0	1	0
      865	2024-01-15 07:36:29	48	0	1	0
     1686	2024-01-15 07:38:15	48	0	1	0
      250	2024-01-15 07:46:48	48	0	1	0
      250	2024-01-15 07:46:50	48	0	1	0
     1793	2024-01-15 07:47:03	48	0	1	0
     1793	2024-01-15 07:47:05	48	0	1	0
     2874	2024-01-15 07:49:08	48	0	1	0
     2874	2024-01-15 07:49:10	48	0	1	0
      494	2024-01-15 07:49:35	48	0	1	0
      494	2024-01-15 07:49:36	48	0	1	0
     1778	2024-01-15 07:50:02	48	0	1	0
     1778	2024-01-15 07:50:04	48	0	1	0
      847	2024-01-15 07:50:43	48	0	1	0
      364	2024-01-15 07:51:11	48	0	1	0
      364	2024-01-15 07:51:12	48	0	1	0
      494	2024-01-15 07:51:18	48	0	1	0
     1243	2024-01-15 07:51:29	48	0	1	0
      891	2024-01-15 07:52:12	48	0	1	0
      891	2024-01-15 07:52:14	48	0	1	0
     1486	2024-01-15 07:52:33	48	0	1	0
     1486	2024-01-15 07:52:34	48	0	1	0
      582	2024-01-15 07:53:43	48	0	1	0
      582	2024-01-15 07:53:46	48	0	1	0
     2806	2024-01-15 07:56:38	48	0	1	0
      889	2024-01-15 07:57:27	48	0	1	0
      889	2024-01-15 07:57:28	48	0	1	0
      404	2024-01-15 07:59:05	48	0	1	0
      404	2024-01-15 07:59:06	48	0	1	0
      487	2024-01-15 07:59:40	48	0	1	0
      487	2024-01-15 07:59:43	48	0	1	0
     2566	2024-01-15 08:02:26	48	0	1	0
     2566	2024-01-15 08:02:27	48	0	1	0
     1683	2024-01-15 08:03:02	48	0	1	0
     1683	2024-01-15 08:03:04	48	0	1	0
       59	2024-01-15 08:07:49	48	0	1	0
       59	2024-01-15 08:07:50	48	0	1	0
     1792	2024-01-15 08:08:29	48	0	1	0
      768	2024-01-15 08:16:28	48	0	1	0
      768	2024-01-15 08:16:29	48	0	1	0
     2161	2024-01-15 12:00:09	48	1	1	0
      865	2024-01-15 12:00:12	48	1	1	0
     1793	2024-01-15 12:00:22	48	1	1	0
     1793	2024-01-15 12:00:24	48	1	1	0
     1792	2024-01-15 12:00:30	48	1	1	0
      250	2024-01-15 12:00:43	48	1	1	0
      250	2024-01-15 12:00:46	48	1	1	0
      865	2024-01-15 12:02:53	48	0	1	0
      889	2024-01-15 12:03:01	48	1	1	0
     2874	2024-01-15 12:03:25	48	1	1	0
     1486	2024-01-15 12:03:38	48	1	1	0
      250	2024-01-15 12:05:05	48	0	1	0
      250	2024-01-15 12:05:07	48	0	1	0
     2874	2024-01-15 12:06:03	48	0	1	0
      582	2024-01-15 12:06:38	48	1	1	0
     1243	2024-01-15 12:06:57	48	1	1	0
     1486	2024-01-15 12:07:40	48	0	1	0
      582	2024-01-15 12:07:46	48	0	1	0
     2161	2024-01-15 12:08:14	48	0	1	0
      487	2024-01-15 12:10:04	48	1	1	0
      487	2024-01-15 12:10:06	48	1	1	0
      181	2024-01-15 12:10:37	48	1	1	0
     2806	2024-01-15 12:11:07	48	1	1	0
     1683	2024-01-15 12:14:27	48	1	1	0
     1686	2024-01-15 12:14:38	48	1	1	0
      487	2024-01-15 12:17:36	48	0	1	0
      487	2024-01-15 12:17:39	48	0	1	0
      364	2024-01-15 12:18:44	48	1	1	0
      181	2024-01-15 12:18:55	48	0	1	0
      891	2024-01-15 12:19:43	48	1	1	0
      847	2024-01-15 12:20:17	48	1	1	0
     2566	2024-01-15 12:21:38	48	1	1	0
     1243	2024-01-15 12:21:48	48	0	1	0
     2806	2024-01-15 12:21:56	48	0	1	0
     1793	2024-01-15 12:22:01	48	0	1	0
     1793	2024-01-15 12:22:02	48	0	1	0
      847	2024-01-15 12:23:09	48	0	1	0
     1793	2024-01-15 12:23:15	48	0	1	0
     1793	2024-01-15 12:23:16	48	0	1	0
     1793	2024-01-15 12:26:46	48	0	1	0
      494	2024-01-15 12:26:55	48	1	1	0
     1686	2024-01-15 12:30:58	48	0	1	0
      494	2024-01-15 12:31:10	48	1	1	0
      364	2024-01-15 12:31:50	48	0	1	0
     2566	2024-01-15 12:32:07	48	0	1	0
     1262	2024-01-15 12:32:35	48	1	1	0
     1262	2024-01-15 12:32:37	48	1	1	0
     1778	2024-01-15 12:33:43	48	1	1	0
     1683	2024-01-15 12:34:25	48	0	1	0
      494	2024-01-15 12:35:00	48	0	1	0
      494	2024-01-15 12:35:10	48	0	1	0
      154	2024-01-15 12:35:44	48	1	1	0
      404	2024-01-15 12:35:51	48	1	1	0
      768	2024-01-15 12:35:57	48	1	1	0
     1778	2024-01-15 12:36:26	48	0	1	0
       59	2024-01-15 12:36:38	48	1	1	0
       59	2024-01-15 12:36:39	48	1	1	0
      768	2024-01-15 12:36:46	48	0	1	0
      154	2024-01-15 12:37:04	48	0	1	0
      404	2024-01-15 12:38:08	48	0	1	0
       59	2024-01-15 12:38:19	48	0	1	0
       59	2024-01-15 12:38:21	48	0	1	0
     1262	2024-01-15 12:43:18	48	0	1	0
     1262	2024-01-15 12:43:20	48	0	1	0
     1243	2024-01-15 17:00:31	48	1	1	0
     1793	2024-01-15 17:00:34	48	1	1	0
     1793	2024-01-15 17:00:35	48	1	1	0
     2161	2024-01-15 17:00:41	48	1	1	0
      865	2024-01-15 17:01:05	48	1	1	0
      865	2024-01-15 17:01:11	48	1	1	0
      889	2024-01-15 17:01:16	48	1	1	0
      889	2024-01-15 17:01:17	48	1	1	0
     1792	2024-01-15 17:01:28	48	1	1	0
      891	2024-01-15 17:01:49	48	1	1	0
      891	2024-01-15 17:01:50	48	1	1	0
     1262	2024-01-15 17:02:06	48	1	1	0
     1262	2024-01-15 17:02:08	48	1	1	0
      582	2024-01-15 17:02:16	48	1	1	0
      364	2024-01-15 17:02:27	48	1	1	0
      582	2024-01-15 17:02:34	48	1	1	0
      494	2024-01-15 17:02:41	48	1	1	0
      768	2024-01-15 17:03:02	48	1	1	0
     1778	2024-01-15 17:03:07	48	1	1	0
     1778	2024-01-15 17:03:09	48	1	1	0
       59	2024-01-15 17:03:15	48	1	1	0
       59	2024-01-15 17:03:17	48	1	1	0
      181	2024-01-15 17:03:21	48	1	1	0
      181	2024-01-15 17:03:23	48	1	1	0
     2566	2024-01-15 17:03:26	48	1	1	0
     2566	2024-01-15 17:03:28	48	1	1	0
      154	2024-01-15 17:03:33	48	1	1	0
     1683	2024-01-15 17:03:36	48	1	1	0
     1683	2024-01-15 17:03:37	48	1	1	0
      250	2024-01-15 17:03:45	48	1	1	0
      250	2024-01-15 17:03:46	48	1	1	0
      404	2024-01-15 17:03:53	48	1	1	0
      404	2024-01-15 17:03:54	48	1	1	0
     2806	2024-01-15 17:05:40	48	1	1	0
     1486	2024-01-15 17:09:25	48	1	1	0
     1686	2024-01-15 17:11:01	48	1	1	0
      487	2024-01-15 17:20:04	48	1	1	0
      487	2024-01-15 17:20:07	48	1	1	0
     1778	2024-01-16 10:12:10	48	0	1	0
      582	2024-01-16 10:12:17	48	4	1	0
     1778	2024-01-16 10:12:20	48	4	1	0
     2161	2024-01-16 10:31:23	48	4	1	0
       59	2024-01-16 10:37:51	48	4	1	0
     2806	2024-01-16 10:57:41	48	4	1	0
      847	2024-01-16 12:02:24	48	4	1	0
      768	2024-01-16 12:40:38	48	4	1	0
      154	2024-01-16 12:41:08	48	4	1	0
      154	2024-01-16 12:41:09	48	4	1	0
      891	2024-01-16 12:58:54	48	4	1	0
      889	2024-01-16 14:02:18	48	4	1	0
     2874	2024-01-16 14:02:23	48	4	1	0
      889	2024-01-16 14:02:26	48	4	1	0
     2874	2024-01-16 14:02:28	48	4	1	0
      364	2024-01-16 16:23:46	48	4	1	0
      364	2024-01-16 16:23:48	48	4	1	0
     1683	2024-01-16 16:37:11	48	4	1	0
     1262	2024-01-16 16:39:16	48	4	1	0
     1262	2024-01-16 16:39:18	48	4	1	0
      154	2024-01-16 17:00:09	48	1	1	0
      768	2024-01-16 17:00:15	48	1	1	0
      847	2024-01-16 17:00:43	48	1	1	0
      847	2024-01-16 17:00:53	48	5	1	0
      889	2024-01-16 17:01:07	48	5	1	0
      889	2024-01-16 17:01:08	48	5	1	0
      768	2024-01-16 17:01:33	48	5	1	0
      154	2024-01-16 17:01:42	48	5	1	0
     2806	2024-01-16 17:06:15	48	5	1	0
     1778	2024-01-16 17:21:23	48	5	1	0
      891	2024-01-16 17:23:50	48	5	1	0
      891	2024-01-16 17:23:51	48	5	1	0
     1486	2024-01-16 17:37:04	48	0	1	0
     2161	2024-01-16 17:44:29	48	5	1	0
       59	2024-01-16 20:12:15	48	5	1	0
       59	2024-01-16 20:12:17	48	5	1	0
      582	2024-01-16 20:12:46	48	5	1	0
      582	2024-01-16 20:12:47	48	5	1	0
     2874	2024-01-16 20:24:10	48	1	1	0
     1486	2024-01-16 21:38:56	48	1	1	0
     1683	2024-01-16 21:47:50	48	5	1	0
     1486	2024-01-16 21:47:57	48	5	1	0
     1792	2024-01-16 21:48:04	48	5	1	0
     1262	2024-01-16 21:48:11	48	5	1	0
     1262	2024-01-16 21:48:13	48	5	1	0
      364	2024-01-16 21:48:43	48	5	1	0
      364	2024-01-16 21:48:45	48	5	1	0
     1262	2024-01-17 07:28:52	48	0	1	0
     1262	2024-01-17 07:28:53	48	0	1	0
      181	2024-01-17 07:34:43	48	0	1	0
      181	2024-01-17 07:34:48	48	0	1	0
      154	2024-01-17 07:36:57	48	0	1	0
      865	2024-01-17 07:37:22	48	0	1	0
      865	2024-01-17 07:37:24	48	0	1	0
     1778	2024-01-17 07:38:17	48	0	1	0
      847	2024-01-17 07:43:44	48	0	1	0
      582	2024-01-17 07:43:52	48	0	1	0
      582	2024-01-17 07:44:35	48	0	1	0
      582	2024-01-17 07:44:37	48	0	1	0
     2874	2024-01-17 07:49:51	48	0	1	0
     2874	2024-01-17 07:49:56	48	0	1	0
      404	2024-01-17 07:50:31	48	0	1	0
      404	2024-01-17 07:50:33	48	0	1	0
      891	2024-01-17 07:54:58	48	0	1	0
      891	2024-01-17 07:54:59	48	0	1	0
       59	2024-01-17 07:57:38	48	1	1	0
       59	2024-01-17 07:57:40	48	1	1	0
     1486	2024-01-17 07:57:46	48	1	1	0
     1486	2024-01-17 07:57:48	48	1	1	0
     1683	2024-01-17 08:01:13	48	0	1	0
     1793	2024-01-17 08:01:29	48	0	1	0
     1793	2024-01-17 08:01:31	48	0	1	0
      250	2024-01-17 08:04:18	48	0	1	0
      250	2024-01-17 08:04:20	48	0	1	0
     2806	2024-01-17 08:06:42	48	0	1	0
     2566	2024-01-17 08:10:43	48	0	1	0
     2566	2024-01-17 08:10:45	48	0	1	0
      494	2024-01-17 08:16:34	48	0	1	0
      487	2024-01-17 08:18:38	48	0	1	0
      487	2024-01-17 08:18:40	48	0	1	0
     1686	2024-01-17 08:19:06	48	0	1	0
      889	2024-01-17 08:19:51	48	0	1	0
      889	2024-01-17 08:19:53	48	0	1	0
      981	2024-01-17 08:23:14	48	0	1	0
      981	2024-01-17 08:23:15	48	0	1	0
      364	2024-01-17 09:23:17	48	0	1	0
      364	2024-01-17 09:23:18	48	0	1	0
      250	2024-01-17 12:00:20	48	1	1	0
      250	2024-01-17 12:00:22	48	1	1	0
      865	2024-01-17 12:00:30	48	1	1	0
     2161	2024-01-17 12:00:48	48	1	1	0
      181	2024-01-17 12:00:55	48	1	1	0
      404	2024-01-17 12:01:09	48	1	1	0
     1793	2024-01-17 12:01:13	48	1	1	0
     1793	2024-01-17 12:01:14	48	1	1	0
      582	2024-01-17 12:01:19	48	1	1	0
      582	2024-01-17 12:01:20	48	1	1	0
     1778	2024-01-17 12:01:30	48	1	1	0
      865	2024-01-17 12:02:18	48	0	1	0
     2161	2024-01-17 12:06:06	48	0	1	0
      181	2024-01-17 12:07:23	48	0	1	0
     1778	2024-01-17 12:08:08	48	0	1	0
     1486	2024-01-17 12:08:26	48	1	1	0
      250	2024-01-17 12:10:25	48	0	1	0
      250	2024-01-17 12:10:27	48	0	1	0
      847	2024-01-17 12:11:57	48	1	1	0
     2806	2024-01-17 12:14:28	48	1	1	0
      487	2024-01-17 12:15:54	48	1	1	0
      487	2024-01-17 12:15:56	48	1	1	0
     1262	2024-01-17 12:16:57	48	1	1	0
      404	2024-01-17 12:17:17	48	0	1	0
      847	2024-01-17 12:20:12	48	0	1	0
      487	2024-01-17 12:20:48	48	0	1	0
      487	2024-01-17 12:20:51	48	0	1	0
      768	2024-01-17 12:21:20	48	1	1	0
     2566	2024-01-17 12:30:48	48	1	1	0
       59	2024-01-17 12:30:55	48	1	1	0
       59	2024-01-17 12:30:57	48	1	1	0
      154	2024-01-17 12:31:03	48	1	1	0
     1793	2024-01-17 12:32:27	48	0	1	0
     1793	2024-01-17 12:32:28	48	0	1	0
     2806	2024-01-17 12:33:03	48	0	1	0
     1262	2024-01-17 12:35:34	48	0	1	0
     1262	2024-01-17 12:35:36	48	0	1	0
     1486	2024-01-17 12:36:50	48	0	1	0
     1683	2024-01-17 12:37:04	48	1	1	0
     1792	2024-01-17 12:37:11	48	0	1	0
     2566	2024-01-17 12:37:25	48	0	1	0
      889	2024-01-17 12:38:46	48	1	1	0
     2874	2024-01-17 12:39:00	48	1	1	0
      981	2024-01-17 12:39:09	48	1	1	0
      889	2024-01-17 12:40:07	48	0	1	0
      768	2024-01-17 12:40:12	48	0	1	0
      981	2024-01-17 12:40:27	48	0	1	0
     2874	2024-01-17 12:40:43	48	0	1	0
      154	2024-01-17 12:41:44	48	0	1	0
     1683	2024-01-17 12:42:25	48	0	1	0
      891	2024-01-17 12:50:08	48	1	1	0
      494	2024-01-17 12:53:47	48	1	1	0
      891	2024-01-17 12:53:54	48	0	1	0
     2874	2024-01-17 12:54:05	48	0	1	0
