 2626	2023-07-31 07:05:29	48	0	1	0
 2626	2023-07-31 07:05:30	48	0	1	0
 2161	2023-07-31 07:14:59	48	0	1	0
 1793	2023-07-31 07:17:26	48	0	1	0
 1793	2023-07-31 07:17:28	48	0	1	0
 1262	2023-07-31 07:25:56	48	0	1	0
 1262	2023-07-31 07:25:58	48	0	1	0
  181	2023-07-31 07:29:25	48	0	1	0
  326	2023-07-31 07:30:58	48	0	1	0
  326	2023-07-31 07:30:59	48	0	1	0
  250	2023-07-31 07:31:52	48	0	1	0
  250	2023-07-31 07:31:53	48	0	1	0
 1778	2023-07-31 07:42:13	48	0	1	0
 1778	2023-07-31 07:42:15	48	0	1	0
 2874	2023-07-31 07:44:46	48	0	1	0
 2874	2023-07-31 07:44:50	48	0	1	0
  768	2023-07-31 07:47:55	48	0	1	0
  768	2023-07-31 07:47:56	48	0	1	0
 1486	2023-07-31 07:52:26	48	0	1	0
  582	2023-07-31 07:53:45	48	0	1	0
  582	2023-07-31 07:53:46	48	0	1	0
 1683	2023-07-31 07:54:08	48	0	1	0
 1683	2023-07-31 07:54:10	48	0	1	0
 1518	2023-07-31 07:54:28	48	0	1	0
 1518	2023-07-31 07:54:30	48	0	1	0
 2806	2023-07-31 07:55:27	48	0	1	0
 1243	2023-07-31 07:56:55	48	0	1	0
   59	2023-07-31 07:57:03	48	0	1	0
  891	2023-07-31 07:57:10	48	0	1	0
  891	2023-07-31 07:57:13	48	0	1	0
 1686	2023-07-31 07:57:48	48	0	1	0
 1686	2023-07-31 07:57:55	48	0	1	0
  283	2023-07-31 07:58:28	48	0	1	0
  283	2023-07-31 07:58:35	48	0	1	0
  283	2023-07-31 07:58:38	48	0	1	0
  283	2023-07-31 07:58:41	48	0	1	0
  364	2023-07-31 08:00:04	48	0	1	0
  364	2023-07-31 08:00:06	48	0	1	0
  494	2023-07-31 08:00:56	48	0	1	0
  865	2023-07-31 08:01:00	48	0	1	0
  865	2023-07-31 08:01:04	48	0	1	0
 2625	2023-07-31 08:05:50	48	0	1	0
 2625	2023-07-31 08:05:52	48	0	1	0
 1792	2023-07-31 08:18:04	48	0	1	0
 2566	2023-07-31 08:21:29	48	0	1	0
 2566	2023-07-31 08:21:31	48	0	1	0
  582	2023-07-31 12:01:02	48	1	1	0
  250	2023-07-31 12:01:05	48	1	1	0
  250	2023-07-31 12:01:07	48	1	1	0
  283	2023-07-31 12:01:12	48	1	1	0
  181	2023-07-31 12:01:20	48	1	1	0
  865	2023-07-31 12:01:28	48	1	1	0
 1778	2023-07-31 12:01:34	48	1	1	0
 1243	2023-07-31 12:01:42	48	1	1	0
  404	2023-07-31 12:01:50	48	1	1	0
 2566	2023-07-31 12:02:23	48	1	1	0
 2626	2023-07-31 12:02:34	48	1	1	0
 2874	2023-07-31 12:02:44	48	1	1	0
 1486	2023-07-31 12:02:58	48	1	1	0
  847	2023-07-31 12:03:01	48	1	1	0
  582	2023-07-31 12:03:19	48	0	1	0
 1793	2023-07-31 12:03:28	48	1	1	0
 1793	2023-07-31 12:03:29	48	1	1	0
 2625	2023-07-31 12:04:10	48	1	1	0
 2625	2023-07-31 12:04:12	48	1	1	0
 1262	2023-07-31 12:04:43	48	1	1	0
 1262	2023-07-31 12:04:45	48	1	1	0
  847	2023-07-31 12:05:10	48	0	1	0
 2626	2023-07-31 12:06:05	48	0	1	0
  250	2023-07-31 12:06:13	48	0	1	0
  250	2023-07-31 12:06:14	48	0	1	0
 2566	2023-07-31 12:06:35	48	0	1	0
   59	2023-07-31 12:06:45	48	1	1	0
   59	2023-07-31 12:06:47	48	1	1	0
 1778	2023-07-31 12:06:56	48	0	1	0
 2625	2023-07-31 12:07:03	48	0	1	0
 2625	2023-07-31 12:07:05	48	0	1	0
 2874	2023-07-31 12:07:12	48	0	1	0
  865	2023-07-31 12:07:18	48	0	1	0
  283	2023-07-31 12:07:22	48	0	1	0
  283	2023-07-31 12:07:25	48	0	1	0
  404	2023-07-31 12:07:33	48	0	1	0
   59	2023-07-31 12:07:56	48	0	1	0
   59	2023-07-31 12:07:57	48	0	1	0
 1686	2023-07-31 12:08:29	48	1	1	0
 1243	2023-07-31 12:12:39	48	0	1	0
  494	2023-07-31 12:13:02	48	1	1	0
 1793	2023-07-31 12:13:43	48	0	1	0
 1793	2023-07-31 12:13:45	48	0	1	0
  891	2023-07-31 12:13:52	48	1	1	0
 1262	2023-07-31 12:14:33	48	0	1	0
 1262	2023-07-31 12:14:35	48	0	1	0
  181	2023-07-31 12:21:40	48	0	1	0
 1518	2023-07-31 12:23:54	48	1	1	0
  364	2023-07-31 12:27:33	48	0	1	0
  364	2023-07-31 12:27:34	48	0	1	0
  364	2023-07-31 12:27:51	48	1	1	0
  364	2023-07-31 12:27:52	48	1	1	0
 1486	2023-07-31 12:28:53	48	0	1	0
  364	2023-07-31 12:29:06	48	0	1	0
  364	2023-07-31 12:29:07	48	0	1	0
 2806	2023-07-31 12:29:18	48	1	1	0
 2806	2023-07-31 12:36:32	48	0	1	0
  283	2023-07-31 12:37:14	48	0	1	0
  283	2023-07-31 12:37:18	48	0	1	0
 2625	2023-07-31 12:37:45	48	0	1	0
 2625	2023-07-31 12:37:47	48	0	1	0
  768	2023-07-31 12:41:25	48	1	1	0
  768	2023-07-31 12:43:49	48	0	1	0
  494	2023-07-31 12:50:24	48	1	1	0
  891	2023-07-31 12:50:38	48	0	1	0
  494	2023-07-31 12:51:04	48	0	1	0
  181	2023-07-31 17:00:04	48	1	1	0
 2161	2023-07-31 17:00:08	48	1	1	0
  582	2023-07-31 17:00:19	48	1	1	0
  582	2023-07-31 17:00:21	48	1	1	0
 1793	2023-07-31 17:00:38	48	1	1	0
 1793	2023-07-31 17:00:40	48	1	1	0
 1262	2023-07-31 17:00:50	48	1	1	0
 1262	2023-07-31 17:00:51	48	1	1	0
  250	2023-07-31 17:00:54	48	1	1	0
  250	2023-07-31 17:00:56	48	1	1	0
  494	2023-07-31 17:01:01	48	1	1	0
  494	2023-07-31 17:01:06	48	1	1	0
 2566	2023-07-31 17:01:10	48	1	1	0
 2566	2023-07-31 17:01:12	48	1	1	0
   59	2023-07-31 17:01:18	48	1	1	0
   59	2023-07-31 17:01:20	48	1	1	0
 2626	2023-07-31 17:01:26	48	1	1	0
 2626	2023-07-31 17:01:27	48	1	1	0
  865	2023-07-31 17:01:32	48	1	1	0
  865	2023-07-31 17:01:34	48	1	1	0
  364	2023-07-31 17:01:40	48	1	1	0
  364	2023-07-31 17:01:45	48	1	1	0
 1686	2023-07-31 17:02:07	48	1	1	0
  768	2023-07-31 17:02:13	48	1	1	0
 1486	2023-07-31 17:02:39	48	1	1	0
 1486	2023-07-31 17:02:42	48	1	1	0
 2806	2023-07-31 17:02:52	48	1	1	0
 2625	2023-07-31 17:02:58	48	1	1	0
 2625	2023-07-31 17:02:59	48	1	1	0
  283	2023-07-31 17:03:39	48	1	1	0
  283	2023-07-31 17:03:41	48	1	1	0
 1778	2023-07-31 17:03:54	48	1	1	0
 1778	2023-07-31 17:03:55	48	1	1	0
 1792	2023-07-31 17:04:24	48	1	1	0
 2874	2023-07-31 17:04:37	48	1	1	0
 2874	2023-07-31 17:04:39	48	1	1	0
  891	2023-07-31 17:04:48	48	1	1	0
  891	2023-07-31 17:04:49	48	1	1	0
  283	2023-07-31 17:05:13	48	1	1	0
 1243	2023-07-31 17:05:23	48	1	1	0
 1518	2023-07-31 19:43:08	48	1	1	0
 2626	2023-08-01 07:16:12	48	0	1	0
 2626	2023-08-01 07:16:13	48	0	1	0
 1262	2023-08-01 07:22:06	48	0	1	0
 1262	2023-08-01 07:22:08	48	0	1	0
  181	2023-08-01 07:26:48	48	0	1	0
  847	2023-08-01 07:30:52	48	0	1	0
   59	2023-08-01 07:41:14	48	0	1	0
   59	2023-08-01 07:41:16	48	0	1	0
 2874	2023-08-01 07:42:58	48	0	1	0
 2874	2023-08-01 07:43:02	48	0	1	0
  582	2023-08-01 07:47:11	48	0	1	0
  582	2023-08-01 07:47:13	48	0	1	0
 1793	2023-08-01 07:47:32	48	0	1	0
 1793	2023-08-01 07:47:34	48	0	1	0
 1778	2023-08-01 07:47:41	48	0	1	0
 1778	2023-08-01 07:47:42	48	0	1	0
  250	2023-08-01 07:51:21	48	0	1	0
  250	2023-08-01 07:51:22	48	0	1	0
  865	2023-08-01 07:53:37	48	0	1	0
  865	2023-08-01 07:53:39	48	0	1	0
 2566	2023-08-01 07:55:40	48	0	1	0
 2566	2023-08-01 07:55:41	48	0	1	0
  889	2023-08-01 07:56:05	48	0	1	0
  889	2023-08-01 07:56:06	48	0	1	0
 1683	2023-08-01 07:56:11	48	0	1	0
 1683	2023-08-01 07:56:13	48	0	1	0
  891	2023-08-01 07:56:19	48	0	1	0
  891	2023-08-01 07:56:20	48	0	1	0
  331	2023-08-01 07:57:02	48	0	1	0
  331	2023-08-01 07:57:03	48	0	1	0
  331	2023-08-01 07:57:04	48	0	1	0
  364	2023-08-01 07:58:03	48	0	1	0
  364	2023-08-01 07:58:04	48	0	1	0
  154	2023-08-01 07:59:35	48	0	1	0
 1486	2023-08-01 08:00:19	48	0	1	0
  494	2023-08-01 08:00:45	48	0	1	0
  494	2023-08-01 08:00:49	48	0	1	0
 2806	2023-08-01 08:01:09	48	0	1	0
 1792	2023-08-01 08:01:54	48	0	1	0
  487	2023-08-01 08:08:35	48	0	1	0
  487	2023-08-01 08:08:38	48	0	1	0
 2625	2023-08-01 08:09:20	48	0	1	0
 2625	2023-08-01 08:09:21	48	0	1	0
 1778	2023-08-01 12:00:08	48	1	1	0
  404	2023-08-01 12:00:20	48	1	1	0
  181	2023-08-01 12:00:28	48	1	1	0
 2161	2023-08-01 12:00:46	48	1	1	0
  582	2023-08-01 12:01:17	48	1	1	0
 1778	2023-08-01 12:02:07	48	0	1	0
 1486	2023-08-01 12:02:22	48	1	1	0
  891	2023-08-01 12:02:35	48	1	1	0
 2625	2023-08-01 12:03:45	48	1	1	0
 2625	2023-08-01 12:03:47	48	1	1	0
  250	2023-08-01 12:04:36	48	1	1	0
  250	2023-08-01 12:04:37	48	1	1	0
  487	2023-08-01 12:05:02	48	1	1	0
  487	2023-08-01 12:05:04	48	1	1	0
  331	2023-08-01 12:05:18	48	1	1	0
 2161	2023-08-01 12:06:19	48	0	1	0
  250	2023-08-01 12:08:05	48	0	1	0
  250	2023-08-01 12:08:07	48	0	1	0
  494	2023-08-01 12:08:16	48	1	1	0
  847	2023-08-01 12:08:26	48	1	1	0
 1793	2023-08-01 12:10:09	48	1	1	0
 1793	2023-08-01 12:10:11	48	1	1	0
  181	2023-08-01 12:10:53	48	0	1	0
  847	2023-08-01 12:11:33	48	0	1	0
  404	2023-08-01 12:11:56	48	0	1	0
 1486	2023-08-01 12:12:39	48	0	1	0
 2806	2023-08-01 12:12:48	48	1	1	0
 2625	2023-08-01 12:12:59	48	0	1	0
 2625	2023-08-01 12:13:01	48	0	1	0
  889	2023-08-01 12:13:08	48	1	1	0
  889	2023-08-01 12:18:03	48	0	1	0
  331	2023-08-01 12:20:05	48	0	1	0
  364	2023-08-01 12:20:12	48	1	1	0
   59	2023-08-01 12:20:39	48	1	1	0
  364	2023-08-01 12:23:56	48	0	1	0
   59	2023-08-01 12:24:00	48	0	1	0
   59	2023-08-01 12:24:02	48	0	1	0
  154	2023-08-01 12:26:48	48	1	1	0
 1683	2023-08-01 12:28:36	48	1	1	0
 2806	2023-08-01 12:29:02	48	0	1	0
  154	2023-08-01 12:32:20	48	0	1	0
 1683	2023-08-01 12:32:26	48	0	1	0
  865	2023-08-01 12:35:43	48	1	1	0
  487	2023-08-01 12:36:34	48	0	1	0
  487	2023-08-01 12:36:36	48	0	1	0
 2566	2023-08-01 12:37:16	48	1	1	0
  865	2023-08-01 12:38:06	48	0	1	0
  768	2023-08-01 12:41:01	48	1	1	0
 2626	2023-08-01 12:41:39	48	1	1	0
  768	2023-08-01 12:43:58	48	0	1	0
 2626	2023-08-01 12:46:05	48	0	1	0
 1793	2023-08-01 12:48:07	48	0	1	0
 1793	2023-08-01 12:48:10	48	0	1	0
  891	2023-08-01 12:50:32	48	0	1	0
  891	2023-08-01 12:50:34	48	0	1	0
  494	2023-08-01 12:50:55	48	1	1	0
  494	2023-08-01 12:58:15	48	0	1	0
  487	2023-08-01 16:06:29	48	1	1	0
  487	2023-08-01 16:06:31	48	1	1	0
  250	2023-08-01 17:00:32	48	1	1	0
  250	2023-08-01 17:00:34	48	1	1	0
  181	2023-08-01 17:00:39	48	1	1	0
  181	2023-08-01 17:00:41	48	1	1	0
 1793	2023-08-01 17:00:51	48	1	1	0
 1793	2023-08-01 17:00:52	48	1	1	0
 2626	2023-08-01 17:01:06	48	1	1	0
 2626	2023-08-01 17:01:07	48	1	1	0
 2161	2023-08-01 17:01:12	48	1	1	0
 2161	2023-08-01 17:01:15	48	1	1	0
  891	2023-08-01 17:01:23	48	1	1	0
  891	2023-08-01 17:01:24	48	1	1	0
  331	2023-08-01 17:01:30	48	1	1	0
  331	2023-08-01 17:01:32	48	1	1	0
 1486	2023-08-01 17:01:38	48	1	1	0
 1486	2023-08-01 17:01:41	48	1	1	0
  889	2023-08-01 17:01:46	48	1	1	0
  889	2023-08-01 17:01:47	48	1	1	0
  847	2023-08-01 17:02:08	48	1	1	0
 1683	2023-08-01 17:02:14	48	1	1	0
 1683	2023-08-01 17:02:16	48	1	1	0
 2625	2023-08-01 17:03:18	48	1	1	0
 2625	2023-08-01 17:03:19	48	1	1	0
  494	2023-08-01 17:03:25	48	1	1	0
  494	2023-08-01 17:03:26	48	1	1	0
  364	2023-08-01 17:03:55	48	1	1	0
  364	2023-08-01 17:03:56	48	1	1	0
  154	2023-08-01 17:04:00	48	1	1	0
  865	2023-08-01 17:04:07	48	1	1	0
   59	2023-08-01 17:04:16	48	1	1	0
   59	2023-08-01 17:04:21	48	1	1	0
 2806	2023-08-01 17:04:36	48	1	1	0
 2874	2023-08-01 17:04:41	48	1	1	0
 2874	2023-08-01 17:04:42	48	1	1	0
  768	2023-08-01 17:05:00	48	1	1	0
 1262	2023-08-01 19:08:17	48	1	1	0
 1262	2023-08-01 19:08:18	48	1	1	0
 2626	2023-08-02 07:03:38	48	0	1	0
 2626	2023-08-02 07:03:40	48	0	1	0
  326	2023-08-02 07:13:53	48	0	1	0
 1262	2023-08-02 07:22:01	48	0	1	0
 1262	2023-08-02 07:22:02	48	0	1	0
 2874	2023-08-02 07:37:28	48	0	1	0
 2874	2023-08-02 07:37:29	48	0	1	0
  181	2023-08-02 07:39:45	48	0	1	0
 1243	2023-08-02 07:47:21	48	0	1	0
  847	2023-08-02 07:48:41	48	0	1	0
  768	2023-08-02 07:50:20	48	0	1	0
  768	2023-08-02 07:50:27	48	0	1	0
 1778	2023-08-02 07:50:35	48	0	1	0
  487	2023-08-02 07:53:12	48	0	1	0
  487	2023-08-02 07:53:14	48	0	1	0
  582	2023-08-02 07:53:18	48	0	1	0
  582	2023-08-02 07:53:19	48	0	1	0
   59	2023-08-02 07:53:29	48	0	1	0
   59	2023-08-02 07:53:30	48	0	1	0
 1683	2023-08-02 07:55:52	48	0	1	0
 1683	2023-08-02 07:55:54	48	0	1	0
  891	2023-08-02 07:55:59	48	0	1	0
  891	2023-08-02 07:56:01	48	0	1	0
 2806	2023-08-02 07:56:33	48	0	1	0
 1486	2023-08-02 07:57:08	48	0	1	0
  582	2023-08-02 07:57:51	48	0	1	0
  154	2023-08-02 08:03:25	48	0	1	0
  331	2023-08-02 08:05:40	48	0	1	0
  331	2023-08-02 08:05:44	48	0	1	0
 2566	2023-08-02 08:05:50	48	0	1	0
 2566	2023-08-02 08:05:52	48	0	1	0
  889	2023-08-02 08:06:17	48	0	1	0
  889	2023-08-02 08:06:19	48	0	1	0
 2625	2023-08-02 08:08:53	48	0	1	0
 2625	2023-08-02 08:08:54	48	0	1	0
  981	2023-08-02 08:09:03	48	0	1	0
  981	2023-08-02 08:09:04	48	0	1	0
  865	2023-08-02 08:10:18	48	0	1	0
  865	2023-08-02 08:10:20	48	0	1	0
 1792	2023-08-02 08:11:44	48	0	1	0
  250	2023-08-02 08:12:16	48	0	1	0
  250	2023-08-02 08:12:17	48	0	1	0
  494	2023-08-02 08:19:45	48	0	1	0
  494	2023-08-02 08:19:47	48	0	1	0
  364	2023-08-02 08:22:34	48	0	1	0
  364	2023-08-02 08:22:36	48	0	1	0
 1793	2023-08-02 08:27:37	48	0	1	0
 1793	2023-08-02 08:27:38	48	0	1	0
  283	2023-08-02 08:42:34	48	0	1	0
  283	2023-08-02 08:42:36	48	0	1	0
  283	2023-08-02 08:42:37	48	0	1	0
  283	2023-08-02 08:42:43	48	0	1	0
  250	2023-08-02 12:02:41	48	1	1	0
  250	2023-08-02 12:02:43	48	1	1	0
  283	2023-08-02 12:02:51	48	1	1	0
  283	2023-08-02 12:02:53	48	1	1	0
  981	2023-08-02 12:03:00	48	1	1	0
 2566	2023-08-02 12:03:05	48	1	1	0
 2626	2023-08-02 12:03:16	48	1	1	0
  487	2023-08-02 12:04:16	48	1	1	0
  487	2023-08-02 12:04:17	48	1	1	0
  283	2023-08-02 12:05:34	48	0	1	0
  283	2023-08-02 12:05:35	48	0	1	0
  981	2023-08-02 12:05:42	48	0	1	0
 2626	2023-08-02 12:05:50	48	0	1	0
 2566	2023-08-02 12:05:58	48	0	1	0
  865	2023-08-02 12:06:58	48	1	1	0
  250	2023-08-02 12:07:11	48	0	1	0
  250	2023-08-02 12:07:12	48	0	1	0
  181	2023-08-02 12:07:21	48	1	1	0
 2625	2023-08-02 12:07:41	48	1	1	0
 2625	2023-08-02 12:07:43	48	1	1	0
 1243	2023-08-02 12:08:40	48	1	1	0
  181	2023-08-02 12:09:06	48	0	1	0
 1486	2023-08-02 12:09:26	48	1	1	0
 2625	2023-08-02 12:09:37	48	0	1	0
 2625	2023-08-02 12:09:38	48	0	1	0
  494	2023-08-02 12:09:43	48	1	1	0
  494	2023-08-02 12:09:45	48	1	1	0
  865	2023-08-02 12:10:19	48	0	1	0
 1243	2023-08-02 12:11:32	48	0	1	0
  865	2023-08-02 12:12:06	48	0	1	0
 1793	2023-08-02 12:12:43	48	1	1	0
 1793	2023-08-02 12:12:44	48	1	1	0
 1486	2023-08-02 12:13:36	48	0	1	0
 2806	2023-08-02 12:14:03	48	1	1	0
 1778	2023-08-02 12:14:18	48	1	1	0
  154	2023-08-02 12:14:32	48	1	1	0
  847	2023-08-02 12:14:56	48	1	1	0
  768	2023-08-02 12:15:09	48	1	1	0
  404	2023-08-02 12:15:19	48	1	1	0
 1683	2023-08-02 12:15:34	48	1	1	0
  889	2023-08-02 12:15:45	48	1	1	0
  154	2023-08-02 12:18:36	48	0	1	0
 1683	2023-08-02 12:18:42	48	0	1	0
  768	2023-08-02 12:20:44	48	0	1	0
  847	2023-08-02 12:21:53	48	0	1	0
 1778	2023-08-02 12:23:15	48	0	1	0
  889	2023-08-02 12:23:20	48	0	1	0
  404	2023-08-02 12:23:26	48	0	1	0
 1793	2023-08-02 12:24:24	48	0	1	0
 1793	2023-08-02 12:24:25	48	0	1	0
  331	2023-08-02 12:32:21	48	1	1	0
  494	2023-08-02 12:35:16	48	0	1	0
   59	2023-08-02 12:37:41	48	1	1	0
   59	2023-08-02 12:37:42	48	1	1	0
 2625	2023-08-02 12:40:35	48	0	1	0
 2625	2023-08-02 12:40:37	48	0	1	0
   59	2023-08-02 12:44:07	48	0	1	0
   59	2023-08-02 12:44:08	48	0	1	0
  487	2023-08-02 12:44:45	48	0	1	0
  487	2023-08-02 12:44:46	48	0	1	0
  487	2023-08-02 12:44:48	48	0	1	0
  283	2023-08-02 12:47:14	48	0	1	0
  283	2023-08-02 12:47:16	48	0	1	0
 1262	2023-08-02 12:48:06	48	1	1	0
 1262	2023-08-02 12:48:08	48	1	1	0
 1262	2023-08-02 12:50:03	48	0	1	0
 1262	2023-08-02 12:50:04	48	0	1	0
  331	2023-08-02 12:51:00	48	0	1	0
 2806	2023-08-02 12:51:42	48	0	1	0
  250	2023-08-02 17:00:18	48	1	1	0
  250	2023-08-02 17:00:20	48	1	1	0
  181	2023-08-02 17:00:26	48	1	1	0
  582	2023-08-02 17:00:32	48	1	1	0
  582	2023-08-02 17:00:33	48	1	1	0
  981	2023-08-02 17:00:40	48	1	1	0
  981	2023-08-02 17:00:42	48	1	1	0
  331	2023-08-02 17:00:51	48	1	1	0
  331	2023-08-02 17:00:52	48	1	1	0
 1793	2023-08-02 17:01:06	48	1	1	0
 1793	2023-08-02 17:01:08	48	1	1	0
 2626	2023-08-02 17:01:13	48	1	1	0
 2626	2023-08-02 17:01:14	48	1	1	0
  494	2023-08-02 17:01:27	48	1	1	0
  494	2023-08-02 17:01:33	48	1	1	0
  889	2023-08-02 17:01:47	48	1	1	0
  889	2023-08-02 17:01:48	48	1	1	0
  891	2023-08-02 17:01:55	48	1	1	0
  891	2023-08-02 17:01:57	48	1	1	0
 1486	2023-08-02 17:02:08	48	1	1	0
 1486	2023-08-02 17:02:10	48	1	1	0
 1792	2023-08-02 17:02:45	48	1	1	0
 1683	2023-08-02 17:03:07	48	1	1	0
 1683	2023-08-02 17:03:08	48	1	1	0
 2806	2023-08-02 17:03:21	48	1	1	0
 2625	2023-08-02 17:03:32	48	1	1	0
 2625	2023-08-02 17:03:33	48	1	1	0
 1262	2023-08-02 17:03:40	48	1	1	0
 1262	2023-08-02 17:03:41	48	1	1	0
  768	2023-08-02 17:03:52	48	1	1	0
 1686	2023-08-02 17:04:24	48	1	1	0
 1686	2023-08-02 17:04:25	48	1	1	0
 1778	2023-08-02 17:04:31	48	1	1	0
   59	2023-08-02 17:04:54	48	1	1	0
   59	2023-08-02 17:04:56	48	1	1	0
  364	2023-08-02 17:05:22	48	1	1	0
  364	2023-08-02 17:05:23	48	1	1	0
  154	2023-08-02 17:05:32	48	1	1	0
  326	2023-08-02 17:05:39	48	1	1	0
 2874	2023-08-02 17:06:40	48	1	1	0
 2874	2023-08-02 17:06:41	48	1	1	0
  283	2023-08-02 17:06:49	48	1	1	0
  283	2023-08-02 17:06:51	48	1	1	0
  865	2023-08-02 17:08:16	48	1	1	0
  865	2023-08-02 17:08:17	48	1	1	0
 1243	2023-08-02 17:08:55	48	1	1	0
 2566	2023-08-02 17:22:58	48	1	1	0
 2566	2023-08-02 17:23:00	48	1	1	0
  847	2023-08-02 17:36:23	48	1	1	0
 2626	2023-08-03 07:17:17	48	0	1	0
 2626	2023-08-03 07:17:19	48	0	1	0
 1262	2023-08-03 07:20:58	48	0	1	0
 1262	2023-08-03 07:21:00	48	0	1	0
  283	2023-08-03 07:30:56	48	0	1	0
  283	2023-08-03 07:30:58	48	0	1	0
  283	2023-08-03 07:30:59	48	0	1	0
  283	2023-08-03 07:31:42	48	0	1	0
  283	2023-08-03 07:31:44	48	0	1	0
  283	2023-08-03 07:31:46	48	0	1	0
  847	2023-08-03 07:33:40	48	0	1	0
  181	2023-08-03 07:35:41	48	0	1	0
 2874	2023-08-03 07:40:08	48	0	1	0
 2874	2023-08-03 07:40:10	48	0	1	0
  283	2023-08-03 07:43:31	48	0	1	0
  283	2023-08-03 07:43:32	48	0	1	0
  582	2023-08-03 07:47:08	48	0	1	0
  582	2023-08-03 07:47:11	48	0	1	0
  891	2023-08-03 07:54:42	48	0	1	0
  891	2023-08-03 07:54:43	48	0	1	0
 2806	2023-08-03 07:54:57	48	0	1	0
   59	2023-08-03 07:55:05	48	0	1	0
   59	2023-08-03 07:55:07	48	0	1	0
 2625	2023-08-03 07:55:13	48	0	1	0
 2625	2023-08-03 07:55:15	48	0	1	0
  981	2023-08-03 07:55:34	48	0	1	0
  981	2023-08-03 07:55:35	48	0	1	0
 1792	2023-08-03 07:59:17	48	0	1	0
  364	2023-08-03 07:59:27	48	0	1	0
  364	2023-08-03 07:59:28	48	0	1	0
 1778	2023-08-03 08:00:06	48	0	1	0
 1778	2023-08-03 08:00:07	48	0	1	0
  494	2023-08-03 08:00:12	48	0	1	0
  487	2023-08-03 08:00:40	48	0	1	0
  487	2023-08-03 08:00:42	48	0	1	0
  865	2023-08-03 08:01:34	48	0	1	0
  865	2023-08-03 08:01:36	48	0	1	0
 1486	2023-08-03 08:03:54	48	0	1	0
 1793	2023-08-03 08:05:39	48	0	1	0
 1793	2023-08-03 08:05:41	48	0	1	0
  889	2023-08-03 08:06:12	48	0	1	0
  889	2023-08-03 08:06:13	48	0	1	0
  250	2023-08-03 08:07:49	48	0	1	0
  250	2023-08-03 08:07:50	48	0	1	0
 2566	2023-08-03 08:12:12	48	0	1	0
 2566	2023-08-03 08:12:13	48	0	1	0
  768	2023-08-03 08:22:06	48	0	1	0
  331	2023-08-03 08:35:36	48	0	1	0
 1243	2023-08-03 08:44:46	48	0	1	0
  181	2023-08-03 12:00:55	48	1	1	0
 2161	2023-08-03 12:01:01	48	1	1	0
  250	2023-08-03 12:01:05	48	1	1	0
  250	2023-08-03 12:01:07	48	1	1	0
 1793	2023-08-03 12:01:13	48	1	1	0
 1793	2023-08-03 12:01:14	48	1	1	0
 2625	2023-08-03 12:01:22	48	1	1	0
 2625	2023-08-03 12:01:23	48	1	1	0
 1243	2023-08-03 12:01:50	48	1	1	0
 1778	2023-08-03 12:01:57	48	1	1	0
 1486	2023-08-03 12:02:47	48	1	1	0
  487	2023-08-03 12:03:53	48	1	1	0
  487	2023-08-03 12:03:54	48	1	1	0
 2161	2023-08-03 12:05:27	48	0	1	0
  250	2023-08-03 12:05:34	48	0	1	0
  250	2023-08-03 12:05:36	48	0	1	0
  847	2023-08-03 12:06:46	48	1	1	0
 1243	2023-08-03 12:07:02	48	0	1	0
  181	2023-08-03 12:07:07	48	0	1	0
  865	2023-08-03 12:08:12	48	1	1	0
  487	2023-08-03 12:09:34	48	0	1	0
  487	2023-08-03 12:09:35	48	0	1	0
 2625	2023-08-03 12:09:47	48	0	1	0
 2625	2023-08-03 12:09:48	48	0	1	0
 1778	2023-08-03 12:09:54	48	0	1	0
  847	2023-08-03 12:10:04	48	0	1	0
  865	2023-08-03 12:10:23	48	0	1	0
 1486	2023-08-03 12:10:34	48	0	1	0
 1262	2023-08-03 12:15:11	48	1	1	0
 1262	2023-08-03 12:15:12	48	1	1	0
 2626	2023-08-03 12:20:05	48	1	1	0
   59	2023-08-03 12:20:11	48	1	1	0
  582	2023-08-03 12:20:42	48	1	1	0
 2806	2023-08-03 12:21:03	48	1	1	0
  331	2023-08-03 12:21:36	48	1	1	0
 2626	2023-08-03 12:22:27	48	0	1	0
 1262	2023-08-03 12:22:33	48	0	1	0
  582	2023-08-03 12:24:32	48	0	1	0
  154	2023-08-03 12:25:08	48	1	1	0
  768	2023-08-03 12:25:14	48	1	1	0
 2874	2023-08-03 12:25:41	48	1	1	0
 2874	2023-08-03 12:25:43	48	1	1	0
  331	2023-08-03 12:25:55	48	0	1	0
  768	2023-08-03 12:26:09	48	0	1	0
   59	2023-08-03 12:26:23	48	0	1	0
   59	2023-08-03 12:26:24	48	0	1	0
  768	2023-08-03 12:27:02	48	0	1	0
 2566	2023-08-03 12:27:09	48	1	1	0
  283	2023-08-03 12:27:22	48	1	1	0
  283	2023-08-03 12:27:23	48	1	1	0
  981	2023-08-03 12:27:26	48	1	1	0
  889	2023-08-03 12:28:08	48	1	1	0
  889	2023-08-03 12:30:52	48	0	1	0
  283	2023-08-03 12:30:59	48	1	1	0
  981	2023-08-03 12:31:06	48	0	1	0
  154	2023-08-03 12:32:41	48	0	1	0
 2566	2023-08-03 12:37:58	48	0	1	0
 1793	2023-08-03 12:38:31	48	0	1	0
 1793	2023-08-03 12:38:33	48	0	1	0
 2874	2023-08-03 12:38:44	48	0	1	0
 2806	2023-08-03 12:40:34	48	0	1	0
  283	2023-08-03 12:41:47	48	0	1	0
  283	2023-08-03 12:41:49	48	0	1	0
  494	2023-08-03 12:42:52	48	1	1	0
  891	2023-08-03 12:42:59	48	1	1	0
  494	2023-08-03 12:49:59	48	0	1	0
  891	2023-08-03 12:50:33	48	0	1	0
 2161	2023-08-03 17:00:06	48	1	1	0
  250	2023-08-03 17:00:11	48	1	1	0
  250	2023-08-03 17:00:13	48	1	1	0
  181	2023-08-03 17:00:20	48	1	1	0
  181	2023-08-03 17:00:21	48	1	1	0
 1793	2023-08-03 17:00:24	48	1	1	0
 1793	2023-08-03 17:00:26	48	1	1	0
  889	2023-08-03 17:00:34	48	1	1	0
  889	2023-08-03 17:00:36	48	1	1	0
 1262	2023-08-03 17:00:42	48	1	1	0
 1262	2023-08-03 17:00:43	48	1	1	0
  331	2023-08-03 17:00:48	48	1	1	0
  331	2023-08-03 17:00:50	48	1	1	0
 2806	2023-08-03 17:01:05	48	1	1	0
 2626	2023-08-03 17:01:15	48	1	1	0
 2626	2023-08-03 17:01:16	48	1	1	0
  981	2023-08-03 17:01:22	48	1	1	0
  981	2023-08-03 17:01:23	48	1	1	0
 1518	2023-08-03 17:01:30	48	1	1	0
 1518	2023-08-03 17:01:35	48	1	1	0
 1486	2023-08-03 17:01:40	48	1	1	0
 1486	2023-08-03 17:01:43	48	1	1	0
 1778	2023-08-03 17:01:49	48	1	1	0
  494	2023-08-03 17:01:55	48	1	1	0
  494	2023-08-03 17:01:56	48	1	1	0
 1792	2023-08-03 17:02:05	48	1	1	0
  404	2023-08-03 17:02:12	48	1	1	0
  404	2023-08-03 17:02:14	48	1	1	0
  768	2023-08-03 17:02:26	48	1	1	0
  283	2023-08-03 17:02:34	48	1	1	0
  283	2023-08-03 17:02:36	48	1	1	0
  283	2023-08-03 17:02:39	48	1	1	0
 2625	2023-08-03 17:02:51	48	1	1	0
 2625	2023-08-03 17:02:52	48	1	1	0
   59	2023-08-03 17:03:01	48	1	1	0
  364	2023-08-03 17:03:21	48	1	1	0
  364	2023-08-03 17:03:23	48	1	1	0
  891	2023-08-03 17:03:32	48	1	1	0
  891	2023-08-03 17:03:34	48	1	1	0
  283	2023-08-03 17:04:46	48	1	1	0
  154	2023-08-03 17:05:17	48	1	1	0
 1243	2023-08-03 17:05:24	48	1	1	0
  487	2023-08-03 17:10:55	48	1	1	0
  487	2023-08-03 17:10:57	48	1	1	0
 2566	2023-08-03 17:12:00	48	1	1	0
 2566	2023-08-03 17:12:02	48	1	1	0
 2874	2023-08-03 17:15:26	48	1	1	0
 2874	2023-08-03 17:15:27	48	1	1	0
  865	2023-08-03 17:25:20	48	1	1	0
  865	2023-08-03 17:25:22	48	1	1	0
  582	2023-08-03 18:11:16	48	1	1	0
  582	2023-08-03 18:11:17	48	1	1	0
 1686	2023-08-03 19:20:16	48	1	1	0
 1686	2023-08-03 19:20:17	48	1	1	0
 2806	2023-08-03 21:39:00	48	4	1	0
 2625	2023-08-03 21:41:50	48	4	1	0
 2625	2023-08-03 21:41:52	48	4	1	0
  404	2023-08-03 21:57:38	48	4	1	0
 2625	2023-08-04 00:10:20	48	5	1	0
 2625	2023-08-04 00:10:22	48	5	1	0
  404	2023-08-04 00:10:29	48	5	1	0
  404	2023-08-04 00:10:31	48	5	1	0
 2806	2023-08-04 00:10:39	48	5	1	0
 1686	2023-08-04 06:48:18	48	0	1	0
 1686	2023-08-04 06:48:19	48	0	1	0
 1262	2023-08-04 07:13:31	48	0	1	0
 1262	2023-08-04 07:13:33	48	0	1	0
 1243	2023-08-04 07:28:20	48	0	1	0
 1793	2023-08-04 07:31:45	48	0	1	0
 1793	2023-08-04 07:31:46	48	0	1	0
 2626	2023-08-04 07:38:57	48	0	1	0
 2626	2023-08-04 07:38:59	48	0	1	0
 2874	2023-08-04 07:39:14	48	0	1	0
 2874	2023-08-04 07:39:15	48	0	1	0
 2161	2023-08-04 07:42:18	48	0	1	0
  847	2023-08-04 07:43:04	48	0	1	0
  889	2023-08-04 07:47:40	48	0	1	0
  889	2023-08-04 07:47:41	48	0	1	0
 1778	2023-08-04 07:50:37	48	0	1	0
 1778	2023-08-04 07:50:39	48	0	1	0
  331	2023-08-04 07:53:35	48	0	1	0
  331	2023-08-04 07:53:37	48	0	1	0
  582	2023-08-04 07:53:42	48	0	1	0
  582	2023-08-04 07:53:44	48	0	1	0
 2566	2023-08-04 07:54:10	48	0	1	0
 2566	2023-08-04 07:54:12	48	0	1	0
  891	2023-08-04 07:56:01	48	0	1	0
  891	2023-08-04 07:56:02	48	0	1	0
 1486	2023-08-04 07:56:07	48	0	1	0
 1486	2023-08-04 07:56:08	48	0	1	0
  768	2023-08-04 07:57:03	48	0	1	0
  768	2023-08-04 07:57:05	48	0	1	0
  364	2023-08-04 07:57:13	48	0	1	0
  364	2023-08-04 07:57:15	48	0	1	0
 1683	2023-08-04 07:58:53	48	0	1	0
 1683	2023-08-04 07:58:54	48	0	1	0
 1792	2023-08-04 08:00:14	48	0	1	0
  283	2023-08-04 08:01:28	48	0	1	0
  283	2023-08-04 08:01:29	48	0	1	0
  283	2023-08-04 08:01:34	48	0	1	0
 2806	2023-08-04 08:07:58	48	0	1	0
  250	2023-08-04 08:10:28	48	0	1	0
  250	2023-08-04 08:10:30	48	0	1	0
 2625	2023-08-04 08:22:59	48	0	1	0
 2625	2023-08-04 08:23:00	48	0	1	0
  494	2023-08-04 08:30:58	48	0	1	0
  494	2023-08-04 08:31:00	48	0	1	0
  981	2023-08-04 08:45:53	48	0	1	0
  981	2023-08-04 08:45:54	48	0	1	0
  250	2023-08-04 12:02:44	48	1	1	0
 1793	2023-08-04 12:02:47	48	1	1	0
 1793	2023-08-04 12:02:48	48	1	1	0
 2161	2023-08-04 12:03:03	48	1	1	0
 1778	2023-08-04 12:03:59	48	1	1	0
  250	2023-08-04 12:04:41	48	0	1	0
  250	2023-08-04 12:04:42	48	0	1	0
  847	2023-08-04 12:05:23	48	1	1	0
  847	2023-08-04 12:05:28	48	1	1	0
  582	2023-08-04 12:05:44	48	1	1	0
 1778	2023-08-04 12:07:36	48	0	1	0
 2806	2023-08-04 12:07:54	48	1	1	0
  364	2023-08-04 12:08:00	48	1	1	0
 1793	2023-08-04 12:08:13	48	0	1	0
 1793	2023-08-04 12:08:14	48	0	1	0
  768	2023-08-04 12:08:22	48	1	1	0
 1262	2023-08-04 12:08:33	48	1	1	0
 1262	2023-08-04 12:08:35	48	1	1	0
  331	2023-08-04 12:09:12	48	1	1	0
  494	2023-08-04 12:09:24	48	1	1	0
  847	2023-08-04 12:09:39	48	0	1	0
  891	2023-08-04 12:10:04	48	1	1	0
  582	2023-08-04 12:10:28	48	1	1	0
 2874	2023-08-04 12:10:54	48	1	1	0
  364	2023-08-04 12:11:53	48	0	1	0
 2161	2023-08-04 12:14:08	48	0	1	0
 2806	2023-08-04 12:17:47	48	0	1	0
  891	2023-08-04 12:22:10	48	0	1	0
 2874	2023-08-04 12:24:17	48	0	1	0
  889	2023-08-04 12:24:26	48	1	1	0
  331	2023-08-04 12:26:13	48	0	1	0
  768	2023-08-04 12:28:19	48	0	1	0
 1262	2023-08-04 12:36:13	48	0	1	0
 1486	2023-08-04 12:40:05	48	1	1	0
  154	2023-08-04 12:45:26	48	1	1	0
 1683	2023-08-04 12:45:31	48	1	1	0
  364	2023-08-04 12:46:18	48	0	1	0
 2625	2023-08-04 12:46:38	48	1	1	0
 2625	2023-08-04 12:46:39	48	1	1	0
 2566	2023-08-04 12:46:45	48	1	1	0
 2626	2023-08-04 12:46:54	48	1	1	0
  283	2023-08-04 12:47:06	48	1	1	0
  283	2023-08-04 12:47:08	48	1	1	0
  981	2023-08-04 12:47:49	48	1	1	0
  154	2023-08-04 12:49:07	48	0	1	0
 1683	2023-08-04 12:49:13	48	0	1	0
 2626	2023-08-04 12:50:04	48	0	1	0
  981	2023-08-04 12:50:13	48	0	1	0
 2625	2023-08-04 12:50:18	48	0	1	0
 2625	2023-08-04 12:50:20	48	0	1	0
 1486	2023-08-04 12:51:05	48	0	1	0
  283	2023-08-04 12:53:02	48	0	1	0
  283	2023-08-04 12:53:03	48	0	1	0
  283	2023-08-04 12:53:05	48	0	1	0
 2566	2023-08-04 12:53:30	48	0	1	0
  494	2023-08-04 12:58:36	48	0	1	0
  889	2023-08-04 12:58:42	48	0	1	0
  283	2023-08-04 12:59:28	48	0	1	0
 2161	2023-08-04 17:00:03	48	1	1	0
 1486	2023-08-04 17:00:15	48	1	1	0
 1486	2023-08-04 17:00:17	48	1	1	0
  331	2023-08-04 17:00:24	48	1	1	0
  331	2023-08-04 17:00:25	48	1	1	0
  250	2023-08-04 17:00:30	48	1	1	0
  250	2023-08-04 17:00:31	48	1	1	0
 1262	2023-08-04 17:00:39	48	1	1	0
 1262	2023-08-04 17:00:40	48	1	1	0
  889	2023-08-04 17:00:48	48	1	1	0
  889	2023-08-04 17:00:49	48	1	1	0
 2806	2023-08-04 17:00:58	48	1	1	0
  283	2023-08-04 17:01:02	48	1	1	0
  283	2023-08-04 17:01:06	48	1	1	0
  283	2023-08-04 17:01:07	48	1	1	0
 2626	2023-08-04 17:01:13	48	1	1	0
 2626	2023-08-04 17:01:15	48	1	1	0
  768	2023-08-04 17:01:23	48	1	1	0
  494	2023-08-04 17:01:29	48	1	1	0
  891	2023-08-04 17:01:34	48	1	1	0
  891	2023-08-04 17:01:35	48	1	1	0
 1243	2023-08-04 17:01:42	48	1	1	0
 1683	2023-08-04 17:02:06	48	1	1	0
 1683	2023-08-04 17:02:08	48	1	1	0
 1793	2023-08-04 17:02:14	48	1	1	0
 2874	2023-08-04 17:02:21	48	1	1	0
 2874	2023-08-04 17:02:22	48	1	1	0
  283	2023-08-04 17:02:42	48	1	1	0
  283	2023-08-04 17:02:44	48	1	1	0
  154	2023-08-04 17:02:50	48	1	1	0
  494	2023-08-04 17:02:55	48	1	1	0
 1778	2023-08-04 17:03:00	48	1	1	0
 1778	2023-08-04 17:03:02	48	1	1	0
 2625	2023-08-04 17:03:19	48	1	1	0
 2625	2023-08-04 17:03:20	48	1	1	0
 2566	2023-08-04 17:03:52	48	1	1	0
 2566	2023-08-04 17:03:54	48	1	1	0
  364	2023-08-04 17:39:50	48	1	1	0
  364	2023-08-04 17:39:51	48	1	1	0
 1792	2023-08-04 19:21:39	48	1	1	0
  181	2023-08-07 07:13:06	48	0	1	0
  181	2023-08-07 07:13:07	48	0	1	0
  154	2023-08-07 07:16:20	48	0	1	0
 2626	2023-08-07 07:28:36	48	0	1	0
 2626	2023-08-07 07:28:39	48	0	1	0
 2874	2023-08-07 07:35:46	48	0	1	0
 2874	2023-08-07 07:35:48	48	0	1	0
 2161	2023-08-07 07:40:05	48	0	1	0
 1778	2023-08-07 07:43:06	48	0	1	0
  331	2023-08-07 07:45:52	48	0	1	0
  331	2023-08-07 07:45:54	48	0	1	0
  331	2023-08-07 07:45:56	48	0	1	0
  865	2023-08-07 07:46:14	48	0	1	0
  865	2023-08-07 07:46:16	48	0	1	0
 1792	2023-08-07 07:48:13	48	0	1	0
  250	2023-08-07 07:52:13	48	0	1	0
  250	2023-08-07 07:52:15	48	0	1	0
 1486	2023-08-07 07:52:51	48	0	1	0
 1486	2023-08-07 07:52:52	48	0	1	0
 2806	2023-08-07 07:56:39	48	0	1	0
  364	2023-08-07 07:59:11	48	0	1	0
  364	2023-08-07 07:59:13	48	0	1	0
 1683	2023-08-07 07:59:33	48	0	1	0
 1683	2023-08-07 07:59:35	48	0	1	0
   59	2023-08-07 08:02:04	48	0	1	0
   59	2023-08-07 08:02:05	48	0	1	0
  283	2023-08-07 08:02:38	48	0	1	0
  283	2023-08-07 08:02:39	48	0	1	0
  283	2023-08-07 08:02:42	48	0	1	0
 1243	2023-08-07 08:10:32	48	0	1	0
  283	2023-08-07 08:17:17	48	0	1	0
  283	2023-08-07 08:17:18	48	0	1	0
  889	2023-08-07 08:17:22	48	0	1	0
  889	2023-08-07 08:17:23	48	0	1	0
 1793	2023-08-07 08:17:56	48	0	1	0
 1793	2023-08-07 08:17:57	48	0	1	0
 2566	2023-08-07 08:28:46	48	0	1	0
 2566	2023-08-07 08:28:48	48	0	1	0
  250	2023-08-07 12:00:36	48	1	1	0
  250	2023-08-07 12:00:38	48	1	1	0
 1778	2023-08-07 12:00:41	48	1	1	0
 1778	2023-08-07 12:00:42	48	1	1	0
  981	2023-08-07 12:00:47	48	1	1	0
  283	2023-08-07 12:00:50	48	1	1	0
 2566	2023-08-07 12:00:54	48	1	1	0
  364	2023-08-07 12:01:03	48	1	1	0
  865	2023-08-07 12:01:08	48	1	1	0
  181	2023-08-07 12:01:15	48	1	1	0
 1793	2023-08-07 12:01:21	48	1	1	0
 1793	2023-08-07 12:01:22	48	1	1	0
 1243	2023-08-07 12:01:45	48	1	1	0
 1778	2023-08-07 12:02:42	48	0	1	0
  250	2023-08-07 12:03:19	48	0	1	0
  250	2023-08-07 12:03:21	48	0	1	0
  981	2023-08-07 12:03:40	48	0	1	0
  283	2023-08-07 12:03:49	48	0	1	0
  283	2023-08-07 12:03:51	48	0	1	0
 1243	2023-08-07 12:04:40	48	0	1	0
  768	2023-08-07 12:05:04	48	1	1	0
  181	2023-08-07 12:05:55	48	0	1	0
  331	2023-08-07 12:06:35	48	1	1	0
  865	2023-08-07 12:06:53	48	0	1	0
 2566	2023-08-07 12:07:02	48	0	1	0
 2566	2023-08-07 12:07:05	48	0	1	0
  847	2023-08-07 12:08:40	48	0	1	0
  847	2023-08-07 12:08:44	48	1	1	0
  847	2023-08-07 12:11:15	48	0	1	0
  154	2023-08-07 12:16:47	48	1	1	0
  364	2023-08-07 12:16:57	48	0	1	0
  889	2023-08-07 12:17:11	48	1	1	0
 2806	2023-08-07 12:18:54	48	1	1	0
 2806	2023-08-07 12:32:05	48	0	1	0
 1792	2023-08-07 12:32:18	48	1	1	0
 2161	2023-08-07 12:32:24	48	1	1	0
 1486	2023-08-07 12:32:43	48	1	1	0
 2626	2023-08-07 12:34:50	48	1	1	0
  331	2023-08-07 12:35:04	48	0	1	0
 2161	2023-08-07 12:37:34	48	0	1	0
 2626	2023-08-07 12:37:43	48	0	1	0
 1486	2023-08-07 12:37:58	48	0	1	0
   59	2023-08-07 12:45:40	48	1	1	0
   59	2023-08-07 12:46:15	48	0	1	0
  768	2023-08-07 12:46:35	48	0	1	0
 1793	2023-08-07 12:46:39	48	0	1	0
 1793	2023-08-07 12:46:41	48	0	1	0
 1792	2023-08-07 12:46:51	48	0	1	0
  154	2023-08-07 12:47:30	48	0	1	0
 2161	2023-08-07 17:00:05	48	1	1	0
  250	2023-08-07 17:00:08	48	1	1	0
  250	2023-08-07 17:00:10	48	1	1	0
  181	2023-08-07 17:00:21	48	1	1	0
  181	2023-08-07 17:00:23	48	1	1	0
  331	2023-08-07 17:00:32	48	1	1	0
  331	2023-08-07 17:00:33	48	1	1	0
 1792	2023-08-07 17:00:39	48	1	1	0
  981	2023-08-07 17:00:49	48	1	1	0
  981	2023-08-07 17:00:52	48	1	1	0
 1486	2023-08-07 17:01:00	48	1	1	0
 1486	2023-08-07 17:01:02	48	1	1	0
  768	2023-08-07 17:01:08	48	1	1	0
  865	2023-08-07 17:01:13	48	1	1	0
 1793	2023-08-07 17:01:18	48	1	1	0
 1793	2023-08-07 17:01:20	48	1	1	0
 2566	2023-08-07 17:01:26	48	1	1	0
 2566	2023-08-07 17:01:27	48	1	1	0
  889	2023-08-07 17:01:33	48	1	1	0
  889	2023-08-07 17:01:35	48	1	1	0
 2626	2023-08-07 17:01:42	48	1	1	0
 2626	2023-08-07 17:01:44	48	1	1	0
 1243	2023-08-07 17:01:58	48	1	1	0
 1683	2023-08-07 17:02:06	48	1	1	0
 1683	2023-08-07 17:02:08	48	1	1	0
  283	2023-08-07 17:02:14	48	1	1	0
  283	2023-08-07 17:02:17	48	1	1	0
  364	2023-08-07 17:02:20	48	1	1	0
  364	2023-08-07 17:02:22	48	1	1	0
 2806	2023-08-07 17:02:29	48	1	1	0
   59	2023-08-07 17:02:40	48	1	1	0
   59	2023-08-07 17:02:41	48	1	1	0
  283	2023-08-07 17:02:51	48	1	1	0
 1778	2023-08-07 17:02:54	48	1	1	0
  847	2023-08-07 17:03:02	48	1	1	0
  154	2023-08-07 17:04:46	48	1	1	0
 2874	2023-08-07 17:04:58	48	1	1	0
 2874	2023-08-07 17:05:00	48	1	1	0
 1792	2023-08-08 07:13:01	48	0	1	0
 1243	2023-08-08 07:13:29	48	0	1	0
  154	2023-08-08 07:27:59	48	0	1	0
  865	2023-08-08 07:30:19	48	0	1	0
  865	2023-08-08 07:30:21	48	0	1	0
  181	2023-08-08 07:35:30	48	0	1	0
  181	2023-08-08 07:35:36	48	0	1	0
  250	2023-08-08 07:36:35	48	0	1	0
  250	2023-08-08 07:36:37	48	0	1	0
  847	2023-08-08 07:38:09	48	0	1	0
 2874	2023-08-08 07:44:31	48	0	1	0
 2874	2023-08-08 07:44:33	48	0	1	0
 2626	2023-08-08 07:44:57	48	0	1	0
 2626	2023-08-08 07:45:00	48	0	1	0
  582	2023-08-08 07:45:35	48	0	1	0
  582	2023-08-08 07:46:08	48	0	1	0
   59	2023-08-08 07:46:18	48	0	1	0
   59	2023-08-08 07:46:19	48	0	1	0
  487	2023-08-08 07:46:30	48	0	1	0
  487	2023-08-08 07:46:32	48	0	1	0
 2806	2023-08-08 07:54:55	48	0	1	0
 1778	2023-08-08 07:56:46	48	0	1	0
 1778	2023-08-08 07:56:47	48	0	1	0
  891	2023-08-08 07:56:54	48	0	1	0
  891	2023-08-08 07:56:56	48	0	1	0
 1683	2023-08-08 07:58:14	48	0	1	0
 1683	2023-08-08 07:58:16	48	0	1	0
 2566	2023-08-08 08:02:04	48	0	1	0
 2566	2023-08-08 08:02:06	48	0	1	0
  283	2023-08-08 08:06:29	48	0	1	0
  283	2023-08-08 08:06:31	48	0	1	0
  283	2023-08-08 08:06:32	48	0	1	0
  283	2023-08-08 08:07:48	48	0	1	0
  494	2023-08-08 08:07:52	48	0	1	0
  494	2023-08-08 08:07:54	48	0	1	0
 1793	2023-08-08 08:08:26	48	0	1	0
 1793	2023-08-08 08:08:28	48	0	1	0
  889	2023-08-08 08:12:58	48	0	1	0
  889	2023-08-08 08:13:00	48	0	1	0
  364	2023-08-08 08:13:08	48	0	1	0
  364	2023-08-08 08:13:10	48	0	1	0
 2625	2023-08-08 08:23:09	48	0	1	0
 2625	2023-08-08 08:23:11	48	0	1	0
 1778	2023-08-08 12:00:37	48	1	1	0
  865	2023-08-08 12:00:43	48	1	1	0
 1793	2023-08-08 12:01:23	48	1	1	0
 1793	2023-08-08 12:01:25	48	1	1	0
  283	2023-08-08 12:01:37	48	1	1	0
  181	2023-08-08 12:02:07	48	1	1	0
  250	2023-08-08 12:02:25	48	1	1	0
  250	2023-08-08 12:02:26	48	1	1	0
  364	2023-08-08 12:03:24	48	1	1	0
  250	2023-08-08 12:04:05	48	0	1	0
  250	2023-08-08 12:04:06	48	0	1	0
  865	2023-08-08 12:05:19	48	0	1	0
 2625	2023-08-08 12:07:40	48	1	1	0
 2625	2023-08-08 12:07:42	48	1	1	0
 1778	2023-08-08 12:07:59	48	0	1	0
  889	2023-08-08 12:08:20	48	1	1	0
  181	2023-08-08 12:10:42	48	0	1	0
 2874	2023-08-08 12:15:09	48	0	1	0
 2874	2023-08-08 12:15:11	48	0	1	0
 1793	2023-08-08 12:15:23	48	0	1	0
 1793	2023-08-08 12:15:24	48	0	1	0
 1243	2023-08-08 12:16:44	48	1	1	0
 2566	2023-08-08 12:16:56	48	1	1	0
  768	2023-08-08 12:18:17	48	1	1	0
  154	2023-08-08 12:19:59	48	1	1	0
 1243	2023-08-08 12:20:54	48	0	1	0
 2625	2023-08-08 12:21:06	48	0	1	0
 2625	2023-08-08 12:21:07	48	0	1	0
  582	2023-08-08 12:21:12	48	1	1	0
 2566	2023-08-08 12:21:22	48	0	1	0
 2806	2023-08-08 12:21:30	48	1	1	0
 1683	2023-08-08 12:21:36	48	1	1	0
  582	2023-08-08 12:23:19	48	1	1	0
  404	2023-08-08 12:23:52	48	1	1	0
  889	2023-08-08 12:24:05	48	0	1	0
  891	2023-08-08 12:24:19	48	0	1	0
  891	2023-08-08 12:24:25	48	1	1	0
  768	2023-08-08 12:24:42	48	0	1	0
  154	2023-08-08 12:26:17	48	0	1	0
 1683	2023-08-08 12:26:23	48	0	1	0
 2806	2023-08-08 12:29:49	48	0	1	0
   59	2023-08-08 12:30:07	48	1	1	0
  283	2023-08-08 12:30:26	48	0	1	0
  404	2023-08-08 12:30:38	48	0	1	0
   59	2023-08-08 12:32:00	48	0	1	0
 2874	2023-08-08 12:33:17	48	0	1	0
  582	2023-08-08 12:34:32	48	0	1	0
  891	2023-08-08 12:39:58	48	0	1	0
  364	2023-08-08 12:41:45	48	0	1	0
  364	2023-08-08 12:41:47	48	0	1	0
 2626	2023-08-08 12:42:18	48	1	1	0
 2626	2023-08-08 12:52:36	48	0	1	0
  494	2023-08-08 12:52:48	48	1	1	0
  494	2023-08-08 12:53:37	48	0	1	0
  582	2023-08-08 17:00:55	48	1	1	0
 2625	2023-08-08 17:01:01	48	1	1	0
 2625	2023-08-08 17:01:03	48	1	1	0
  250	2023-08-08 17:01:06	48	1	1	0
  250	2023-08-08 17:01:08	48	1	1	0
  865	2023-08-08 17:01:11	48	1	1	0
  865	2023-08-08 17:01:13	48	1	1	0
  364	2023-08-08 17:01:16	48	1	1	0
  364	2023-08-08 17:01:18	48	1	1	0
  181	2023-08-08 17:01:22	48	1	1	0
  181	2023-08-08 17:01:24	48	1	1	0
 1793	2023-08-08 17:01:30	48	1	1	0
 1793	2023-08-08 17:01:31	48	1	1	0
 2874	2023-08-08 17:01:37	48	1	1	0
 2874	2023-08-08 17:01:38	48	1	1	0
  283	2023-08-08 17:01:54	48	1	1	0
  283	2023-08-08 17:01:55	48	1	1	0
  283	2023-08-08 17:01:57	48	1	1	0
  891	2023-08-08 17:02:00	48	1	1	0
  891	2023-08-08 17:02:02	48	1	1	0
 2626	2023-08-08 17:02:09	48	1	1	0
 2626	2023-08-08 17:02:10	48	1	1	0
 2806	2023-08-08 17:02:16	48	1	1	0
 1243	2023-08-08 17:02:26	48	1	1	0
  889	2023-08-08 17:02:46	48	1	1	0
  889	2023-08-08 17:02:47	48	1	1	0
 1683	2023-08-08 17:02:53	48	1	1	0
 1683	2023-08-08 17:02:55	48	1	1	0
  768	2023-08-08 17:03:01	48	1	1	0
  326	2023-08-08 17:03:19	48	1	1	0
  326	2023-08-08 17:03:21	48	1	1	0
  494	2023-08-08 17:03:26	48	1	1	0
  494	2023-08-08 17:03:27	48	1	1	0
 2566	2023-08-08 17:03:31	48	1	1	0
 2566	2023-08-08 17:03:33	48	1	1	0
 1778	2023-08-08 17:03:36	48	1	1	0
 1778	2023-08-08 17:03:37	48	1	1	0
   59	2023-08-08 17:04:42	48	1	1	0
  154	2023-08-08 17:05:59	48	1	1	0
 1792	2023-08-08 17:25:41	48	1	1	0
 2806	2023-08-08 21:16:05	48	4	1	0
 1778	2023-08-08 21:16:51	48	4	1	0
  865	2023-08-08 21:56:11	48	4	1	0
  865	2023-08-08 21:56:13	48	4	1	0
  865	2023-08-09 00:01:53	48	5	1	0
 2806	2023-08-09 00:02:04	48	5	1	0
 1778	2023-08-09 00:02:19	48	5	1	0
 1778	2023-08-09 00:02:20	48	5	1	0
  326	2023-08-09 00:02:27	48	5	1	0
  283	2023-08-09 06:38:40	48	0	1	0
  283	2023-08-09 06:38:43	48	0	1	0
  283	2023-08-09 06:38:45	48	0	1	0
  283	2023-08-09 06:38:47	48	0	1	0
  283	2023-08-09 06:38:52	48	0	1	0
  283	2023-08-09 06:51:09	48	0	1	0
  283	2023-08-09 06:51:12	48	0	1	0
  154	2023-08-09 07:31:09	48	0	1	0
 1262	2023-08-09 07:33:36	48	0	1	0
 1262	2023-08-09 07:33:37	48	0	1	0
  865	2023-08-09 07:33:50	48	0	1	0
  865	2023-08-09 07:33:51	48	0	1	0
 2626	2023-08-09 07:34:59	48	0	1	0
 2626	2023-08-09 07:35:01	48	0	1	0
 2161	2023-08-09 07:35:33	48	0	1	0
  181	2023-08-09 07:36:19	48	0	1	0
  181	2023-08-09 07:36:20	48	0	1	0
  847	2023-08-09 07:38:23	48	0	1	0
 2874	2023-08-09 07:40:16	48	0	1	0
 2874	2023-08-09 07:40:19	48	0	1	0
   59	2023-08-09 07:41:28	48	0	1	0
   59	2023-08-09 07:41:29	48	0	1	0
 2566	2023-08-09 07:47:43	48	0	1	0
 2566	2023-08-09 07:47:45	48	0	1	0
 1793	2023-08-09 07:51:37	48	0	1	0
 1793	2023-08-09 07:51:38	48	0	1	0
 1686	2023-08-09 07:53:44	48	0	1	0
 1486	2023-08-09 07:53:50	48	0	1	0
  250	2023-08-09 07:54:57	48	0	1	0
  250	2023-08-09 07:55:00	48	0	1	0
 1243	2023-08-09 07:56:10	48	0	1	0
 1683	2023-08-09 07:58:36	48	0	1	0
 1683	2023-08-09 07:58:38	48	0	1	0
 1778	2023-08-09 07:59:39	48	0	1	0
 1778	2023-08-09 07:59:40	48	0	1	0
  326	2023-08-09 07:59:58	48	0	1	0
  326	2023-08-09 08:00:00	48	0	1	0
  891	2023-08-09 08:01:37	48	0	1	0
  891	2023-08-09 08:01:39	48	0	1	0
 2625	2023-08-09 08:12:51	48	0	1	0
 2625	2023-08-09 08:12:53	48	0	1	0
  331	2023-08-09 08:13:58	48	0	1	0
  331	2023-08-09 08:13:59	48	0	1	0
 1792	2023-08-09 08:20:13	48	0	1	0
  364	2023-08-09 08:23:20	48	0	1	0
  364	2023-08-09 08:23:25	48	0	1	0
  494	2023-08-09 08:26:12	48	0	1	0
  494	2023-08-09 08:26:14	48	0	1	0
  865	2023-08-09 12:00:18	48	1	1	0
 1686	2023-08-09 12:00:24	48	1	1	0
  181	2023-08-09 12:00:30	48	1	1	0
  250	2023-08-09 12:00:38	48	1	1	0
  250	2023-08-09 12:00:39	48	1	1	0
  889	2023-08-09 12:00:58	48	0	1	0
  889	2023-08-09 12:00:59	48	0	1	0
 2626	2023-08-09 12:01:15	48	1	1	0
  250	2023-08-09 12:02:15	48	0	1	0
  250	2023-08-09 12:02:17	48	0	1	0
  865	2023-08-09 12:02:22	48	0	1	0
 2566	2023-08-09 12:02:28	48	1	1	0
 2625	2023-08-09 12:02:38	48	1	1	0
 2625	2023-08-09 12:02:39	48	1	1	0
 1486	2023-08-09 12:03:07	48	1	1	0
 2626	2023-08-09 12:03:23	48	0	1	0
  181	2023-08-09 12:03:48	48	0	1	0
 2161	2023-08-09 12:03:54	48	1	1	0
  283	2023-08-09 12:05:04	48	1	1	0
  283	2023-08-09 12:05:05	48	1	1	0
  404	2023-08-09 12:05:09	48	1	1	0
 1243	2023-08-09 12:05:16	48	1	1	0
 1792	2023-08-09 12:06:29	48	1	1	0
 1486	2023-08-09 12:06:35	48	0	1	0
  331	2023-08-09 12:06:48	48	1	1	0
 1792	2023-08-09 12:08:28	48	0	1	0
 2161	2023-08-09 12:10:17	48	0	1	0
  768	2023-08-09 12:10:30	48	1	1	0
 1243	2023-08-09 12:11:24	48	0	1	0
 1262	2023-08-09 12:11:35	48	1	1	0
 1778	2023-08-09 12:13:42	48	1	1	0
 1778	2023-08-09 12:13:46	48	1	1	0
  891	2023-08-09 12:14:18	48	1	1	0
 1778	2023-08-09 12:18:23	48	0	1	0
 1778	2023-08-09 12:18:25	48	0	1	0
  404	2023-08-09 12:18:33	48	0	1	0
 1793	2023-08-09 12:21:23	48	1	1	0
 1793	2023-08-09 12:21:25	48	1	1	0
 1262	2023-08-09 12:21:55	48	0	1	0
  847	2023-08-09 12:22:28	48	1	1	0
 1518	2023-08-09 12:22:41	48	1	1	0
 1518	2023-08-09 12:23:58	48	0	1	0
 1518	2023-08-09 12:24:00	48	0	1	0
 1683	2023-08-09 12:24:24	48	1	1	0
  364	2023-08-09 12:24:50	48	1	1	0
  364	2023-08-09 12:25:17	48	0	1	0
  364	2023-08-09 12:25:20	48	0	1	0
 2874	2023-08-09 12:25:27	48	1	1	0
  154	2023-08-09 12:26:25	48	1	1	0
  154	2023-08-09 12:28:57	48	0	1	0
 1683	2023-08-09 12:29:24	48	0	1	0
 2874	2023-08-09 12:29:31	48	0	1	0
  768	2023-08-09 12:30:03	48	0	1	0
 1793	2023-08-09 12:30:16	48	0	1	0
 1793	2023-08-09 12:30:18	48	0	1	0
  847	2023-08-09 12:30:54	48	0	1	0
 2566	2023-08-09 12:38:38	48	0	1	0
 2625	2023-08-09 12:39:52	48	0	1	0
 2625	2023-08-09 12:39:53	48	0	1	0
  494	2023-08-09 12:42:47	48	1	1	0
  494	2023-08-09 12:43:52	48	0	1	0
  494	2023-08-09 12:43:53	48	0	1	0
  283	2023-08-09 12:47:01	48	0	1	0
  283	2023-08-09 12:47:02	48	0	1	0
  891	2023-08-09 12:47:07	48	0	1	0
   59	2023-08-09 12:48:16	48	1	1	0
   59	2023-08-09 12:48:18	48	1	1	0
   59	2023-08-09 12:50:08	48	0	1	0
   59	2023-08-09 12:50:13	48	0	1	0
 2161	2023-08-09 17:00:04	48	1	1	0
  865	2023-08-09 17:00:08	48	1	1	0
  865	2023-08-09 17:00:10	48	1	1	0
 1243	2023-08-09 17:00:23	48	1	1	0
  181	2023-08-09 17:00:29	48	1	1	0
  181	2023-08-09 17:00:31	48	1	1	0
 1778	2023-08-09 17:00:53	48	1	1	0
  326	2023-08-09 17:00:57	48	1	1	0
  326	2023-08-09 17:00:59	48	1	1	0
  889	2023-08-09 17:01:05	48	1	1	0
  889	2023-08-09 17:01:06	48	1	1	0
  331	2023-08-09 17:01:12	48	1	1	0
  331	2023-08-09 17:01:14	48	1	1	0
 2626	2023-08-09 17:01:26	48	1	1	0
 2626	2023-08-09 17:01:29	48	1	1	0
  847	2023-08-09 17:01:37	48	1	1	0
 1793	2023-08-09 17:01:44	48	1	1	0
 1793	2023-08-09 17:01:45	48	1	1	0
 1778	2023-08-09 17:01:55	48	1	1	0
  494	2023-08-09 17:02:02	48	1	1	0
  494	2023-08-09 17:02:04	48	1	1	0
 1262	2023-08-09 17:02:12	48	1	1	0
 1262	2023-08-09 17:02:13	48	1	1	0
  283	2023-08-09 17:02:15	48	1	1	0
  283	2023-08-09 17:02:17	48	1	1	0
  283	2023-08-09 17:02:18	48	1	1	0
  364	2023-08-09 17:02:25	48	1	1	0
  364	2023-08-09 17:02:26	48	1	1	0
 2566	2023-08-09 17:02:38	48	1	1	0
 2566	2023-08-09 17:02:40	48	1	1	0
 1518	2023-08-09 17:02:45	48	1	1	0
 1518	2023-08-09 17:02:48	48	1	1	0
 2874	2023-08-09 17:02:55	48	1	1	0
 2874	2023-08-09 17:02:56	48	1	1	0
 1792	2023-08-09 17:03:03	48	1	1	0
 1486	2023-08-09 17:03:10	48	1	1	0
 1486	2023-08-09 17:03:15	48	1	1	0
  154	2023-08-09 17:03:24	48	1	1	0
  154	2023-08-09 17:03:27	48	1	1	0
  768	2023-08-09 17:03:33	48	1	1	0
  283	2023-08-09 17:03:36	48	1	1	0
  283	2023-08-09 17:03:38	48	1	1	0
  283	2023-08-09 17:03:39	48	1	1	0
  891	2023-08-09 17:03:49	48	1	1	0
  891	2023-08-09 17:03:50	48	1	1	0
   59	2023-08-09 17:03:57	48	1	1	0
   59	2023-08-09 17:03:58	48	1	1	0
  494	2023-08-09 17:04:04	48	1	1	0
 2625	2023-08-09 17:04:34	48	1	1	0
 2625	2023-08-09 17:04:35	48	1	1	0
  283	2023-08-09 17:09:13	48	1	1	0
 1262	2023-08-10 07:24:33	48	0	1	0
 1262	2023-08-10 07:24:35	48	0	1	0
  865	2023-08-10 07:32:24	48	0	1	0
  865	2023-08-10 07:32:26	48	0	1	0
  154	2023-08-10 07:32:41	48	0	1	0
 2626	2023-08-10 07:36:43	48	0	1	0
 2626	2023-08-10 07:36:45	48	0	1	0
 2874	2023-08-10 07:40:07	48	0	1	0
 2874	2023-08-10 07:40:10	48	0	1	0
  181	2023-08-10 07:41:06	48	0	1	0
  181	2023-08-10 07:41:07	48	0	1	0
  487	2023-08-10 07:46:51	48	0	1	0
  487	2023-08-10 07:46:53	48	0	1	0
  250	2023-08-10 07:47:11	48	0	1	0
  250	2023-08-10 07:47:15	48	0	1	0
   59	2023-08-10 07:49:39	48	0	1	0
   59	2023-08-10 07:49:42	48	0	1	0
  891	2023-08-10 07:56:25	48	0	1	0
  891	2023-08-10 07:56:27	48	0	1	0
  494	2023-08-10 07:56:38	48	0	1	0
  494	2023-08-10 07:56:40	48	0	1	0
 1243	2023-08-10 07:56:42	48	0	1	0
 1243	2023-08-10 07:56:47	48	0	1	0
  494	2023-08-10 07:56:51	48	0	1	0
  494	2023-08-10 07:56:57	48	0	1	0
 2806	2023-08-10 07:57:05	48	0	1	0
 1486	2023-08-10 07:57:44	48	0	1	0
 1486	2023-08-10 07:57:47	48	0	1	0
  331	2023-08-10 07:58:08	48	0	1	0
  331	2023-08-10 07:58:09	48	0	1	0
  331	2023-08-10 07:58:11	48	0	1	0
 1683	2023-08-10 07:59:16	48	0	1	0
 1683	2023-08-10 07:59:18	48	0	1	0
 1778	2023-08-10 08:03:59	48	0	1	0
 1778	2023-08-10 08:04:00	48	0	1	0
  981	2023-08-10 08:07:10	48	0	1	0
  981	2023-08-10 08:07:12	48	0	1	0
 2625	2023-08-10 08:07:47	48	0	1	0
 2625	2023-08-10 08:07:48	48	0	1	0
 1793	2023-08-10 08:11:41	48	0	1	0
 1793	2023-08-10 08:11:43	48	0	1	0
  326	2023-08-10 08:12:09	48	0	1	0
  326	2023-08-10 08:12:10	48	0	1	0
  889	2023-08-10 08:25:54	48	0	1	0
  889	2023-08-10 08:25:56	48	0	1	0
 2566	2023-08-10 08:41:55	48	0	1	0
 2566	2023-08-10 08:41:56	48	0	1	0
  283	2023-08-10 09:53:17	48	0	1	0
  283	2023-08-10 09:53:18	48	0	1	0
  283	2023-08-10 09:53:19	48	0	1	0
  283	2023-08-10 09:53:44	48	0	1	0
 1793	2023-08-10 12:00:25	48	1	1	0
 1793	2023-08-10 12:00:26	48	1	1	0
 1778	2023-08-10 12:00:32	48	1	1	0
 2161	2023-08-10 12:00:34	48	1	1	0
  181	2023-08-10 12:00:44	48	1	1	0
  865	2023-08-10 12:00:50	48	1	1	0
 2626	2023-08-10 12:01:17	48	1	1	0
 1778	2023-08-10 12:02:54	48	0	1	0
  404	2023-08-10 12:03:13	48	1	1	0
 1243	2023-08-10 12:03:25	48	1	1	0
  250	2023-08-10 12:03:39	48	1	1	0
  250	2023-08-10 12:03:41	48	1	1	0
 1683	2023-08-10 12:04:14	48	1	1	0
 2626	2023-08-10 12:04:21	48	0	1	0
  331	2023-08-10 12:04:28	48	1	1	0
 2625	2023-08-10 12:04:50	48	1	1	0
 2625	2023-08-10 12:04:52	48	1	1	0
  250	2023-08-10 12:07:04	48	1	1	0
  250	2023-08-10 12:07:05	48	1	1	0
  487	2023-08-10 12:07:33	48	1	1	0
  487	2023-08-10 12:07:34	48	1	1	0
 1486	2023-08-10 12:08:08	48	1	1	0
 2161	2023-08-10 12:08:21	48	0	1	0
 1486	2023-08-10 12:11:04	48	0	1	0
 2625	2023-08-10 12:11:11	48	0	1	0
 2625	2023-08-10 12:11:12	48	0	1	0
 1243	2023-08-10 12:12:47	48	0	1	0
  181	2023-08-10 12:14:55	48	0	1	0
  981	2023-08-10 12:15:03	48	1	1	0
 1518	2023-08-10 12:15:20	48	1	1	0
  404	2023-08-10 12:15:42	48	0	1	0
 2566	2023-08-10 12:15:53	48	1	1	0
  283	2023-08-10 12:15:59	48	1	1	0
 1518	2023-08-10 12:17:04	48	0	1	0
 1518	2023-08-10 12:17:06	48	0	1	0
  865	2023-08-10 12:17:17	48	0	1	0
 2806	2023-08-10 12:17:54	48	1	1	0
  889	2023-08-10 12:18:28	48	1	1	0
  981	2023-08-10 12:19:18	48	0	1	0
  889	2023-08-10 12:22:21	48	0	1	0
  487	2023-08-10 12:24:51	48	0	1	0
  487	2023-08-10 12:24:52	48	0	1	0
  283	2023-08-10 12:25:03	48	0	1	0
 2566	2023-08-10 12:28:59	48	0	1	0
  331	2023-08-10 12:33:22	48	0	1	0
  494	2023-08-10 12:33:28	48	1	1	0
  891	2023-08-10 12:33:37	48	1	1	0
  154	2023-08-10 12:35:10	48	1	1	0
  494	2023-08-10 12:35:19	48	0	1	0
  891	2023-08-10 12:35:44	48	0	1	0
 1683	2023-08-10 12:37:54	48	0	1	0
  154	2023-08-10 12:39:38	48	0	1	0
 1793	2023-08-10 12:39:44	48	0	1	0
 1793	2023-08-10 12:39:45	48	0	1	0
 2806	2023-08-10 12:39:53	48	0	1	0
  364	2023-08-10 12:44:57	48	0	1	0
  364	2023-08-10 12:44:59	48	0	1	0
 1793	2023-08-10 12:54:51	48	0	1	0
 1793	2023-08-10 12:54:53	48	0	1	0
  250	2023-08-10 17:00:08	48	1	1	0
  250	2023-08-10 17:00:09	48	1	1	0
  181	2023-08-10 17:00:15	48	1	1	0
  181	2023-08-10 17:00:17	48	1	1	0
  331	2023-08-10 17:00:21	48	1	1	0
  331	2023-08-10 17:00:22	48	1	1	0
  865	2023-08-10 17:00:24	48	1	1	0
  865	2023-08-10 17:00:26	48	1	1	0
 1486	2023-08-10 17:00:34	48	1	1	0
   59	2023-08-10 17:00:44	48	1	1	0
   59	2023-08-10 17:00:45	48	1	1	0
  889	2023-08-10 17:00:51	48	1	1	0
  889	2023-08-10 17:00:53	48	1	1	0
  981	2023-08-10 17:00:58	48	1	1	0
  981	2023-08-10 17:00:59	48	1	1	0
 2626	2023-08-10 17:01:14	48	1	1	0
 2626	2023-08-10 17:01:15	48	1	1	0
 1683	2023-08-10 17:01:27	48	1	1	0
 1683	2023-08-10 17:01:29	48	1	1	0
 1793	2023-08-10 17:01:32	48	1	1	0
 1793	2023-08-10 17:01:33	48	1	1	0
 1243	2023-08-10 17:01:38	48	1	1	0
 1778	2023-08-10 17:01:49	48	1	1	0
 1778	2023-08-10 17:01:51	48	1	1	0
 1262	2023-08-10 17:01:57	48	1	1	0
 1262	2023-08-10 17:01:59	48	1	1	0
  364	2023-08-10 17:02:15	48	1	1	0
  364	2023-08-10 17:02:17	48	1	1	0
 2566	2023-08-10 17:02:22	48	1	1	0
 2566	2023-08-10 17:02:24	48	1	1	0
 1518	2023-08-10 17:02:31	48	1	1	0
 1518	2023-08-10 17:02:34	48	1	1	0
  154	2023-08-10 17:02:39	48	1	1	0
 2874	2023-08-10 17:02:45	48	1	1	0
 2874	2023-08-10 17:02:47	48	1	1	0
  494	2023-08-10 17:03:04	48	1	1	0
  494	2023-08-10 17:03:06	48	1	1	0
 2806	2023-08-10 17:03:13	48	1	1	0
  891	2023-08-10 17:03:33	48	1	1	0
  891	2023-08-10 17:03:35	48	1	1	0
  487	2023-08-10 17:04:01	48	1	1	0
  487	2023-08-10 17:04:03	48	1	1	0
  283	2023-08-10 17:04:13	48	1	1	0
  283	2023-08-10 17:04:15	48	1	1	0
 2625	2023-08-10 17:05:07	48	1	1	0
 2625	2023-08-10 17:05:08	48	1	1	0
  283	2023-08-10 17:05:30	48	1	1	0
  494	2023-08-11 07:06:57	48	0	1	0
  494	2023-08-11 07:06:59	48	0	1	0
  847	2023-08-11 07:30:02	48	0	1	0
  865	2023-08-11 07:32:30	48	0	1	0
  865	2023-08-11 07:32:31	48	0	1	0
  181	2023-08-11 07:33:03	48	0	1	0
  181	2023-08-11 07:33:04	48	0	1	0
 2874	2023-08-11 07:34:21	48	0	1	0
 2874	2023-08-11 07:34:23	48	0	1	0
  154	2023-08-11 07:36:36	48	0	1	0
 2626	2023-08-11 07:40:39	48	0	1	0
 2626	2023-08-11 07:40:40	48	0	1	0
 1243	2023-08-11 07:43:49	48	0	1	0
 2161	2023-08-11 07:46:19	48	0	1	0
  891	2023-08-11 07:50:27	48	0	1	0
  891	2023-08-11 07:50:28	48	0	1	0
 1778	2023-08-11 07:51:03	48	0	1	0
  364	2023-08-11 07:51:23	48	0	1	0
  364	2023-08-11 07:51:25	48	0	1	0
 1683	2023-08-11 07:55:02	48	0	1	0
 1683	2023-08-11 07:55:04	48	0	1	0
   59	2023-08-11 07:56:51	48	0	1	0
   59	2023-08-11 07:56:53	48	0	1	0
 2806	2023-08-11 07:58:08	48	0	1	0
  283	2023-08-11 08:00:15	48	0	1	0
  283	2023-08-11 08:00:19	48	0	1	0
  283	2023-08-11 08:00:30	48	0	1	0
 1486	2023-08-11 08:03:51	48	0	1	0
 2625	2023-08-11 08:10:02	48	0	1	0
 2625	2023-08-11 08:10:03	48	0	1	0
  250	2023-08-11 08:11:02	48	0	1	0
  250	2023-08-11 08:11:04	48	0	1	0
 1793	2023-08-11 08:11:27	48	0	1	0
 1793	2023-08-11 08:11:29	48	0	1	0
  331	2023-08-11 08:17:02	48	0	1	0
  331	2023-08-11 08:17:03	48	0	1	0
  889	2023-08-11 08:25:37	48	0	1	0
  889	2023-08-11 08:25:38	48	0	1	0
 2566	2023-08-11 08:33:14	48	0	1	0
 2566	2023-08-11 08:33:16	48	0	1	0
  250	2023-08-11 12:00:11	48	1	1	0
  250	2023-08-11 12:00:12	48	1	1	0
 2161	2023-08-11 12:00:19	48	1	1	0
  768	2023-08-11 12:00:25	48	1	1	0
 2626	2023-08-11 12:01:36	48	1	1	0
 2566	2023-08-11 12:01:46	48	1	1	0
  181	2023-08-11 12:02:52	48	1	1	0
 1243	2023-08-11 12:02:58	48	1	1	0
 1486	2023-08-11 12:03:46	48	1	1	0
 2626	2023-08-11 12:04:06	48	0	1	0
  768	2023-08-11 12:04:19	48	0	1	0
 1518	2023-08-11 12:04:32	48	1	1	0
 1243	2023-08-11 12:05:29	48	0	1	0
 1518	2023-08-11 12:06:12	48	0	1	0
  891	2023-08-11 12:06:26	48	1	1	0
 1793	2023-08-11 12:08:00	48	1	1	0
 1793	2023-08-11 12:08:02	48	1	1	0
 1486	2023-08-11 12:09:53	48	0	1	0
  181	2023-08-11 12:12:10	48	0	1	0
  889	2023-08-11 12:12:20	48	1	1	0
 2161	2023-08-11 12:13:55	48	0	1	0
 1262	2023-08-11 12:16:17	48	1	1	0
 1262	2023-08-11 12:16:19	48	1	1	0
  331	2023-08-11 12:18:32	48	1	1	0
  250	2023-08-11 12:19:10	48	0	1	0
  250	2023-08-11 12:19:12	48	0	1	0
 1793	2023-08-11 12:21:04	48	0	1	0
 1793	2023-08-11 12:21:06	48	0	1	0
  154	2023-08-11 12:21:17	48	1	1	0
  891	2023-08-11 12:21:25	48	0	1	0
  326	2023-08-11 12:21:45	48	1	1	0
  326	2023-08-11 12:21:46	48	1	1	0
 2625	2023-08-11 12:21:50	48	1	1	0
 2625	2023-08-11 12:21:52	48	1	1	0
  154	2023-08-11 12:22:06	48	0	1	0
 2806	2023-08-11 12:22:51	48	1	1	0
  494	2023-08-11 12:23:07	48	1	1	0
  494	2023-08-11 12:24:38	48	0	1	0
 1683	2023-08-11 12:24:53	48	1	1	0
  326	2023-08-11 12:25:10	48	0	1	0
  326	2023-08-11 12:25:11	48	0	1	0
 1683	2023-08-11 12:26:26	48	0	1	0
  889	2023-08-11 12:26:55	48	0	1	0
  364	2023-08-11 12:28:32	48	1	1	0
  364	2023-08-11 12:28:34	48	1	1	0
 2806	2023-08-11 12:36:07	48	0	1	0
 2625	2023-08-11 12:37:07	48	0	1	0
 2625	2023-08-11 12:37:09	48	0	1	0
   59	2023-08-11 12:38:23	48	1	1	0
  847	2023-08-11 12:38:29	48	1	1	0
  865	2023-08-11 12:39:11	48	1	1	0
 2566	2023-08-11 12:39:27	48	0	1	0
   59	2023-08-11 12:40:30	48	0	1	0
   59	2023-08-11 12:40:31	48	0	1	0
  865	2023-08-11 12:46:40	48	0	1	0
  865	2023-08-11 12:46:42	48	0	1	0
  847	2023-08-11 12:46:49	48	0	1	0
 1262	2023-08-11 12:47:22	48	0	1	0
 1262	2023-08-11 12:47:23	48	0	1	0
  364	2023-08-11 12:47:34	48	0	1	0
  364	2023-08-11 12:47:36	48	0	1	0
 1262	2023-08-11 17:00:09	48	1	1	0
 1262	2023-08-11 17:00:10	48	1	1	0
  847	2023-08-11 17:00:12	48	1	1	0
 2161	2023-08-11 17:00:17	48	1	1	0
  326	2023-08-11 17:00:23	48	1	1	0
  250	2023-08-11 17:00:27	48	1	1	0
  250	2023-08-11 17:00:29	48	1	1	0
  865	2023-08-11 17:00:38	48	1	1	0
 2806	2023-08-11 17:00:43	48	1	1	0
  181	2023-08-11 17:00:52	48	1	1	0
  181	2023-08-11 17:00:54	48	1	1	0
  331	2023-08-11 17:01:00	48	1	1	0
  331	2023-08-11 17:01:01	48	1	1	0
  331	2023-08-11 17:01:03	48	1	1	0
 2626	2023-08-11 17:01:08	48	1	1	0
 2626	2023-08-11 17:01:10	48	1	1	0
 1243	2023-08-11 17:01:15	48	1	1	0
 1683	2023-08-11 17:01:21	48	1	1	0
 1683	2023-08-11 17:01:22	48	1	1	0
  891	2023-08-11 17:01:28	48	1	1	0
  891	2023-08-11 17:01:29	48	1	1	0
 1793	2023-08-11 17:01:35	48	1	1	0
 1793	2023-08-11 17:01:36	48	1	1	0
   59	2023-08-11 17:01:42	48	1	1	0
   59	2023-08-11 17:01:44	48	1	1	0
  889	2023-08-11 17:01:50	48	1	1	0
  889	2023-08-11 17:01:51	48	1	1	0
 2874	2023-08-11 17:01:57	48	1	1	0
 2874	2023-08-11 17:01:59	48	1	1	0
 2625	2023-08-11 17:02:25	48	1	1	0
 2625	2023-08-11 17:02:27	48	1	1	0
  494	2023-08-11 17:02:32	48	1	1	0
  494	2023-08-11 17:02:33	48	1	1	0
  768	2023-08-11 17:02:39	48	1	1	0
 2566	2023-08-11 17:02:44	48	1	1	0
 2566	2023-08-11 17:02:46	48	1	1	0
 1778	2023-08-11 17:03:12	48	1	1	0
 1778	2023-08-11 17:03:13	48	1	1	0
 1486	2023-08-11 17:03:38	48	1	1	0
  494	2023-08-11 17:03:49	48	1	1	0
  364	2023-08-11 17:04:34	48	1	1	0
  364	2023-08-11 17:04:35	48	1	1	0
  494	2023-08-14 07:16:02	48	0	1	0
  494	2023-08-14 07:16:04	48	0	1	0
 1262	2023-08-14 07:26:56	48	0	1	0
 1262	2023-08-14 07:26:58	48	0	1	0
  847	2023-08-14 07:27:22	48	0	1	0
  865	2023-08-14 07:28:47	48	0	1	0
  865	2023-08-14 07:28:49	48	0	1	0
  154	2023-08-14 07:34:40	48	0	1	0
  487	2023-08-14 07:37:10	48	0	1	0
  487	2023-08-14 07:37:12	48	0	1	0
  181	2023-08-14 07:37:40	48	0	1	0
  181	2023-08-14 07:37:42	48	0	1	0
 1243	2023-08-14 07:38:45	48	0	1	0
  250	2023-08-14 07:41:46	48	0	1	0
  250	2023-08-14 07:41:48	48	0	1	0
 2626	2023-08-14 07:48:26	48	0	1	0
 2626	2023-08-14 07:48:28	48	0	1	0
 1778	2023-08-14 07:48:33	48	0	1	0
 1778	2023-08-14 07:48:35	48	0	1	0
 1486	2023-08-14 07:50:27	48	0	1	0
 2874	2023-08-14 07:53:09	48	0	1	0
 2874	2023-08-14 07:53:13	48	0	1	0
  981	2023-08-14 07:55:57	48	0	1	0
  981	2023-08-14 07:55:58	48	0	1	0
 1686	2023-08-14 07:56:01	48	0	1	0
   59	2023-08-14 07:56:31	48	0	1	0
   59	2023-08-14 07:56:32	48	0	1	0
 2806	2023-08-14 07:57:22	48	0	1	0
 1683	2023-08-14 07:57:40	48	0	1	0
 1683	2023-08-14 07:57:42	48	0	1	0
  891	2023-08-14 07:58:45	48	0	1	0
  891	2023-08-14 07:58:47	48	0	1	0
  889	2023-08-14 08:00:51	48	0	1	0
  889	2023-08-14 08:00:52	48	0	1	0
 2625	2023-08-14 08:02:08	48	0	1	0
 2625	2023-08-14 08:02:09	48	0	1	0
 1793	2023-08-14 08:08:30	48	0	1	0
 1793	2023-08-14 08:08:32	48	0	1	0
  768	2023-08-14 08:16:33	48	0	1	0
  768	2023-08-14 08:16:34	48	0	1	0
 2566	2023-08-14 08:30:22	48	0	1	0
 2566	2023-08-14 08:30:24	48	0	1	0
  331	2023-08-14 08:54:19	48	0	1	0
  331	2023-08-14 08:54:21	48	0	1	0
  181	2023-08-14 12:00:46	48	1	1	0
 1486	2023-08-14 12:00:54	48	1	1	0
 1778	2023-08-14 12:01:01	48	1	1	0
  250	2023-08-14 12:01:04	48	1	1	0
  250	2023-08-14 12:01:05	48	1	1	0
 2626	2023-08-14 12:01:12	48	1	1	0
 1793	2023-08-14 12:01:17	48	1	1	0
 1793	2023-08-14 12:01:18	48	1	1	0
  891	2023-08-14 12:01:24	48	1	1	0
  889	2023-08-14 12:02:00	48	1	1	0
 1686	2023-08-14 12:02:06	48	1	1	0
  487	2023-08-14 12:02:23	48	1	1	0
  487	2023-08-14 12:02:24	48	1	1	0
 2161	2023-08-14 12:03:27	48	1	1	0
 2625	2023-08-14 12:03:50	48	1	1	0
 2625	2023-08-14 12:03:51	48	1	1	0
 2626	2023-08-14 12:04:08	48	0	1	0
 2874	2023-08-14 12:04:24	48	1	1	0
  331	2023-08-14 12:04:45	48	1	1	0
  582	2023-08-14 12:04:53	48	1	1	0
  250	2023-08-14 12:05:06	48	0	1	0
  250	2023-08-14 12:05:08	48	0	1	0
  582	2023-08-14 12:05:19	48	0	1	0
 1262	2023-08-14 12:06:48	48	1	1	0
  889	2023-08-14 12:06:58	48	0	1	0
  487	2023-08-14 12:07:23	48	0	1	0
  487	2023-08-14 12:07:26	48	0	1	0
 1243	2023-08-14 12:08:26	48	1	1	0
 1778	2023-08-14 12:09:29	48	0	1	0
 1486	2023-08-14 12:10:02	48	0	1	0
 2625	2023-08-14 12:10:10	48	0	1	0
 2625	2023-08-14 12:10:11	48	0	1	0
  404	2023-08-14 12:11:13	48	1	1	0
 1243	2023-08-14 12:15:09	48	0	1	0
 1686	2023-08-14 12:15:25	48	0	1	0
  768	2023-08-14 12:16:32	48	1	1	0
 2566	2023-08-14 12:17:00	48	1	1	0
  981	2023-08-14 12:17:22	48	1	1	0
  154	2023-08-14 12:17:29	48	1	1	0
  181	2023-08-14 12:17:50	48	0	1	0
 1262	2023-08-14 12:18:36	48	1	1	0
 1262	2023-08-14 12:18:38	48	1	1	0
  154	2023-08-14 12:19:15	48	0	1	0
 1518	2023-08-14 12:21:09	48	1	1	0
  494	2023-08-14 12:22:19	48	1	1	0
 1683	2023-08-14 12:22:26	48	1	1	0
  326	2023-08-14 12:22:33	48	1	1	0
 1518	2023-08-14 12:22:53	48	0	1	0
 2806	2023-08-14 12:23:30	48	1	1	0
  981	2023-08-14 12:24:04	48	0	1	0
 2566	2023-08-14 12:24:37	48	0	1	0
  331	2023-08-14 12:26:42	48	0	1	0
  331	2023-08-14 12:26:45	48	0	1	0
 2161	2023-08-14 12:30:06	48	0	1	0
 1683	2023-08-14 12:30:21	48	0	1	0
 1262	2023-08-14 12:30:30	48	0	1	0
 1262	2023-08-14 12:30:33	48	0	1	0
 2806	2023-08-14 12:31:39	48	0	1	0
  404	2023-08-14 12:33:01	48	0	1	0
 2806	2023-08-14 12:33:45	48	0	1	0
  768	2023-08-14 12:34:08	48	0	1	0
 2874	2023-08-14 12:35:24	48	0	1	0
  891	2023-08-14 12:38:49	48	0	1	0
 1793	2023-08-14 12:39:06	48	0	1	0
 1793	2023-08-14 12:39:08	48	0	1	0
  494	2023-08-14 12:40:59	48	0	1	0
  331	2023-08-14 17:00:21	48	1	1	0
  865	2023-08-14 17:00:23	48	1	1	0
  181	2023-08-14 17:00:29	48	1	1	0
  181	2023-08-14 17:00:31	48	1	1	0
  250	2023-08-14 17:00:33	48	1	1	0
  250	2023-08-14 17:00:34	48	1	1	0
  981	2023-08-14 17:00:39	48	1	1	0
  981	2023-08-14 17:00:40	48	1	1	0
  404	2023-08-14 17:00:43	48	1	1	0
  404	2023-08-14 17:00:45	48	1	1	0
  582	2023-08-14 17:00:47	48	1	1	0
  582	2023-08-14 17:00:49	48	1	1	0
  889	2023-08-14 17:00:52	48	1	1	0
  889	2023-08-14 17:00:53	48	1	1	0
 2566	2023-08-14 17:00:56	48	1	1	0
 2566	2023-08-14 17:00:57	48	1	1	0
 1262	2023-08-14 17:01:02	48	1	1	0
 1262	2023-08-14 17:01:04	48	1	1	0
 2626	2023-08-14 17:01:09	48	1	1	0
 2626	2023-08-14 17:01:11	48	1	1	0
 1793	2023-08-14 17:01:16	48	1	1	0
 1793	2023-08-14 17:01:17	48	1	1	0
 2625	2023-08-14 17:01:23	48	1	1	0
 2625	2023-08-14 17:01:25	48	1	1	0
 2161	2023-08-14 17:01:32	48	1	1	0
 1243	2023-08-14 17:01:55	48	1	1	0
 2874	2023-08-14 17:02:07	48	1	1	0
 2874	2023-08-14 17:02:09	48	1	1	0
  891	2023-08-14 17:02:16	48	1	1	0
  891	2023-08-14 17:02:20	48	1	1	0
  847	2023-08-14 17:02:31	48	1	1	0
  154	2023-08-14 17:02:36	48	1	1	0
  768	2023-08-14 17:02:40	48	1	1	0
 1778	2023-08-14 17:02:46	48	1	1	0
 1778	2023-08-14 17:02:47	48	1	1	0
 1518	2023-08-14 17:02:56	48	1	1	0
   59	2023-08-14 17:03:04	48	1	1	0
   59	2023-08-14 17:03:06	48	1	1	0
 1486	2023-08-14 17:03:14	48	1	1	0
 1486	2023-08-14 17:03:17	48	1	1	0
  494	2023-08-14 17:06:03	48	1	1	0
  494	2023-08-14 17:06:09	48	1	1	0
  487	2023-08-14 17:06:46	48	1	1	0
  487	2023-08-14 17:06:48	48	1	1	0
 2626	2023-08-15 07:10:47	48	0	1	0
 2626	2023-08-15 07:10:49	48	0	1	0
  364	2023-08-15 07:22:27	48	0	1	0
  364	2023-08-15 07:22:30	48	0	1	0
  494	2023-08-15 07:30:33	48	0	1	0
  494	2023-08-15 07:30:35	48	0	1	0
  865	2023-08-15 07:34:38	48	0	1	0
  865	2023-08-15 07:34:40	48	0	1	0
  181	2023-08-15 07:38:58	48	0	1	0
  181	2023-08-15 07:38:59	48	0	1	0
  154	2023-08-15 07:43:19	48	0	1	0
 2874	2023-08-15 07:44:59	48	0	1	0
 2874	2023-08-15 07:45:01	48	0	1	0
   59	2023-08-15 07:48:44	48	0	1	0
   59	2023-08-15 07:48:45	48	0	1	0
  487	2023-08-15 07:49:13	48	0	1	0
  487	2023-08-15 07:49:15	48	0	1	0
 1486	2023-08-15 07:51:46	48	0	1	0
  981	2023-08-15 07:54:15	48	0	1	0
  981	2023-08-15 07:54:16	48	0	1	0
  768	2023-08-15 07:55:00	48	0	1	0
  768	2023-08-15 07:55:02	48	0	1	0
  283	2023-08-15 07:57:23	48	0	1	0
  283	2023-08-15 07:57:24	48	0	1	0
  283	2023-08-15 07:57:28	48	0	1	0
 1793	2023-08-15 07:58:32	48	0	1	0
 1793	2023-08-15 07:58:34	48	0	1	0
  891	2023-08-15 07:59:30	48	0	1	0
  891	2023-08-15 07:59:32	48	0	1	0
  250	2023-08-15 07:59:43	48	0	1	0
  250	2023-08-15 07:59:45	48	0	1	0
  250	2023-08-15 07:59:46	48	0	1	0
  331	2023-08-15 07:59:59	48	0	1	0
  331	2023-08-15 08:00:00	48	0	1	0
  331	2023-08-15 08:00:02	48	0	1	0
 2625	2023-08-15 08:00:27	48	0	1	0
 2625	2023-08-15 08:00:29	48	0	1	0
  889	2023-08-15 08:02:46	48	0	1	0
  889	2023-08-15 08:02:47	48	0	1	0
 1778	2023-08-15 08:03:07	48	0	1	0
 1778	2023-08-15 08:03:09	48	0	1	0
 2566	2023-08-15 08:18:24	48	0	1	0
 2566	2023-08-15 08:18:26	48	0	1	0
  865	2023-08-15 12:00:08	48	1	1	0
  768	2023-08-15 12:00:17	48	1	1	0
 1793	2023-08-15 12:00:21	48	1	1	0
 1793	2023-08-15 12:00:23	48	1	1	0
 1486	2023-08-15 12:00:33	48	1	1	0
  181	2023-08-15 12:00:39	48	1	1	0
 2626	2023-08-15 12:01:03	48	1	1	0
 1778	2023-08-15 12:01:46	48	1	1	0
 2626	2023-08-15 12:04:06	48	0	1	0
 1486	2023-08-15 12:04:23	48	0	1	0
  891	2023-08-15 12:04:37	48	0	1	0
  891	2023-08-15 12:04:40	48	1	1	0
 2874	2023-08-15 12:04:48	48	1	1	0
 2874	2023-08-15 12:04:49	48	1	1	0
 1778	2023-08-15 12:08:10	48	0	1	0
  331	2023-08-15 12:17:23	48	1	1	0
  181	2023-08-15 12:17:40	48	0	1	0
  582	2023-08-15 12:18:53	48	1	1	0
  364	2023-08-15 12:19:14	48	1	1	0
  768	2023-08-15 12:19:24	48	0	1	0
  331	2023-08-15 12:23:38	48	0	1	0
  364	2023-08-15 12:23:52	48	0	1	0
  364	2023-08-15 12:23:53	48	0	1	0
  154	2023-08-15 12:24:08	48	1	1	0
  582	2023-08-15 12:24:50	48	1	1	0
  582	2023-08-15 12:26:21	48	0	1	0
   59	2023-08-15 12:26:33	48	1	1	0
   59	2023-08-15 12:26:34	48	1	1	0
 2874	2023-08-15 12:26:43	48	0	1	0
 2874	2023-08-15 12:26:45	48	0	1	0
  154	2023-08-15 12:27:12	48	0	1	0
   59	2023-08-15 12:29:24	48	0	1	0
   59	2023-08-15 12:29:25	48	0	1	0
  582	2023-08-15 12:29:31	48	0	1	0
 1518	2023-08-15 12:30:29	48	1	1	0
  889	2023-08-15 12:30:36	48	1	1	0
  283	2023-08-15 12:30:46	48	1	1	0
  283	2023-08-15 12:30:48	48	1	1	0
 2625	2023-08-15 12:30:56	48	1	1	0
 2625	2023-08-15 12:30:57	48	1	1	0
  981	2023-08-15 12:31:04	48	1	1	0
  981	2023-08-15 12:33:17	48	0	1	0
  283	2023-08-15 12:34:19	48	0	1	0
  283	2023-08-15 12:34:21	48	0	1	0
 2566	2023-08-15 12:35:04	48	1	1	0
  889	2023-08-15 12:35:19	48	0	1	0
  283	2023-08-15 12:35:45	48	0	1	0
  494	2023-08-15 12:39:29	48	1	1	0
 1793	2023-08-15 12:39:54	48	0	1	0
 1793	2023-08-15 12:39:56	48	0	1	0
 1518	2023-08-15 12:45:09	48	0	1	0
  891	2023-08-15 12:45:17	48	0	1	0
  494	2023-08-15 12:45:27	48	0	1	0
  494	2023-08-15 12:45:28	48	0	1	0
 2566	2023-08-15 12:45:34	48	0	1	0
  331	2023-08-15 17:00:31	48	1	1	0
  331	2023-08-15 17:00:32	48	1	1	0
  981	2023-08-15 17:00:38	48	1	1	0
  981	2023-08-15 17:00:39	48	1	1	0
  181	2023-08-15 17:00:46	48	1	1	0
  181	2023-08-15 17:00:47	48	1	1	0
  889	2023-08-15 17:00:53	48	1	1	0
  889	2023-08-15 17:00:55	48	1	1	0
  582	2023-08-15 17:01:02	48	1	1	0
 2626	2023-08-15 17:01:08	48	1	1	0
 2626	2023-08-15 17:01:10	48	1	1	0
  283	2023-08-15 17:01:18	48	1	1	0
  283	2023-08-15 17:01:22	48	1	1	0
 1793	2023-08-15 17:01:27	48	1	1	0
 1793	2023-08-15 17:01:28	48	1	1	0
  250	2023-08-15 17:01:33	48	1	1	0
  250	2023-08-15 17:01:34	48	1	1	0
 1486	2023-08-15 17:01:42	48	1	1	0
 1486	2023-08-15 17:01:46	48	1	1	0
 2566	2023-08-15 17:01:52	48	1	1	0
 2566	2023-08-15 17:01:53	48	1	1	0
  891	2023-08-15 17:01:58	48	1	1	0
  891	2023-08-15 17:02:00	48	1	1	0
 2874	2023-08-15 17:02:07	48	1	1	0
 2874	2023-08-15 17:02:09	48	1	1	0
  283	2023-08-15 17:02:21	48	1	1	0
  494	2023-08-15 17:02:25	48	1	1	0
  494	2023-08-15 17:02:27	48	1	1	0
  364	2023-08-15 17:02:32	48	1	1	0
  364	2023-08-15 17:02:34	48	1	1	0
 1778	2023-08-15 17:02:38	48	1	1	0
 1778	2023-08-15 17:02:40	48	1	1	0
 2625	2023-08-15 17:02:49	48	1	1	0
 2625	2023-08-15 17:02:51	48	1	1	0
 1518	2023-08-15 17:02:57	48	1	1	0
   59	2023-08-15 17:03:07	48	1	1	0
   59	2023-08-15 17:03:08	48	1	1	0
  768	2023-08-15 17:03:14	48	1	1	0
  154	2023-08-15 17:04:44	48	1	1	0
  364	2023-08-16 07:03:45	48	0	1	0
  364	2023-08-16 07:03:47	48	0	1	0
  494	2023-08-16 07:27:53	48	0	1	0
  494	2023-08-16 07:27:59	48	0	1	0
 2625	2023-08-16 07:28:22	48	0	1	0
 2625	2023-08-16 07:28:23	48	0	1	0
  326	2023-08-16 07:29:24	48	0	1	0
  326	2023-08-16 07:29:25	48	0	1	0
  847	2023-08-16 07:35:44	48	0	1	0
  865	2023-08-16 07:37:09	48	0	1	0
  865	2023-08-16 07:37:11	48	0	1	0
  181	2023-08-16 07:42:05	48	0	1	0
  181	2023-08-16 07:42:06	48	0	1	0
 2874	2023-08-16 07:47:35	48	0	1	0
 2874	2023-08-16 07:47:42	48	0	1	0
 2626	2023-08-16 07:49:29	48	0	1	0
 2626	2023-08-16 07:49:31	48	0	1	0
  487	2023-08-16 07:51:57	48	0	1	0
  487	2023-08-16 07:51:59	48	0	1	0
 1486	2023-08-16 07:55:20	48	0	1	0
  891	2023-08-16 07:57:13	48	0	1	0
  891	2023-08-16 07:57:15	48	0	1	0
   59	2023-08-16 07:58:17	48	0	1	0
   59	2023-08-16 07:58:19	48	0	1	0
 2806	2023-08-16 07:58:39	48	0	1	0
  250	2023-08-16 08:01:58	48	0	1	0
  250	2023-08-16 08:01:59	48	0	1	0
 1683	2023-08-16 08:02:16	48	0	1	0
 1683	2023-08-16 08:02:19	48	0	1	0
 1793	2023-08-16 08:03:14	48	0	1	0
 1793	2023-08-16 08:03:15	48	0	1	0
  283	2023-08-16 08:05:47	48	0	1	0
  283	2023-08-16 08:05:48	48	0	1	0
  283	2023-08-16 08:05:50	48	0	1	0
  889	2023-08-16 08:06:49	48	0	1	0
  889	2023-08-16 08:06:51	48	0	1	0
 1778	2023-08-16 08:09:16	48	0	1	0
 1778	2023-08-16 08:09:17	48	0	1	0
 2566	2023-08-16 08:09:34	48	0	1	0
 2566	2023-08-16 08:09:36	48	0	1	0
 1243	2023-08-16 08:15:17	48	0	1	0
  331	2023-08-16 08:20:57	48	0	1	0
  331	2023-08-16 08:20:59	48	0	1	0
