     2866	2024-01-02 06:30:37	4	0	1	0
     2866	2024-01-02 06:30:41	4	0	1	0
     1420	2024-01-02 07:44:14	4	0	1	0
     1217	2024-01-02 07:53:56	4	0	1	0
     1217	2024-01-02 07:53:58	4	0	1	0
     2112	2024-01-02 07:54:03	4	0	1	0
     2112	2024-01-02 07:54:06	4	0	1	0
     2035	2024-01-02 07:56:47	4	0	1	0
     2035	2024-01-02 07:57:14	4	0	1	0
     1205	2024-01-02 07:59:16	4	0	1	0
      920	2024-01-02 07:59:22	4	0	1	0
     2001	2024-01-02 07:59:35	4	0	1	0
     2001	2024-01-02 07:59:37	4	0	1	0
      817	2024-01-02 08:00:17	4	0	1	0
      516	2024-01-02 08:00:21	4	0	1	0
      516	2024-01-02 08:00:28	4	0	1	0
     2827	2024-01-02 08:04:45	4	0	1	0
     2827	2024-01-02 08:04:47	4	0	1	0
       37	2024-01-02 08:05:36	4	0	1	0
       37	2024-01-02 08:05:38	4	0	1	0
       37	2024-01-02 08:05:40	4	0	1	0
       37	2024-01-02 08:05:42	4	0	1	0
     2615	2024-01-02 08:05:50	4	0	1	0
     2615	2024-01-02 08:05:54	4	0	1	0
     2615	2024-01-02 08:05:58	4	0	1	0
     2125	2024-01-02 08:09:22	4	0	1	0
     2125	2024-01-02 08:09:24	4	0	1	0
     2125	2024-01-02 08:09:25	4	0	1	0
     2047	2024-01-02 08:09:58	4	0	1	0
      470	2024-01-02 08:11:00	4	0	1	0
     2761	2024-01-02 08:31:26	4	0	1	0
     2761	2024-01-02 08:31:28	4	0	1	0
     2761	2024-01-02 08:31:29	4	0	1	0
     2963	2024-01-02 08:32:53	4	0	1	0
     2963	2024-01-02 08:32:54	4	0	1	0
     1417	2024-01-02 08:34:46	4	0	1	0
     1417	2024-01-02 08:34:48	4	0	1	0
     1417	2024-01-02 08:34:50	4	0	1	0
     1417	2024-01-02 08:34:51	4	0	1	0
     1417	2024-01-02 08:34:55	4	0	1	0
     1417	2024-01-02 08:34:57	4	0	1	0
      623	2024-01-02 10:19:06	4	0	1	0
     1417	2024-01-02 12:01:39	4	1	1	0
     1417	2024-01-02 12:01:40	4	1	1	0
     1417	2024-01-02 12:01:42	4	1	1	0
     1417	2024-01-02 12:01:43	4	1	1	0
     2827	2024-01-02 12:01:51	4	1	1	0
     2827	2024-01-02 12:01:53	4	1	1	0
     1205	2024-01-02 12:02:02	4	1	1	0
     2963	2024-01-02 12:02:04	4	1	1	0
     2963	2024-01-02 12:02:06	4	1	1	0
     2615	2024-01-02 12:02:58	4	1	1	0
     2615	2024-01-02 12:03:02	4	1	1	0
     2615	2024-01-02 12:03:06	4	1	1	0
     2761	2024-01-02 12:03:12	4	1	1	0
     2761	2024-01-02 12:03:15	4	1	1	0
     2761	2024-01-02 12:03:19	4	1	1	0
     1420	2024-01-02 12:03:57	4	1	1	0
     2125	2024-01-02 12:04:05	4	1	1	0
     2035	2024-01-02 12:05:21	4	1	1	0
     2001	2024-01-02 12:05:51	4	1	1	0
     2001	2024-01-02 12:05:52	4	1	1	0
     2963	2024-01-02 12:06:06	4	0	1	0
      516	2024-01-02 12:06:41	4	1	1	0
      516	2024-01-02 12:08:03	4	0	1	0
      623	2024-01-02 12:08:50	4	1	1	0
      623	2024-01-02 12:09:05	4	0	1	0
     2112	2024-01-02 12:09:38	4	1	1	0
     2866	2024-01-02 12:09:50	4	1	1	0
     1417	2024-01-02 12:10:05	4	0	1	0
     1417	2024-01-02 12:10:06	4	0	1	0
     1417	2024-01-02 12:10:08	4	0	1	0
     1417	2024-01-02 12:10:09	4	0	1	0
     1417	2024-01-02 12:10:10	4	0	1	0
     2827	2024-01-02 12:10:23	4	0	1	0
     2827	2024-01-02 12:10:25	4	0	1	0
     1205	2024-01-02 12:10:31	4	0	1	0
      470	2024-01-02 12:10:36	4	1	1	0
     2035	2024-01-02 12:10:38	4	1	1	0
     2035	2024-01-02 12:10:40	4	0	1	0
     1420	2024-01-02 12:15:03	4	0	1	0
     2125	2024-01-02 12:15:08	4	0	1	0
     2125	2024-01-02 12:15:16	4	0	1	0
     2761	2024-01-02 12:19:24	4	0	1	0
     2761	2024-01-02 12:19:25	4	0	1	0
     2615	2024-01-02 12:22:15	4	0	1	0
     2615	2024-01-02 12:22:19	4	0	1	0
     2615	2024-01-02 12:22:23	4	0	1	0
      920	2024-01-02 12:25:13	4	1	1	0
      817	2024-01-02 12:27:15	4	1	1	0
      920	2024-01-02 12:29:59	4	0	1	0
     2112	2024-01-02 12:30:14	4	0	1	0
      470	2024-01-02 12:31:43	4	0	1	0
      817	2024-01-02 12:37:41	4	0	1	0
     2866	2024-01-02 12:38:04	4	0	1	0
     2047	2024-01-02 12:39:30	4	1	1	0
      920	2024-01-02 12:39:59	4	0	1	0
     2047	2024-01-02 12:42:05	4	0	1	0
      714	2024-01-02 15:14:23	4	0	1	0
      714	2024-01-02 15:14:28	4	0	1	0
       37	2024-01-02 16:03:32	4	1	1	0
       37	2024-01-02 16:03:34	4	1	1	0
       37	2024-01-02 16:03:36	4	1	1	0
     2866	2024-01-02 17:01:11	4	1	1	0
     2866	2024-01-02 17:01:15	4	1	1	0
     1205	2024-01-02 17:01:34	4	1	1	0
      817	2024-01-02 17:02:34	4	1	1	0
      920	2024-01-02 17:02:57	4	1	1	0
     2615	2024-01-02 17:03:22	4	1	1	0
     2615	2024-01-02 17:03:25	4	1	1	0
     2615	2024-01-02 17:03:29	4	1	1	0
      516	2024-01-02 17:04:18	4	1	1	0
      516	2024-01-02 17:04:42	4	1	1	0
     2047	2024-01-02 17:06:19	4	1	1	0
      470	2024-01-02 17:06:23	4	1	1	0
     2112	2024-01-02 17:08:39	4	1	1	0
     2112	2024-01-02 17:08:42	4	1	1	0
     2827	2024-01-02 17:11:14	4	1	1	0
     2827	2024-01-02 17:11:15	4	1	1	0
     1217	2024-01-02 17:12:19	4	1	1	0
     1417	2024-01-02 17:12:35	4	1	1	0
     1417	2024-01-02 17:12:37	4	1	1	0
     1417	2024-01-02 17:12:39	4	1	1	0
     1417	2024-01-02 17:12:40	4	1	1	0
     1417	2024-01-02 17:12:41	4	1	1	0
     1417	2024-01-02 17:12:43	4	1	1	0
     1417	2024-01-02 17:12:44	4	1	1	0
     1417	2024-01-02 17:12:47	4	1	1	0
     1417	2024-01-02 17:12:49	4	1	1	0
     1417	2024-01-02 17:12:50	4	1	1	0
     1417	2024-01-02 17:12:51	4	1	1	0
     1417	2024-01-02 17:12:52	4	1	1	0
     1417	2024-01-02 17:12:53	4	1	1	0
     1417	2024-01-02 17:12:54	4	1	1	0
     1417	2024-01-02 17:12:58	4	1	1	0
     1417	2024-01-02 17:13:00	4	1	1	0
     1417	2024-01-02 17:13:01	4	1	1	0
     1417	2024-01-02 17:13:03	4	1	1	0
     1417	2024-01-02 17:13:04	4	1	1	0
     1417	2024-01-02 17:13:05	4	1	1	0
      920	2024-01-02 17:13:26	4	1	1	0
     2761	2024-01-02 17:13:32	4	1	1	0
     2761	2024-01-02 17:13:34	4	1	1	0
     2761	2024-01-02 17:13:35	4	1	1	0
     1217	2024-01-02 17:13:57	4	1	1	0
     2001	2024-01-02 17:19:39	4	0	1	0
     2001	2024-01-02 17:19:45	4	1	1	0
     2001	2024-01-02 17:19:47	4	1	1	0
     2035	2024-01-02 17:21:32	4	1	1	0
     1420	2024-01-02 17:21:47	4	1	1	0
     2125	2024-01-02 17:23:15	4	1	1	0
     2125	2024-01-02 17:23:16	4	1	1	0
     2125	2024-01-02 17:23:18	4	1	1	0
     2963	2024-01-02 17:23:51	4	0	1	0
     2963	2024-01-02 17:23:52	4	0	1	0
      623	2024-01-02 18:18:34	4	1	1	0
      714	2024-01-03 00:00:01	4	0	1	0
      714	2024-01-03 00:00:06	4	1	1	0
     2866	2024-01-03 06:17:46	4	0	1	0
     2866	2024-01-03 06:17:50	4	0	1	0
     2125	2024-01-03 06:40:49	4	0	1	0
     2125	2024-01-03 06:40:51	4	0	1	0
     2125	2024-01-03 06:40:52	4	0	1	0
     1420	2024-01-03 07:25:38	4	0	1	0
     2112	2024-01-03 07:30:20	4	0	1	0
     2112	2024-01-03 07:30:22	4	0	1	0
     1064	2024-01-03 07:34:03	4	0	1	0
      920	2024-01-03 07:47:10	4	0	1	0
      920	2024-01-03 07:47:12	4	0	1	0
      470	2024-01-03 07:51:19	4	0	1	0
      817	2024-01-03 07:54:41	4	0	1	0
     2615	2024-01-03 07:57:27	4	0	1	0
     2615	2024-01-03 07:57:31	4	0	1	0
     2615	2024-01-03 07:57:35	4	0	1	0
     2615	2024-01-03 07:57:39	4	0	1	0
     1205	2024-01-03 07:57:56	4	0	1	0
     2001	2024-01-03 07:58:32	4	0	1	0
     2001	2024-01-03 07:58:33	4	0	1	0
      516	2024-01-03 08:01:01	4	0	1	0
     2827	2024-01-03 08:01:47	4	0	1	0
     2827	2024-01-03 08:01:51	4	0	1	0
     2827	2024-01-03 08:01:53	4	0	1	0
     2047	2024-01-03 08:09:51	4	0	1	0
     2761	2024-01-03 08:18:21	4	0	1	0
     2761	2024-01-03 08:18:23	4	0	1	0
     2761	2024-01-03 08:18:24	4	0	1	0
     2238	2024-01-03 08:20:58	4	0	1	0
     1417	2024-01-03 08:24:46	4	0	1	0
     1417	2024-01-03 08:24:48	4	0	1	0
     1417	2024-01-03 08:24:49	4	0	1	0
     1417	2024-01-03 08:24:51	4	0	1	0
     2963	2024-01-03 08:38:05	4	0	1	0
     2963	2024-01-03 08:38:07	4	0	1	0
      623	2024-01-03 09:13:33	4	0	1	0
     2238	2024-01-03 12:01:02	4	1	1	0
     1205	2024-01-03 12:01:20	4	1	1	0
     2866	2024-01-03 12:01:34	4	1	1	0
     1417	2024-01-03 12:02:09	4	1	1	0
     1417	2024-01-03 12:02:11	4	1	1	0
     1417	2024-01-03 12:02:12	4	1	1	0
     1417	2024-01-03 12:02:14	4	1	1	0
     2761	2024-01-03 12:03:18	4	1	1	0
     2761	2024-01-03 12:03:19	4	1	1	0
     2761	2024-01-03 12:03:21	4	1	1	0
     2761	2024-01-03 12:03:22	4	1	1	0
     2615	2024-01-03 12:03:33	4	1	1	0
     2615	2024-01-03 12:03:37	4	1	1	0
     2615	2024-01-03 12:03:41	4	1	1	0
     2963	2024-01-03 12:04:01	4	1	1	0
     2963	2024-01-03 12:04:02	4	1	1	0
     2827	2024-01-03 12:05:08	4	1	1	0
     2827	2024-01-03 12:05:09	4	1	1	0
      516	2024-01-03 12:05:14	4	1	1	0
     2615	2024-01-03 12:05:23	4	1	1	0
     2615	2024-01-03 12:05:27	4	1	1	0
     1420	2024-01-03 12:05:58	4	1	1	0
     2125	2024-01-03 12:06:03	4	1	1	0
      516	2024-01-03 12:06:08	4	0	1	0
      920	2024-01-03 12:06:44	4	1	1	0
     2001	2024-01-03 12:07:45	4	1	1	0
      470	2024-01-03 12:07:50	4	1	1	0
     1417	2024-01-03 12:08:11	4	0	1	0
     1417	2024-01-03 12:08:13	4	0	1	0
     1417	2024-01-03 12:08:14	4	0	1	0
     1417	2024-01-03 12:08:15	4	0	1	0
     1417	2024-01-03 12:08:19	4	0	1	0
     1417	2024-01-03 12:08:20	4	0	1	0
      817	2024-01-03 12:08:47	4	1	1	0
     2827	2024-01-03 12:10:02	4	0	1	0
     2827	2024-01-03 12:10:05	4	0	1	0
     2827	2024-01-03 12:10:07	4	0	1	0
     2866	2024-01-03 12:10:18	4	0	1	0
     2238	2024-01-03 12:12:06	4	0	1	0
      470	2024-01-03 12:12:11	4	0	1	0
     2125	2024-01-03 12:12:20	4	0	1	0
      920	2024-01-03 12:12:23	4	0	1	0
     2963	2024-01-03 12:12:29	4	0	1	0
     2963	2024-01-03 12:12:30	4	0	1	0
     1205	2024-01-03 12:13:08	4	0	1	0
     1420	2024-01-03 12:14:00	4	0	1	0
     2112	2024-01-03 12:14:21	4	1	1	0
     2761	2024-01-03 12:16:42	4	0	1	0
     2761	2024-01-03 12:16:43	4	0	1	0
     2112	2024-01-03 12:21:33	4	0	1	0
     2615	2024-01-03 12:24:37	4	0	1	0
     2615	2024-01-03 12:24:41	4	0	1	0
     2615	2024-01-03 12:24:44	4	0	1	0
      817	2024-01-03 12:33:30	4	0	1	0
     2047	2024-01-03 12:43:44	4	1	1	0
     2047	2024-01-03 12:51:40	4	0	1	0
     2001	2024-01-03 12:52:43	4	0	1	0
     2001	2024-01-03 12:52:45	4	0	1	0
     1064	2024-01-03 16:03:27	4	1	1	0
     2866	2024-01-03 17:01:12	4	1	1	0
     2866	2024-01-03 17:01:16	4	1	1	0
      817	2024-01-03 17:02:01	4	1	1	0
      920	2024-01-03 17:02:03	4	1	1	0
     2827	2024-01-03 17:03:21	4	1	1	0
     2827	2024-01-03 17:03:22	4	1	1	0
     2827	2024-01-03 17:03:23	4	1	1	0
     2827	2024-01-03 17:03:24	4	1	1	0
      516	2024-01-03 17:03:26	4	1	1	0
      516	2024-01-03 17:03:34	4	1	1	0
     2238	2024-01-03 17:06:34	4	1	1	0
     2761	2024-01-03 17:06:42	4	1	1	0
     2761	2024-01-03 17:06:43	4	1	1	0
     2761	2024-01-03 17:06:44	4	1	1	0
     2047	2024-01-03 17:06:48	4	1	1	0
     2047	2024-01-03 17:06:50	4	1	1	0
     2112	2024-01-03 17:07:23	4	1	1	0
     2112	2024-01-03 17:07:26	4	1	1	0
     2001	2024-01-03 17:07:33	4	1	1	0
     2001	2024-01-03 17:07:35	4	1	1	0
     2615	2024-01-03 17:07:40	4	1	1	0
     2615	2024-01-03 17:07:44	4	1	1	0
     2615	2024-01-03 17:07:48	4	1	1	0
     1417	2024-01-03 17:09:33	4	1	1	0
     1417	2024-01-03 17:09:35	4	1	1	0
     1417	2024-01-03 17:09:36	4	1	1	0
     1417	2024-01-03 17:09:38	4	1	1	0
     1417	2024-01-03 17:09:39	4	1	1	0
     1417	2024-01-03 17:09:41	4	1	1	0
     1417	2024-01-03 17:09:42	4	1	1	0
     1417	2024-01-03 17:09:43	4	1	1	0
     1417	2024-01-03 17:09:44	4	1	1	0
      920	2024-01-03 17:14:02	4	0	1	0
     1205	2024-01-03 17:16:37	4	1	1	0
     2963	2024-01-03 17:51:02	4	1	1	0
     2963	2024-01-03 17:51:06	4	1	1	0
     2125	2024-01-03 17:51:36	4	1	1	0
     2125	2024-01-03 17:51:37	4	1	1	0
     2125	2024-01-03 17:51:39	4	1	1	0
      623	2024-01-03 19:23:11	4	1	1	0
     1420	2024-01-03 20:26:25	4	1	1	0
      470	2024-01-03 20:32:12	4	1	1	0
      920	2024-01-03 20:32:20	4	1	1	0
      920	2024-01-03 20:32:28	4	5	1	0
     2125	2024-01-03 23:16:28	4	1	1	0
     2125	2024-01-03 23:16:30	4	1	1	0
     2866	2024-01-04 06:05:06	4	0	1	0
     2866	2024-01-04 06:05:10	4	0	1	0
     1420	2024-01-04 07:14:56	4	0	1	0
     1064	2024-01-04 07:26:12	4	0	1	0
     2112	2024-01-04 07:41:26	4	0	1	0
     2112	2024-01-04 07:41:28	4	0	1	0
     2963	2024-01-04 07:51:32	4	0	1	0
     2963	2024-01-04 07:51:34	4	0	1	0
      920	2024-01-04 07:54:36	4	0	1	0
     2001	2024-01-04 07:56:44	4	0	1	0
     2001	2024-01-04 07:56:47	4	0	1	0
     2615	2024-01-04 07:57:40	4	0	1	0
     2615	2024-01-04 07:57:44	4	0	1	0
     2615	2024-01-04 07:57:49	4	0	1	0
     2615	2024-01-04 07:57:57	4	0	1	0
      920	2024-01-04 07:59:04	4	0	1	0
     1417	2024-01-04 07:59:56	4	0	1	0
     1417	2024-01-04 07:59:57	4	0	1	0
     1417	2024-01-04 07:59:58	4	0	1	0
     1417	2024-01-04 08:00:00	4	0	1	0
       37	2024-01-04 08:00:11	4	0	1	0
       37	2024-01-04 08:00:13	4	0	1	0
       37	2024-01-04 08:00:15	4	0	1	0
      470	2024-01-04 08:00:52	4	0	1	0
     2827	2024-01-04 08:01:24	4	0	1	0
     2827	2024-01-04 08:01:26	4	0	1	0
      817	2024-01-04 08:01:38	4	0	1	0
     2125	2024-01-04 08:02:05	4	0	1	0
     2125	2024-01-04 08:02:06	4	0	1	0
     2125	2024-01-04 08:02:08	4	0	1	0
     2238	2024-01-04 08:04:46	4	0	1	0
     2047	2024-01-04 08:06:26	4	0	1	0
      516	2024-01-04 08:11:40	4	0	1	0
     2761	2024-01-04 08:12:02	4	0	1	0
     2761	2024-01-04 08:12:03	4	0	1	0
     2761	2024-01-04 08:12:04	4	0	1	0
     2761	2024-01-04 08:12:05	4	0	1	0
      623	2024-01-04 09:45:41	4	0	1	0
     2827	2024-01-04 12:01:04	4	1	1	0
     2827	2024-01-04 12:01:05	4	1	1	0
     2615	2024-01-04 12:01:08	4	1	1	0
     2615	2024-01-04 12:01:12	4	1	1	0
     2615	2024-01-04 12:01:16	4	1	1	0
     2615	2024-01-04 12:01:21	4	1	1	0
     2001	2024-01-04 12:01:42	4	1	1	0
     1417	2024-01-04 12:01:48	4	1	1	0
     1417	2024-01-04 12:01:49	4	1	1	0
     1417	2024-01-04 12:01:50	4	1	1	0
     1417	2024-01-04 12:01:51	4	1	1	0
     1417	2024-01-04 12:01:53	4	1	1	0
     1417	2024-01-04 12:01:54	4	1	1	0
      516	2024-01-04 12:02:13	4	1	1	0
     2761	2024-01-04 12:02:37	4	1	1	0
     2761	2024-01-04 12:02:38	4	1	1	0
     2761	2024-01-04 12:02:40	4	1	1	0
     2866	2024-01-04 12:03:10	4	1	1	0
      516	2024-01-04 12:05:04	4	0	1	0
     2827	2024-01-04 12:05:14	4	0	1	0
     2827	2024-01-04 12:05:15	4	0	1	0
     2827	2024-01-04 12:05:18	4	0	1	0
     2238	2024-01-04 12:06:06	4	1	1	0
     1417	2024-01-04 12:07:16	4	0	1	0
     1417	2024-01-04 12:07:18	4	0	1	0
     1417	2024-01-04 12:07:19	4	0	1	0
     1417	2024-01-04 12:07:21	4	0	1	0
     2963	2024-01-04 12:08:38	4	1	1	0
     2963	2024-01-04 12:08:40	4	1	1	0
     2963	2024-01-04 12:08:41	4	1	1	0
     2125	2024-01-04 12:09:00	4	1	1	0
     1420	2024-01-04 12:10:17	4	1	1	0
     2047	2024-01-04 12:10:32	4	1	1	0
      623	2024-01-04 12:11:09	4	1	1	0
      623	2024-01-04 12:12:02	4	0	1	0
     2615	2024-01-04 12:12:25	4	0	1	0
     2615	2024-01-04 12:12:29	4	0	1	0
     2615	2024-01-04 12:12:34	4	0	1	0
     2615	2024-01-04 12:12:38	4	0	1	0
      817	2024-01-04 12:16:47	4	1	1	0
     2112	2024-01-04 12:18:46	4	1	1	0
      920	2024-01-04 12:21:35	4	1	1	0
      817	2024-01-04 12:22:08	4	0	1	0
      817	2024-01-04 12:22:10	4	0	1	0
      920	2024-01-04 12:28:48	4	0	1	0
     2963	2024-01-04 12:29:39	4	0	1	0
     2238	2024-01-04 12:29:53	4	0	1	0
     1420	2024-01-04 12:30:18	4	0	1	0
     2001	2024-01-04 12:30:27	4	0	1	0
     2001	2024-01-04 12:30:28	4	0	1	0
     2125	2024-01-04 12:30:32	4	0	1	0
     2125	2024-01-04 12:30:37	4	0	1	0
     2761	2024-01-04 12:30:41	4	0	1	0
     2761	2024-01-04 12:30:42	4	0	1	0
     2047	2024-01-04 12:39:02	4	0	1	0
      470	2024-01-04 12:41:01	4	1	1	0
     2866	2024-01-04 12:42:01	4	0	1	0
     2112	2024-01-04 12:50:36	4	0	1	0
      470	2024-01-04 12:56:05	4	0	1	0
      714	2024-01-04 15:08:55	4	0	1	0
       37	2024-01-04 16:06:10	4	1	1	0
       37	2024-01-04 16:06:12	4	1	1	0
       37	2024-01-04 16:06:14	4	1	1	0
     1064	2024-01-04 16:06:20	4	1	1	0
     1064	2024-01-04 16:06:23	4	1	1	0
      920	2024-01-04 17:00:16	4	1	1	0
     2866	2024-01-04 17:01:15	4	1	1	0
     2866	2024-01-04 17:01:21	4	1	1	0
      817	2024-01-04 17:01:30	4	1	1	0
     1417	2024-01-04 17:03:35	4	1	1	0
     1417	2024-01-04 17:03:37	4	1	1	0
     1417	2024-01-04 17:03:38	4	1	1	0
     1417	2024-01-04 17:03:41	4	1	1	0
     1417	2024-01-04 17:03:42	4	1	1	0
     1417	2024-01-04 17:03:43	4	1	1	0
     2238	2024-01-04 17:03:50	4	1	1	0
     2827	2024-01-04 17:03:56	4	1	1	0
     2827	2024-01-04 17:03:57	4	1	1	0
     2827	2024-01-04 17:03:58	4	1	1	0
      516	2024-01-04 17:04:09	4	1	1	0
     2761	2024-01-04 17:04:20	4	1	1	0
     2761	2024-01-04 17:04:22	4	1	1	0
     2761	2024-01-04 17:04:23	4	1	1	0
     2047	2024-01-04 17:07:39	4	1	1	0
     2047	2024-01-04 17:07:40	4	1	1	0
     2615	2024-01-04 17:09:14	4	1	1	0
     2615	2024-01-04 17:09:21	4	1	1	0
     2615	2024-01-04 17:09:25	4	1	1	0
     2615	2024-01-04 17:09:40	4	1	1	0
      920	2024-01-04 17:10:20	4	4	1	0
     2112	2024-01-04 17:11:09	4	1	1	0
     2112	2024-01-04 17:11:11	4	1	1	0
      470	2024-01-04 17:13:30	4	1	1	0
      470	2024-01-04 17:35:19	4	4	1	0
     2001	2024-01-04 17:38:40	4	1	1	0
     2001	2024-01-04 17:38:41	4	1	1	0
      623	2024-01-04 17:45:17	4	1	1	0
      623	2024-01-04 18:04:28	4	1	1	0
     2125	2024-01-04 18:04:35	4	1	1	0
     2125	2024-01-04 18:04:36	4	1	1	0
     2125	2024-01-04 18:04:37	4	1	1	0
     2125	2024-01-04 18:04:39	4	1	1	0
     2963	2024-01-04 18:04:42	4	1	1	0
     2963	2024-01-04 18:04:43	4	1	1	0
      324	2024-01-04 18:41:51	4	1	1	0
     1420	2024-01-04 18:42:09	4	1	1	0
     1420	2024-01-04 18:42:28	4	1	1	0
      470	2024-01-04 20:02:09	4	1	1	0
      920	2024-01-04 20:02:26	4	5	1	0
      470	2024-01-04 20:04:18	4	5	1	0
      714	2024-01-05 00:00:02	4	0	1	0
      714	2024-01-05 00:00:08	4	1	1	0
     2866	2024-01-05 06:01:40	4	0	1	0
     2866	2024-01-05 06:01:47	4	0	1	0
      516	2024-01-05 07:12:48	4	0	1	0
     2238	2024-01-05 07:22:44	4	0	1	0
     2112	2024-01-05 07:29:15	4	0	1	0
     2112	2024-01-05 07:29:17	4	0	1	0
     2615	2024-01-05 07:56:45	4	0	1	0
     2615	2024-01-05 07:56:50	4	0	1	0
     2615	2024-01-05 07:56:54	4	0	1	0
     2615	2024-01-05 07:56:59	4	0	1	0
       37	2024-01-05 07:57:06	4	0	1	0
       37	2024-01-05 07:57:08	4	0	1	0
       37	2024-01-05 07:57:09	4	0	1	0
       37	2024-01-05 07:57:11	4	0	1	0
      920	2024-01-05 07:57:15	4	0	1	0
     2001	2024-01-05 07:58:39	4	0	1	0
     2001	2024-01-05 07:58:41	4	0	1	0
      817	2024-01-05 08:00:17	4	0	1	0
     2827	2024-01-05 08:01:26	4	0	1	0
     2827	2024-01-05 08:01:27	4	0	1	0
     2963	2024-01-05 08:02:01	4	0	1	0
     2047	2024-01-05 08:03:06	4	0	1	0
     2125	2024-01-05 08:03:13	4	0	1	0
     2125	2024-01-05 08:03:15	4	0	1	0
     2125	2024-01-05 08:03:17	4	0	1	0
      470	2024-01-05 08:03:29	4	0	1	0
     1417	2024-01-05 08:06:30	4	0	1	0
     1417	2024-01-05 08:06:32	4	0	1	0
     1417	2024-01-05 08:06:33	4	0	1	0
     1417	2024-01-05 08:06:36	4	0	1	0
     1420	2024-01-05 08:09:57	4	0	1	0
     2761	2024-01-05 08:32:23	4	0	1	0
     2761	2024-01-05 08:32:26	4	0	1	0
     2761	2024-01-05 08:32:28	4	0	1	0
     1417	2024-01-05 12:01:02	4	1	1	0
     1417	2024-01-05 12:01:04	4	1	1	0
     1417	2024-01-05 12:01:05	4	1	1	0
     1417	2024-01-05 12:01:06	4	1	1	0
     2866	2024-01-05 12:01:22	4	1	1	0
      516	2024-01-05 12:01:32	4	1	1	0
     2827	2024-01-05 12:01:42	4	1	1	0
     2827	2024-01-05 12:01:48	4	1	1	0
     2827	2024-01-05 12:01:49	4	1	1	0
     2827	2024-01-05 12:01:51	4	1	1	0
     2963	2024-01-05 12:02:14	4	1	1	0
     2963	2024-01-05 12:02:16	4	1	1	0
     2761	2024-01-05 12:02:24	4	1	1	0
     2761	2024-01-05 12:02:25	4	1	1	0
     2761	2024-01-05 12:02:27	4	1	1	0
     2615	2024-01-05 12:02:29	4	1	1	0
     2615	2024-01-05 12:02:33	4	1	1	0
     2615	2024-01-05 12:02:36	4	1	1	0
     2615	2024-01-05 12:02:40	4	1	1	0
     2615	2024-01-05 12:02:42	4	1	1	0
     2615	2024-01-05 12:02:46	4	1	1	0
     2238	2024-01-05 12:03:37	4	1	1	0
     1420	2024-01-05 12:06:08	4	1	1	0
     2963	2024-01-05 12:08:30	4	0	1	0
      516	2024-01-05 12:09:51	4	0	1	0
     2827	2024-01-05 12:09:59	4	0	1	0
     2827	2024-01-05 12:10:02	4	0	1	0
     2827	2024-01-05 12:10:04	4	0	1	0
     2866	2024-01-05 12:10:26	4	0	1	0
     2615	2024-01-05 12:10:40	4	0	1	0
     2615	2024-01-05 12:10:44	4	0	1	0
     2615	2024-01-05 12:10:49	4	0	1	0
     2615	2024-01-05 12:10:53	4	0	1	0
     2001	2024-01-05 12:10:59	4	1	1	0
     2001	2024-01-05 12:11:00	4	1	1	0
     2112	2024-01-05 12:12:09	4	1	1	0
     1417	2024-01-05 12:12:22	4	0	1	0
     1417	2024-01-05 12:12:23	4	0	1	0
     1417	2024-01-05 12:12:24	4	0	1	0
     1417	2024-01-05 12:12:26	4	0	1	0
     1417	2024-01-05 12:12:27	4	0	1	0
     1420	2024-01-05 12:20:26	4	0	1	0
     2125	2024-01-05 12:24:12	4	1	1	0
     2112	2024-01-05 12:28:15	4	0	1	0
     2001	2024-01-05 12:31:24	4	0	1	0
     2001	2024-01-05 12:31:25	4	0	1	0
      470	2024-01-05 12:31:59	4	1	1	0
      817	2024-01-05 12:42:09	4	1	1	0
     2047	2024-01-05 12:42:15	4	1	1	0
      920	2024-01-05 12:42:19	4	1	1	0
      470	2024-01-05 12:48:48	4	0	1	0
      817	2024-01-05 12:52:08	4	0	1	0
      817	2024-01-05 12:52:09	4	0	1	0
      920	2024-01-05 12:52:12	4	0	1	0
     2047	2024-01-05 12:52:37	4	0	1	0
     2125	2024-01-05 12:58:44	4	0	1	0
     2238	2024-01-05 14:38:57	4	1	1	0
       37	2024-01-05 16:03:47	4	1	1	0
       37	2024-01-05 16:03:49	4	1	1	0
       37	2024-01-05 16:03:52	4	1	1	0
     2866	2024-01-05 17:01:17	4	1	1	0
     2866	2024-01-05 17:01:21	4	1	1	0
      817	2024-01-05 17:03:30	4	1	1	0
     2827	2024-01-05 17:04:51	4	1	1	0
     2827	2024-01-05 17:04:53	4	1	1	0
     2827	2024-01-05 17:04:54	4	1	1	0
     1417	2024-01-05 17:05:35	4	1	1	0
     1417	2024-01-05 17:05:37	4	1	1	0
     1417	2024-01-05 17:05:38	4	1	1	0
     1417	2024-01-05 17:05:39	4	1	1	0
     1417	2024-01-05 17:05:40	4	1	1	0
     1417	2024-01-05 17:05:42	4	1	1	0
     1417	2024-01-05 17:05:43	4	1	1	0
     2615	2024-01-05 17:07:07	4	1	1	0
     2615	2024-01-05 17:07:11	4	1	1	0
     2615	2024-01-05 17:07:15	4	1	1	0
      516	2024-01-05 17:07:20	4	1	1	0
     2112	2024-01-05 17:09:14	4	1	1	0
     2112	2024-01-05 17:09:16	4	1	1	0
     2047	2024-01-05 17:10:02	4	1	1	0
     2047	2024-01-05 17:10:06	4	1	1	0
      920	2024-01-05 17:11:42	4	1	1	0
      920	2024-01-05 17:19:04	4	4	1	0
     2001	2024-01-05 17:34:05	4	1	1	0
     2125	2024-01-05 18:02:09	4	1	1	0
     2125	2024-01-05 18:02:10	4	1	1	0
     2125	2024-01-05 18:02:11	4	1	1	0
     2125	2024-01-05 18:02:12	4	1	1	0
     1420	2024-01-05 18:03:28	4	1	1	0
     2615	2024-01-05 18:28:46	4	1	1	0
     2615	2024-01-05 18:28:50	4	1	1	0
     2125	2024-01-05 18:37:07	4	1	1	0
     2125	2024-01-05 18:37:08	4	1	1	0
      470	2024-01-05 19:30:25	4	1	1	0
      920	2024-01-05 19:35:15	4	1	1	0
     2761	2024-01-05 19:35:21	4	1	1	0
     2761	2024-01-05 19:35:22	4	1	1	0
     2761	2024-01-05 19:35:25	4	1	1	0
     2761	2024-01-05 19:35:26	4	1	1	0
      623	2024-01-05 19:50:55	4	1	1	0
     1420	2024-01-05 20:23:34	4	1	1	0
     2963	2024-01-05 20:23:36	4	1	1	0
     2963	2024-01-05 20:23:37	4	1	1	0
     1064	2024-01-06 07:30:40	4	0	1	0
     1064	2024-01-06 07:30:42	4	0	1	0
      920	2024-01-06 07:54:57	4	0	1	0
      470	2024-01-06 08:17:06	4	0	1	0
      470	2024-01-06 12:10:08	4	1	1	0
      920	2024-01-06 12:10:34	4	1	1	0
      470	2024-01-06 12:30:17	4	0	1	0
      920	2024-01-06 12:46:01	4	0	1	0
     1064	2024-01-06 16:28:04	4	1	1	0
      470	2024-01-06 16:43:25	4	1	1	0
      920	2024-01-06 17:04:59	4	1	1	0
      920	2024-01-06 17:08:11	4	1	1	0
      714	2024-01-07 14:18:06	4	0	1	0
      714	2024-01-07 15:53:41	4	0	1	0
      714	2024-01-08 00:00:14	4	0	1	0
      714	2024-01-08 00:00:20	4	1	1	0
     2866	2024-01-08 06:03:19	4	0	1	0
     2866	2024-01-08 06:03:23	4	0	1	0
     1217	2024-01-08 06:27:32	4	0	1	0
     1217	2024-01-08 06:27:34	4	0	1	0
     1217	2024-01-08 06:27:36	4	0	1	0
     1420	2024-01-08 07:20:57	4	0	1	0
     2112	2024-01-08 07:42:11	4	0	1	0
     2112	2024-01-08 07:42:13	4	0	1	0
       37	2024-01-08 07:50:30	4	0	1	0
       37	2024-01-08 07:50:32	4	0	1	0
       37	2024-01-08 07:50:34	4	0	1	0
       37	2024-01-08 07:50:37	4	0	1	0
     1205	2024-01-08 07:51:31	4	0	1	0
     2963	2024-01-08 07:53:48	4	0	1	0
     2963	2024-01-08 07:53:49	4	0	1	0
     2035	2024-01-08 07:54:05	4	0	1	0
      817	2024-01-08 07:54:11	4	0	1	0
     1417	2024-01-08 07:55:15	4	0	1	0
     1417	2024-01-08 07:55:17	4	0	1	0
     1417	2024-01-08 07:55:18	4	0	1	0
     1417	2024-01-08 07:55:20	4	0	1	0
     2827	2024-01-08 07:55:40	4	0	1	0
     2827	2024-01-08 07:55:42	4	0	1	0
     2827	2024-01-08 07:55:44	4	0	1	0
     2238	2024-01-08 07:56:16	4	0	1	0
      516	2024-01-08 07:58:06	4	0	1	0
      516	2024-01-08 07:58:08	4	0	1	0
      470	2024-01-08 07:58:58	4	0	1	0
      920	2024-01-08 07:59:15	4	0	1	0
     2047	2024-01-08 07:59:49	4	0	1	0
      714	2024-01-08 08:00:05	4	1	1	0
      714	2024-01-08 08:00:09	4	1	1	0
     2125	2024-01-08 08:01:14	4	0	1	0
     2125	2024-01-08 08:01:15	4	0	1	0
     2125	2024-01-08 08:01:17	4	0	1	0
     2001	2024-01-08 08:08:06	4	0	1	0
     2615	2024-01-08 08:08:22	4	0	1	0
     2615	2024-01-08 08:08:25	4	0	1	0
     2615	2024-01-08 08:08:29	4	0	1	0
     2615	2024-01-08 08:08:33	4	0	1	0
     2761	2024-01-08 08:33:50	4	0	1	0
      516	2024-01-08 12:00:07	4	1	1	0
     2866	2024-01-08 12:01:14	4	1	1	0
     2827	2024-01-08 12:02:24	4	1	1	0
     2827	2024-01-08 12:02:25	4	1	1	0
     2827	2024-01-08 12:02:27	4	1	1	0
     2963	2024-01-08 12:02:51	4	1	1	0
     1205	2024-01-08 12:03:28	4	1	1	0
     2035	2024-01-08 12:03:33	4	1	1	0
     2001	2024-01-08 12:04:02	4	1	1	0
     2001	2024-01-08 12:04:04	4	1	1	0
     2125	2024-01-08 12:04:14	4	1	1	0
     2761	2024-01-08 12:04:18	4	1	1	0
     2761	2024-01-08 12:04:21	4	1	1	0
     2761	2024-01-08 12:04:22	4	1	1	0
     2761	2024-01-08 12:04:23	4	1	1	0
     2761	2024-01-08 12:04:25	4	1	1	0
     2761	2024-01-08 12:04:29	4	1	1	0
     2238	2024-01-08 12:04:35	4	1	1	0
     1217	2024-01-08 12:04:44	4	1	1	0
     1217	2024-01-08 12:04:45	4	1	1	0
     1417	2024-01-08 12:04:51	4	1	1	0
     1417	2024-01-08 12:04:52	4	1	1	0
     1417	2024-01-08 12:04:53	4	1	1	0
     1417	2024-01-08 12:04:54	4	1	1	0
     2035	2024-01-08 12:06:46	4	0	1	0
     2827	2024-01-08 12:08:12	4	0	1	0
     2827	2024-01-08 12:08:13	4	0	1	0
     2827	2024-01-08 12:08:15	4	0	1	0
     2963	2024-01-08 12:08:19	4	0	1	0
     2963	2024-01-08 12:08:20	4	0	1	0
     2615	2024-01-08 12:08:26	4	1	1	0
     2615	2024-01-08 12:08:30	4	1	1	0
     2615	2024-01-08 12:08:35	4	1	1	0
      470	2024-01-08 12:09:03	4	1	1	0
     2001	2024-01-08 12:09:20	4	0	1	0
     2001	2024-01-08 12:09:22	4	0	1	0
     1205	2024-01-08 12:10:02	4	0	1	0
     2125	2024-01-08 12:10:07	4	0	1	0
     1417	2024-01-08 12:10:41	4	0	1	0
     1417	2024-01-08 12:10:42	4	0	1	0
     1417	2024-01-08 12:10:43	4	0	1	0
     1417	2024-01-08 12:10:45	4	0	1	0
     1417	2024-01-08 12:10:46	4	0	1	0
     1417	2024-01-08 12:10:47	4	0	1	0
     1417	2024-01-08 12:10:48	4	0	1	0
     1417	2024-01-08 12:10:49	4	0	1	0
     2761	2024-01-08 12:10:55	4	0	1	0
     2761	2024-01-08 12:10:56	4	0	1	0
     2761	2024-01-08 12:10:57	4	0	1	0
     1217	2024-01-08 12:10:59	4	0	1	0
     1217	2024-01-08 12:11:03	4	0	1	0
      516	2024-01-08 12:11:10	4	0	1	0
      623	2024-01-08 12:11:15	4	1	1	0
     2615	2024-01-08 12:11:37	4	0	1	0
     2615	2024-01-08 12:11:41	4	0	1	0
      623	2024-01-08 12:12:03	4	0	1	0
     2035	2024-01-08 12:12:13	4	0	1	0
      470	2024-01-08 12:19:04	4	0	1	0
     2866	2024-01-08 12:26:08	4	0	1	0
     1420	2024-01-08 12:30:39	4	1	1	0
     2238	2024-01-08 12:34:31	4	0	1	0
     2047	2024-01-08 12:42:28	4	1	1	0
      920	2024-01-08 12:42:33	4	1	1	0
      817	2024-01-08 12:42:45	4	1	1	0
      920	2024-01-08 12:42:56	4	1	1	0
     2112	2024-01-08 12:43:39	4	1	1	0
     2047	2024-01-08 12:44:24	4	0	1	0
      920	2024-01-08 12:45:02	4	0	1	0
     1420	2024-01-08 12:46:55	4	0	1	0
      817	2024-01-08 12:49:13	4	0	1	0
      817	2024-01-08 12:49:15	4	0	1	0
     2112	2024-01-08 12:51:11	4	0	1	0
     1064	2024-01-08 14:21:34	4	0	1	0
     1064	2024-01-08 14:21:36	4	0	1	0
       37	2024-01-08 16:04:23	4	1	1	0
       37	2024-01-08 16:04:25	4	1	1	0
       37	2024-01-08 16:04:27	4	1	1	0
       37	2024-01-08 16:04:29	4	1	1	0
      920	2024-01-08 17:01:08	4	1	1	0
      817	2024-01-08 17:01:22	4	1	1	0
     1205	2024-01-08 17:01:28	4	1	1	0
     2866	2024-01-08 17:01:33	4	1	1	0
     2866	2024-01-08 17:01:37	4	1	1	0
     2047	2024-01-08 17:04:38	4	1	1	0
     2047	2024-01-08 17:04:44	4	1	1	0
      920	2024-01-08 17:05:49	4	4	1	0
     2238	2024-01-08 17:07:13	4	1	1	0
     2761	2024-01-08 17:07:29	4	1	1	0
     2761	2024-01-08 17:07:31	4	1	1	0
     2112	2024-01-08 17:09:17	4	1	1	0
     2112	2024-01-08 17:09:19	4	1	1	0
     2001	2024-01-08 17:09:36	4	1	1	0
     2001	2024-01-08 17:09:38	4	1	1	0
     1217	2024-01-08 17:13:52	4	1	1	0
     1217	2024-01-08 17:13:53	4	1	1	0
     1417	2024-01-08 17:15:53	4	1	1	0
     1417	2024-01-08 17:15:54	4	1	1	0
     1417	2024-01-08 17:15:55	4	1	1	0
     1417	2024-01-08 17:15:57	4	1	1	0
     1417	2024-01-08 17:15:58	4	1	1	0
     1417	2024-01-08 17:15:59	4	1	1	0
     1417	2024-01-08 17:16:01	4	1	1	0
     1417	2024-01-08 17:16:02	4	1	1	0
     1417	2024-01-08 17:16:03	4	1	1	0
     1417	2024-01-08 17:16:06	4	1	1	0
      516	2024-01-08 17:17:02	4	1	1	0
     2827	2024-01-08 17:17:35	4	1	1	0
     2827	2024-01-08 17:17:36	4	1	1	0
     2827	2024-01-08 17:17:37	4	1	1	0
     2238	2024-01-08 17:19:11	4	1	1	0
     2615	2024-01-08 17:31:29	4	1	1	0
     2615	2024-01-08 17:31:33	4	1	1	0
     2615	2024-01-08 17:31:41	4	1	1	0
      470	2024-01-08 18:07:51	4	1	1	0
     2035	2024-01-08 18:17:15	4	1	1	0
      470	2024-01-08 18:18:32	4	4	1	0
      623	2024-01-08 18:24:54	4	1	1	0
      470	2024-01-08 19:39:06	4	5	1	0
     2125	2024-01-08 19:48:02	4	1	1	0
     2125	2024-01-08 19:48:03	4	1	1	0
     2125	2024-01-08 19:48:05	4	1	1	0
     2125	2024-01-08 19:48:11	4	1	1	0
      920	2024-01-08 20:02:07	4	5	1	0
     1420	2024-01-08 20:52:55	4	1	1	0
     1064	2024-01-08 23:59:53	4	1	1	0
     1064	2024-01-09 00:00:04	4	0	1	0
     2866	2024-01-09 06:00:06	4	0	1	0
     2866	2024-01-09 06:00:10	4	0	1	0
     2125	2024-01-09 06:29:32	4	0	1	0
     2125	2024-01-09 06:29:34	4	0	1	0
     2125	2024-01-09 06:29:36	4	0	1	0
     2112	2024-01-09 07:40:17	4	0	1	0
     2112	2024-01-09 07:40:19	4	0	1	0
      470	2024-01-09 07:43:55	4	0	1	0
       37	2024-01-09 07:48:32	4	0	1	0
       37	2024-01-09 07:48:33	4	0	1	0
       37	2024-01-09 07:48:35	4	0	1	0
     2035	2024-01-09 07:55:52	4	0	1	0
     1217	2024-01-09 07:57:08	4	0	1	0
     1217	2024-01-09 07:57:10	4	0	1	0
     1217	2024-01-09 07:57:12	4	0	1	0
     1205	2024-01-09 07:57:34	4	0	1	0
      920	2024-01-09 07:58:50	4	0	1	0
     2001	2024-01-09 07:59:14	4	0	1	0
     2001	2024-01-09 07:59:15	4	0	1	0
     2827	2024-01-09 08:05:03	4	0	1	0
     2827	2024-01-09 08:05:04	4	0	1	0
     2827	2024-01-09 08:05:06	4	0	1	0
      516	2024-01-09 08:05:11	4	0	1	0
     2615	2024-01-09 08:06:03	4	0	1	0
     2615	2024-01-09 08:06:10	4	0	1	0
     2615	2024-01-09 08:06:15	4	0	1	0
     2047	2024-01-09 08:08:13	4	0	1	0
     1420	2024-01-09 08:08:48	4	0	1	0
      817	2024-01-09 08:08:54	4	0	1	0
     1417	2024-01-09 08:20:48	4	0	1	0
     1417	2024-01-09 08:20:50	4	0	1	0
     1417	2024-01-09 08:20:51	4	0	1	0
     1417	2024-01-09 08:20:53	4	0	1	0
     1064	2024-01-09 08:21:50	4	1	1	0
      623	2024-01-09 08:33:09	4	0	1	0
     2238	2024-01-09 08:54:32	4	0	1	0
     1420	2024-01-09 12:02:03	4	1	1	0
     2866	2024-01-09 12:02:43	4	1	1	0
     2761	2024-01-09 12:03:45	4	0	1	0
     2761	2024-01-09 12:03:47	4	0	1	0
     2761	2024-01-09 12:03:48	4	0	1	0
     2761	2024-01-09 12:03:53	4	0	1	0
     2035	2024-01-09 12:04:21	4	1	1	0
     2125	2024-01-09 12:04:27	4	1	1	0
     1417	2024-01-09 12:07:27	4	1	1	0
     1417	2024-01-09 12:07:28	4	1	1	0
     2963	2024-01-09 12:07:31	4	1	1	0
     2963	2024-01-09 12:07:32	4	1	1	0
     2238	2024-01-09 12:08:19	4	1	1	0
      817	2024-01-09 12:09:30	4	1	1	0
     2035	2024-01-09 12:10:02	4	0	1	0
      516	2024-01-09 12:10:11	4	1	1	0
     2827	2024-01-09 12:12:46	4	1	1	0
     2827	2024-01-09 12:12:47	4	1	1	0
     2827	2024-01-09 12:12:52	4	1	1	0
     2001	2024-01-09 12:12:57	4	1	1	0
     2001	2024-01-09 12:12:58	4	1	1	0
     2615	2024-01-09 12:14:56	4	1	1	0
     2615	2024-01-09 12:15:00	4	1	1	0
     2615	2024-01-09 12:15:04	4	1	1	0
     2615	2024-01-09 12:15:08	4	1	1	0
     2827	2024-01-09 12:18:09	4	0	1	0
     2827	2024-01-09 12:18:10	4	0	1	0
     2827	2024-01-09 12:18:12	4	0	1	0
      516	2024-01-09 12:18:15	4	0	1	0
     1417	2024-01-09 12:18:35	4	0	1	0
     1417	2024-01-09 12:18:36	4	0	1	0
     1417	2024-01-09 12:18:37	4	0	1	0
     1417	2024-01-09 12:18:38	4	0	1	0
     1417	2024-01-09 12:18:40	4	0	1	0
     1417	2024-01-09 12:18:43	4	0	1	0
     1417	2024-01-09 12:18:44	4	0	1	0
     2047	2024-01-09 12:19:46	4	1	1	0
      920	2024-01-09 12:19:53	4	1	1	0
      920	2024-01-09 12:19:58	4	1	1	0
     1420	2024-01-09 12:22:13	4	0	1	0
     2866	2024-01-09 12:23:21	4	0	1	0
      920	2024-01-09 12:25:23	4	0	1	0
     2112	2024-01-09 12:26:26	4	1	1	0
     2047	2024-01-09 12:26:32	4	0	1	0
     2238	2024-01-09 12:28:42	4	0	1	0
     2615	2024-01-09 12:28:46	4	0	1	0
     2615	2024-01-09 12:28:50	4	0	1	0
     2615	2024-01-09 12:28:54	4	0	1	0
     2001	2024-01-09 12:32:47	4	0	1	0
     2001	2024-01-09 12:32:49	4	0	1	0
     2112	2024-01-09 12:35:36	4	0	1	0
     2125	2024-01-09 12:39:07	4	0	1	0
     1217	2024-01-09 12:44:20	4	1	1	0
     1217	2024-01-09 12:44:22	4	1	1	0
     1205	2024-01-09 12:44:27	4	1	1	0
     1217	2024-01-09 12:55:42	4	0	1	0
     1217	2024-01-09 12:55:44	4	0	1	0
     1205	2024-01-09 12:55:50	4	0	1	0
       37	2024-01-09 16:08:11	4	1	1	0
       37	2024-01-09 16:08:13	4	1	1	0
       37	2024-01-09 16:08:15	4	1	1	0
      470	2024-01-09 17:00:21	4	1	1	0
     2866	2024-01-09 17:01:02	4	1	1	0
     2866	2024-01-09 17:01:09	4	1	1	0
     1205	2024-01-09 17:02:50	4	1	1	0
     2112	2024-01-09 17:06:35	4	1	1	0
     2112	2024-01-09 17:06:36	4	1	1	0
     2238	2024-01-09 17:10:56	4	1	1	0
     1217	2024-01-09 17:11:02	4	1	1	0
     1217	2024-01-09 17:11:04	4	1	1	0
     2827	2024-01-09 17:11:31	4	1	1	0
     2827	2024-01-09 17:11:32	4	1	1	0
     2827	2024-01-09 17:11:34	4	1	1	0
     2761	2024-01-09 17:11:49	4	1	1	0
     1417	2024-01-09 17:14:19	4	1	1	0
     1417	2024-01-09 17:14:20	4	1	1	0
     1417	2024-01-09 17:14:22	4	1	1	0
     1417	2024-01-09 17:14:23	4	1	1	0
     1417	2024-01-09 17:14:27	4	1	1	0
     1417	2024-01-09 17:14:28	4	1	1	0
     1417	2024-01-09 17:14:29	4	1	1	0
     1417	2024-01-09 17:14:31	4	1	1	0
     1417	2024-01-09 17:14:32	4	1	1	0
     2615	2024-01-09 17:14:41	4	1	1	0
     2615	2024-01-09 17:14:45	4	1	1	0
     2615	2024-01-09 17:14:49	4	1	1	0
     2615	2024-01-09 17:14:53	4	1	1	0
      920	2024-01-09 17:15:09	4	1	1	0
     2615	2024-01-09 17:16:26	4	1	1	0
      920	2024-01-09 17:18:32	4	4	1	0
     2047	2024-01-09 17:20:50	4	1	1	0
     2047	2024-01-09 17:20:56	4	1	1	0
      470	2024-01-09 17:30:41	4	4	1	0
     2035	2024-01-09 17:37:42	4	1	1	0
      516	2024-01-09 17:37:47	4	1	1	0
     2963	2024-01-09 17:38:18	4	1	1	0
     2963	2024-01-09 17:38:19	4	1	1	0
      516	2024-01-09 17:39:43	4	1	1	0
     1420	2024-01-09 17:39:53	4	1	1	0
     2125	2024-01-09 17:39:59	4	1	1	0
     2125	2024-01-09 17:40:00	4	1	1	0
     2125	2024-01-09 17:40:02	4	1	1	0
     2125	2024-01-09 17:40:04	4	1	1	0
     2001	2024-01-09 18:01:50	4	1	1	0
     2001	2024-01-09 18:01:52	4	1	1	0
      623	2024-01-09 18:16:53	4	1	1	0
      920	2024-01-09 20:01:02	4	5	1	0
      920	2024-01-09 20:01:06	4	5	1	0
      470	2024-01-09 20:02:14	4	5	1	0
      714	2024-01-10 00:00:02	4	0	1	0
      714	2024-01-10 00:00:07	4	1	1	0
     2866	2024-01-10 06:10:39	4	0	1	0
     2866	2024-01-10 06:10:43	4	0	1	0
     1420	2024-01-10 07:10:56	4	0	1	0
     2001	2024-01-10 07:27:00	4	0	1	0
     2001	2024-01-10 07:27:02	4	0	1	0
     2112	2024-01-10 07:31:24	4	0	1	0
     2112	2024-01-10 07:31:26	4	0	1	0
     1064	2024-01-10 07:37:47	4	0	1	0
      470	2024-01-10 07:49:21	4	0	1	0
     2125	2024-01-10 07:53:19	4	0	1	0
     2125	2024-01-10 07:53:20	4	0	1	0
     2125	2024-01-10 07:53:22	4	0	1	0
     2125	2024-01-10 07:53:23	4	0	1	0
      817	2024-01-10 07:55:57	4	0	1	0
     1205	2024-01-10 07:56:48	4	0	1	0
     2963	2024-01-10 07:57:03	4	0	1	0
     2963	2024-01-10 07:57:04	4	0	1	0
     1417	2024-01-10 07:58:13	4	0	1	0
     1417	2024-01-10 07:58:14	4	0	1	0
     1417	2024-01-10 07:58:16	4	0	1	0
     1417	2024-01-10 07:58:17	4	0	1	0
      516	2024-01-10 07:58:38	4	0	1	0
      920	2024-01-10 08:00:11	4	0	1	0
      920	2024-01-10 08:00:15	4	0	1	0
       37	2024-01-10 08:01:16	4	0	1	0
       37	2024-01-10 08:01:18	4	0	1	0
       37	2024-01-10 08:01:20	4	0	1	0
       37	2024-01-10 08:01:21	4	0	1	0
     2615	2024-01-10 08:02:59	4	0	1	0
     2615	2024-01-10 08:03:03	4	0	1	0
     2615	2024-01-10 08:03:07	4	0	1	0
     2047	2024-01-10 08:04:29	4	0	1	0
     2238	2024-01-10 08:06:11	4	0	1	0
     2035	2024-01-10 08:09:16	4	0	1	0
     2827	2024-01-10 08:17:34	4	0	1	0
     2827	2024-01-10 08:17:36	4	0	1	0
     2761	2024-01-10 08:44:47	4	0	1	0
     2761	2024-01-10 08:44:48	4	0	1	0
     2761	2024-01-10 08:44:50	4	0	1	0
      623	2024-01-10 09:31:19	4	0	1	0
      623	2024-01-10 09:33:00	4	0	1	0
     1217	2024-01-10 10:29:15	4	0	1	0
      623	2024-01-10 12:00:34	4	1	1	0
     2238	2024-01-10 12:01:21	4	1	1	0
     2001	2024-01-10 12:02:05	4	1	1	0
     2001	2024-01-10 12:02:06	4	1	1	0
     2963	2024-01-10 12:02:17	4	1	1	0
     2963	2024-01-10 12:02:18	4	1	1	0
     2125	2024-01-10 12:02:24	4	1	1	0
     2827	2024-01-10 12:02:48	4	1	1	0
     2827	2024-01-10 12:02:49	4	1	1	0
     2827	2024-01-10 12:02:50	4	1	1	0
      470	2024-01-10 12:02:56	4	1	1	0
     1417	2024-01-10 12:04:21	4	1	1	0
     1417	2024-01-10 12:04:23	4	1	1	0
     1417	2024-01-10 12:04:24	4	1	1	0
     1417	2024-01-10 12:04:28	4	1	1	0
     1417	2024-01-10 12:04:29	4	1	1	0
     2035	2024-01-10 12:05:55	4	1	1	0
      623	2024-01-10 12:06:33	4	0	1	0
     2761	2024-01-10 12:07:26	4	1	1	0
     2761	2024-01-10 12:07:28	4	1	1	0
     2761	2024-01-10 12:07:31	4	1	1	0
     2761	2024-01-10 12:07:32	4	1	1	0
     2615	2024-01-10 12:07:35	4	1	1	0
     2615	2024-01-10 12:07:41	4	1	1	0
     2827	2024-01-10 12:08:30	4	0	1	0
     2827	2024-01-10 12:08:32	4	0	1	0
     2035	2024-01-10 12:11:44	4	0	1	0
     1217	2024-01-10 12:11:51	4	1	1	0
     1417	2024-01-10 12:12:40	4	0	1	0
     1417	2024-01-10 12:12:42	4	0	1	0
     1417	2024-01-10 12:12:43	4	0	1	0
     2035	2024-01-10 12:12:47	4	0	1	0
     2761	2024-01-10 12:13:06	4	0	1	0
     2761	2024-01-10 12:13:07	4	0	1	0
     2761	2024-01-10 12:13:09	4	0	1	0
     2963	2024-01-10 12:14:33	4	0	1	0
     2963	2024-01-10 12:14:34	4	0	1	0
     2125	2024-01-10 12:14:43	4	0	1	0
     2112	2024-01-10 12:21:53	4	1	1	0
     2615	2024-01-10 12:24:48	4	0	1	0
     2615	2024-01-10 12:24:52	4	0	1	0
     2615	2024-01-10 12:24:55	4	0	1	0
     2047	2024-01-10 12:25:42	4	1	1	0
      920	2024-01-10 12:25:45	4	1	1	0
      817	2024-01-10 12:25:50	4	1	1	0
     2866	2024-01-10 12:26:06	4	1	1	0
     2238	2024-01-10 12:26:17	4	0	1	0
     2047	2024-01-10 12:28:39	4	0	1	0
      920	2024-01-10 12:28:44	4	0	1	0
      817	2024-01-10 12:28:51	4	0	1	0
      470	2024-01-10 12:33:09	4	0	1	0
     2866	2024-01-10 12:34:09	4	0	1	0
     1217	2024-01-10 12:34:24	4	0	1	0
     2112	2024-01-10 12:42:45	4	0	1	0
     1420	2024-01-10 12:43:11	4	1	1	0
     1420	2024-01-10 12:47:04	4	0	1	0
     2001	2024-01-10 12:51:10	4	0	1	0
       37	2024-01-10 16:02:51	4	1	1	0
       37	2024-01-10 16:02:53	4	1	1	0
       37	2024-01-10 16:02:55	4	1	1	0
       37	2024-01-10 16:02:57	4	1	1	0
     1064	2024-01-10 16:03:03	4	1	1	0
     1064	2024-01-10 16:03:04	4	1	1	0
     1064	2024-01-10 16:03:06	4	1	1	0
     2866	2024-01-10 17:01:02	4	1	1	0
     2866	2024-01-10 17:01:07	4	1	1	0
     2761	2024-01-10 17:01:17	4	1	1	0
     2761	2024-01-10 17:01:19	4	1	1	0
     1417	2024-01-10 17:01:34	4	1	1	0
     1417	2024-01-10 17:01:36	4	1	1	0
     1417	2024-01-10 17:01:37	4	1	1	0
     1417	2024-01-10 17:01:38	4	1	1	0
     1417	2024-01-10 17:01:39	4	1	1	0
     1417	2024-01-10 17:01:46	4	1	1	0
      920	2024-01-10 17:01:52	4	1	1	0
      817	2024-01-10 17:02:44	4	1	1	0
     1217	2024-01-10 17:03:07	4	1	1	0
     1217	2024-01-10 17:03:08	4	1	1	0
     2827	2024-01-10 17:03:19	4	1	1	0
     2827	2024-01-10 17:03:20	4	1	1	0
     2827	2024-01-10 17:03:22	4	1	1	0
     2112	2024-01-10 17:05:15	4	1	1	0
     2112	2024-01-10 17:05:16	4	1	1	0
     2047	2024-01-10 17:05:23	4	1	1	0
     2047	2024-01-10 17:05:28	4	1	1	0
     1205	2024-01-10 17:05:33	4	1	1	0
      516	2024-01-10 17:09:08	4	1	1	0
     2035	2024-01-10 17:09:14	4	1	1	0
     2035	2024-01-10 17:09:16	4	1	1	0
     2001	2024-01-10 17:09:20	4	1	1	0
     2001	2024-01-10 17:09:21	4	1	1	0
     2238	2024-01-10 17:09:27	4	1	1	0
     2963	2024-01-10 17:11:30	4	1	1	0
     2963	2024-01-10 17:11:31	4	1	1	0
     2035	2024-01-10 17:11:53	4	1	1	0
     2615	2024-01-10 17:33:34	4	1	1	0
     2615	2024-01-10 17:33:38	4	1	1	0
     2615	2024-01-10 17:33:42	4	1	1	0
     2615	2024-01-10 17:33:46	4	1	1	0
      920	2024-01-10 17:50:49	4	4	1	0
      470	2024-01-10 18:01:21	4	1	1	0
      470	2024-01-10 18:01:28	4	4	1	0
     2125	2024-01-10 18:14:38	4	1	1	0
     2125	2024-01-10 18:14:39	4	1	1	0
     2125	2024-01-10 18:14:40	4	1	1	0
     2125	2024-01-10 18:14:42	4	1	1	0
      623	2024-01-10 18:15:13	4	1	1	0
      470	2024-01-10 19:40:07	4	5	1	0
      920	2024-01-10 19:45:14	4	5	1	0
     1420	2024-01-10 20:32:42	4	1	1	0
     2125	2024-01-10 20:55:15	4	1	1	0
     2125	2024-01-10 20:55:16	4	1	1	0
     2866	2024-01-11 06:03:37	4	0	1	0
     2866	2024-01-11 06:03:42	4	0	1	0
     1205	2024-01-11 06:46:27	4	0	1	0
     2112	2024-01-11 07:31:47	4	0	1	0
     2112	2024-01-11 07:31:49	4	0	1	0
       37	2024-01-11 07:46:25	4	0	1	0
       37	2024-01-11 07:46:26	4	0	1	0
       37	2024-01-11 07:46:28	4	0	1	0
       37	2024-01-11 07:46:30	4	0	1	0
     1064	2024-01-11 07:47:56	4	0	1	0
     2001	2024-01-11 07:48:50	4	0	1	0
      516	2024-01-11 07:49:10	4	0	1	0
     2963	2024-01-11 07:55:24	4	0	1	0
     2238	2024-01-11 07:57:13	4	0	1	0
      920	2024-01-11 08:00:40	4	0	1	0
     1217	2024-01-11 08:02:31	4	0	1	0
     1217	2024-01-11 08:02:32	4	0	1	0
      470	2024-01-11 08:02:37	4	0	1	0
      817	2024-01-11 08:03:42	4	0	1	0
     2047	2024-01-11 08:06:13	4	0	1	0
     2827	2024-01-11 08:06:22	4	0	1	0
     2827	2024-01-11 08:06:24	4	0	1	0
     2827	2024-01-11 08:06:26	4	0	1	0
     2615	2024-01-11 08:06:35	4	0	1	0
     2615	2024-01-11 08:06:39	4	0	1	0
     2035	2024-01-11 08:06:40	4	0	1	0
     1417	2024-01-11 08:07:44	4	0	1	0
     1417	2024-01-11 08:07:45	4	0	1	0
     1417	2024-01-11 08:07:46	4	0	1	0
     1417	2024-01-11 08:07:48	4	0	1	0
     1417	2024-01-11 08:07:49	4	0	1	0
     1417	2024-01-11 08:07:52	4	0	1	0
     1417	2024-01-11 08:07:54	4	0	1	0
     1417	2024-01-11 08:07:55	4	0	1	0
     1417	2024-01-11 08:07:56	4	0	1	0
     1420	2024-01-11 08:08:20	4	0	1	0
     2761	2024-01-11 09:05:04	4	0	1	0
     2761	2024-01-11 09:05:05	4	0	1	0
     2761	2024-01-11 09:05:07	4	0	1	0
      623	2024-01-11 09:29:38	4	0	1	0
     2035	2024-01-11 12:00:33	4	1	1	0
     1420	2024-01-11 12:01:06	4	1	1	0
     2963	2024-01-11 12:01:38	4	1	1	0
     2963	2024-01-11 12:01:39	4	1	1	0
     1205	2024-01-11 12:01:46	4	1	1	0
     1417	2024-01-11 12:01:54	4	1	1	0
     1417	2024-01-11 12:01:55	4	1	1	0
     1417	2024-01-11 12:01:57	4	1	1	0
     1417	2024-01-11 12:01:58	4	1	1	0
     2035	2024-01-11 12:02:04	4	1	1	0
     2866	2024-01-11 12:02:17	4	1	1	0
     2035	2024-01-11 12:03:01	4	1	1	0
     2112	2024-01-11 12:03:05	4	1	1	0
     2827	2024-01-11 12:03:29	4	1	1	0
     2827	2024-01-11 12:03:30	4	1	1	0
     2827	2024-01-11 12:03:35	4	1	1	0
      516	2024-01-11 12:03:49	4	1	1	0
     2615	2024-01-11 12:04:27	4	1	1	0
     2615	2024-01-11 12:04:31	4	1	1	0
     2615	2024-01-11 12:04:34	4	1	1	0
      817	2024-01-11 12:05:02	4	1	1	0
     2001	2024-01-11 12:06:30	4	1	1	0
     2963	2024-01-11 12:07:07	4	0	1	0
     1420	2024-01-11 12:07:10	4	0	1	0
     1420	2024-01-11 12:07:14	4	0	1	0
     2035	2024-01-11 12:07:32	4	0	1	0
      516	2024-01-11 12:07:37	4	0	1	0
     2238	2024-01-11 12:07:53	4	1	1	0
     1417	2024-01-11 12:08:39	4	0	1	0
     1417	2024-01-11 12:08:41	4	0	1	0
     1417	2024-01-11 12:08:42	4	0	1	0
     1417	2024-01-11 12:08:44	4	0	1	0
     2827	2024-01-11 12:09:02	4	0	1	0
     2827	2024-01-11 12:09:04	4	0	1	0
     2827	2024-01-11 12:09:05	4	0	1	0
     1205	2024-01-11 12:09:26	4	0	1	0
     2112	2024-01-11 12:11:41	4	0	1	0
     2866	2024-01-11 12:11:51	4	0	1	0
     1217	2024-01-11 12:12:39	4	1	1	0
     1217	2024-01-11 12:12:42	4	1	1	0
      920	2024-01-11 12:18:42	4	1	1	0
     2047	2024-01-11 12:19:56	4	1	1	0
     2047	2024-01-11 12:22:44	4	0	1	0
      920	2024-01-11 12:22:52	4	0	1	0
     2615	2024-01-11 12:27:34	4	1	1	0
     2615	2024-01-11 12:27:38	4	1	1	0
     2615	2024-01-11 12:27:42	4	1	1	0
     2615	2024-01-11 12:28:01	4	0	1	0
     2615	2024-01-11 12:28:05	4	0	1	0
     2615	2024-01-11 12:28:09	4	0	1	0
     2615	2024-01-11 12:28:13	4	0	1	0
     2761	2024-01-11 12:28:22	4	1	1	0
     2761	2024-01-11 12:28:23	4	1	1	0
     2761	2024-01-11 12:28:25	4	1	1	0
     2761	2024-01-11 12:28:26	4	1	1	0
     1217	2024-01-11 12:32:14	4	0	1	0
     1217	2024-01-11 12:32:15	4	0	1	0
     2761	2024-01-11 12:32:18	4	0	1	0
     2761	2024-01-11 12:32:19	4	0	1	0
     2761	2024-01-11 12:32:21	4	0	1	0
      817	2024-01-11 12:38:27	4	0	1	0
      817	2024-01-11 12:38:29	4	0	1	0
     2001	2024-01-11 12:46:41	4	0	1	0
     2238	2024-01-11 12:46:49	4	0	1	0
      623	2024-01-11 12:59:54	4	1	1	0
      623	2024-01-11 13:00:02	4	0	1	0
      714	2024-01-11 14:24:42	4	0	1	0
      714	2024-01-11 14:24:48	4	0	1	0
     2035	2024-01-11 15:01:03	4	1	1	0
     1064	2024-01-11 16:00:47	4	1	1	0
     1064	2024-01-11 16:00:49	4	1	1	0
       37	2024-01-11 16:01:01	4	1	1	0
       37	2024-01-11 16:01:02	4	1	1	0
       37	2024-01-11 16:01:05	4	1	1	0
       37	2024-01-11 16:01:08	4	1	1	0
      817	2024-01-11 17:01:05	4	1	1	0
     2866	2024-01-11 17:01:12	4	1	1	0
     2866	2024-01-11 17:01:16	4	1	1	0
     2112	2024-01-11 17:06:18	4	1	1	0
     2112	2024-01-11 17:06:20	4	1	1	0
      920	2024-01-11 17:06:37	4	1	1	0
     2047	2024-01-11 17:08:55	4	1	1	0
     2047	2024-01-11 17:08:59	4	1	1	0
     2238	2024-01-11 17:09:05	4	1	1	0
     2238	2024-01-11 17:10:31	4	1	1	0
     2001	2024-01-11 17:11:38	4	1	1	0
     1417	2024-01-11 17:12:15	4	1	1	0
     1417	2024-01-11 17:12:16	4	1	1	0
     1417	2024-01-11 17:12:18	4	1	1	0
     1417	2024-01-11 17:12:19	4	1	1	0
     1417	2024-01-11 17:12:20	4	1	1	0
     1417	2024-01-11 17:12:21	4	1	1	0
     1417	2024-01-11 17:12:23	4	1	1	0
     1417	2024-01-11 17:12:25	4	1	1	0
     2761	2024-01-11 17:12:34	4	1	1	0
     2761	2024-01-11 17:12:35	4	1	1	0
     2761	2024-01-11 17:12:37	4	1	1	0
     2761	2024-01-11 17:12:38	4	1	1	0
     1205	2024-01-11 17:12:51	4	1	1	0
      920	2024-01-11 17:12:57	4	4	1	0
      516	2024-01-11 17:13:59	4	1	1	0
     2827	2024-01-11 17:14:04	4	1	1	0
     2827	2024-01-11 17:14:06	4	1	1	0
     2615	2024-01-11 17:15:30	4	1	1	0
     2615	2024-01-11 17:15:34	4	1	1	0
     2615	2024-01-11 17:15:37	4	1	1	0
     2615	2024-01-11 17:15:41	4	1	1	0
     2615	2024-01-11 17:15:50	4	1	1	0
     1217	2024-01-11 17:19:51	4	1	1	0
     1217	2024-01-11 17:19:53	4	1	1	0
     2963	2024-01-11 17:34:55	4	1	1	0
     2963	2024-01-11 17:34:56	4	1	1	0
      470	2024-01-11 18:05:05	4	1	1	0
      470	2024-01-11 18:05:10	4	4	1	0
      623	2024-01-11 18:55:04	4	1	1	0
      470	2024-01-11 19:50:42	4	5	1	0
      920	2024-01-11 20:01:04	4	0	1	0
      920	2024-01-11 20:01:09	4	5	1	0
     1420	2024-01-11 20:45:08	4	1	1	0
     1420	2024-01-11 22:25:30	4	1	1	0
      623	2024-01-11 23:01:14	4	1	1	0
      714	2024-01-12 00:00:02	4	0	1	0
      714	2024-01-12 00:00:08	4	1	1	0
     2866	2024-01-12 06:00:11	4	0	1	0
     2866	2024-01-12 06:00:15	4	0	1	0
      516	2024-01-12 07:17:16	4	0	1	0
      516	2024-01-12 07:17:31	4	0	1	0
     2238	2024-01-12 07:27:45	4	0	1	0
     1064	2024-01-12 07:35:09	4	0	1	0
     2112	2024-01-12 07:38:45	4	0	1	0
     2112	2024-01-12 07:38:47	4	0	1	0
     1417	2024-01-12 07:49:29	4	0	1	0
     1417	2024-01-12 07:49:31	4	0	1	0
     1417	2024-01-12 07:49:32	4	0	1	0
     1417	2024-01-12 07:49:34	4	0	1	0
     1417	2024-01-12 07:49:35	4	0	1	0
     1417	2024-01-12 07:49:36	4	0	1	0
     1417	2024-01-12 07:49:41	4	0	1	0
     1417	2024-01-12 07:49:43	4	0	1	0
     1417	2024-01-12 07:49:48	4	0	1	0
     1417	2024-01-12 07:49:50	4	0	1	0
     1417	2024-01-12 07:49:54	4	0	1	0
     1417	2024-01-12 07:49:56	4	0	1	0
      920	2024-01-12 07:52:56	4	0	1	0
     2963	2024-01-12 07:55:16	4	0	1	0
       37	2024-01-12 07:57:21	4	0	1	0
       37	2024-01-12 07:57:23	4	0	1	0
       37	2024-01-12 07:57:24	4	0	1	0
       37	2024-01-12 07:57:26	4	0	1	0
      470	2024-01-12 07:57:51	4	0	1	0
     1217	2024-01-12 08:00:59	4	0	1	0
     2001	2024-01-12 08:01:30	4	0	1	0
     2001	2024-01-12 08:01:31	4	0	1	0
     2125	2024-01-12 08:01:52	4	0	1	0
     2125	2024-01-12 08:01:53	4	0	1	0
     2125	2024-01-12 08:01:54	4	0	1	0
     2827	2024-01-12 08:02:52	4	0	1	0
     2827	2024-01-12 08:02:55	4	0	1	0
     2047	2024-01-12 08:07:01	4	0	1	0
     2615	2024-01-12 08:07:05	4	0	1	0
     2615	2024-01-12 08:07:09	4	0	1	0
     2615	2024-01-12 08:07:13	4	0	1	0
      817	2024-01-12 08:23:38	4	0	1	0
     2035	2024-01-12 08:24:36	4	0	1	0
     1420	2024-01-12 08:32:28	4	0	1	0
      623	2024-01-12 08:40:49	4	0	1	0
     1420	2024-01-12 12:01:47	4	1	1	0
     2827	2024-01-12 12:01:53	4	1	1	0
     2827	2024-01-12 12:01:55	4	1	1	0
     2827	2024-01-12 12:01:59	4	1	1	0
     2827	2024-01-12 12:02:00	4	1	1	0
     1417	2024-01-12 12:02:04	4	1	1	0
     1417	2024-01-12 12:02:05	4	1	1	0
     1417	2024-01-12 12:02:06	4	1	1	0
     1417	2024-01-12 12:02:08	4	1	1	0
     2963	2024-01-12 12:02:11	4	1	1	0
     2963	2024-01-12 12:02:12	4	1	1	0
     2125	2024-01-12 12:02:17	4	1	1	0
     2035	2024-01-12 12:02:28	4	1	1	0
      516	2024-01-12 12:02:45	4	1	1	0
     2001	2024-01-12 12:03:53	4	1	1	0
     2615	2024-01-12 12:06:21	4	1	1	0
     2615	2024-01-12 12:06:25	4	1	1	0
     2615	2024-01-12 12:06:29	4	1	1	0
     2827	2024-01-12 12:07:35	4	0	1	0
     2827	2024-01-12 12:07:38	4	0	1	0
     2827	2024-01-12 12:07:40	4	0	1	0
     2963	2024-01-12 12:07:54	4	0	1	0
     2963	2024-01-12 12:07:55	4	0	1	0
     1417	2024-01-12 12:08:09	4	0	1	0
     1417	2024-01-12 12:08:11	4	0	1	0
     1417	2024-01-12 12:08:13	4	0	1	0
     1417	2024-01-12 12:08:14	4	0	1	0
     1417	2024-01-12 12:08:15	4	0	1	0
     1417	2024-01-12 12:08:17	4	0	1	0
     1417	2024-01-12 12:08:21	4	0	1	0
     1417	2024-01-12 12:08:22	4	0	1	0
     1417	2024-01-12 12:08:23	4	0	1	0
      516	2024-01-12 12:08:29	4	0	1	0
     1420	2024-01-12 12:08:44	4	0	1	0
     2035	2024-01-12 12:08:55	4	0	1	0
      516	2024-01-12 12:08:59	4	0	1	0
     2125	2024-01-12 12:09:17	4	0	1	0
     2035	2024-01-12 12:10:39	4	0	1	0
     2238	2024-01-12 12:10:46	4	1	1	0
     2112	2024-01-12 12:12:45	4	1	1	0
     2866	2024-01-12 12:12:53	4	1	1	0
      623	2024-01-12 12:15:28	4	1	1	0
     2238	2024-01-12 12:21:03	4	0	1	0
     2047	2024-01-12 12:22:02	4	1	1	0
     2112	2024-01-12 12:23:28	4	0	1	0
     2866	2024-01-12 12:23:41	4	0	1	0
      920	2024-01-12 12:23:53	4	1	1	0
     2047	2024-01-12 12:24:39	4	0	1	0
     1217	2024-01-12 12:24:45	4	1	1	0
     1217	2024-01-12 12:24:47	4	1	1	0
      623	2024-01-12 12:26:13	4	0	1	0
      920	2024-01-12 12:28:10	4	0	1	0
      470	2024-01-12 12:31:23	4	1	1	0
      470	2024-01-12 12:32:15	4	0	1	0
      817	2024-01-12 12:33:07	4	1	1	0
     1217	2024-01-12 12:35:27	4	0	1	0
     1217	2024-01-12 12:35:28	4	0	1	0
      817	2024-01-12 12:37:04	4	0	1	0
      817	2024-01-12 12:37:06	4	0	1	0
     2615	2024-01-12 12:50:34	4	0	1	0
     2615	2024-01-12 12:50:38	4	0	1	0
     2615	2024-01-12 12:50:42	4	0	1	0
     2615	2024-01-12 12:50:46	4	0	1	0
     2761	2024-01-12 13:54:04	4	0	1	0
     2761	2024-01-12 13:54:06	4	0	1	0
     2761	2024-01-12 13:54:08	4	0	1	0
     2615	2024-01-12 15:20:26	4	1	1	0
     2615	2024-01-12 15:20:30	4	1	1	0
     2615	2024-01-12 15:20:34	4	1	1	0
     2615	2024-01-12 15:20:41	4	1	1	0
       37	2024-01-12 16:01:13	4	1	1	0
       37	2024-01-12 16:01:15	4	1	1	0
       37	2024-01-12 16:01:17	4	1	1	0
       37	2024-01-12 16:01:18	4	1	1	0
     1064	2024-01-12 16:01:40	4	1	1	0
     1064	2024-01-12 16:01:42	4	1	1	0
     1417	2024-01-12 17:01:02	4	1	1	0
     1417	2024-01-12 17:01:03	4	1	1	0
     1417	2024-01-12 17:01:04	4	1	1	0
     1417	2024-01-12 17:01:06	4	1	1	0
     1417	2024-01-12 17:01:07	4	1	1	0
     1417	2024-01-12 17:01:12	4	1	1	0
     1417	2024-01-12 17:01:13	4	1	1	0
     1417	2024-01-12 17:01:14	4	1	1	0
     1417	2024-01-12 17:01:15	4	1	1	0
     2827	2024-01-12 17:01:23	4	1	1	0
     2827	2024-01-12 17:01:24	4	1	1	0
     2827	2024-01-12 17:01:26	4	1	1	0
     2827	2024-01-12 17:01:27	4	1	1	0
     2827	2024-01-12 17:01:29	4	1	1	0
     2761	2024-01-12 17:01:33	4	1	1	0
     2761	2024-01-12 17:01:35	4	1	1	0
     2761	2024-01-12 17:01:36	4	1	1	0
     2866	2024-01-12 17:01:41	4	1	1	0
     2866	2024-01-12 17:01:45	4	1	1	0
      817	2024-01-12 17:02:53	4	1	1	0
      920	2024-01-12 17:02:57	4	1	1	0
      516	2024-01-12 17:03:10	4	1	1	0
      516	2024-01-12 17:03:18	4	1	1	0
     1217	2024-01-12 17:03:24	4	1	1	0
     1217	2024-01-12 17:03:25	4	1	1	0
     2047	2024-01-12 17:04:25	4	1	1	0
     2238	2024-01-12 17:05:50	4	1	1	0
     2001	2024-01-12 17:06:37	4	1	1	0
     2001	2024-01-12 17:06:39	4	1	1	0
     2112	2024-01-12 17:10:06	4	1	1	0
     2112	2024-01-12 17:10:07	4	1	1	0
      920	2024-01-12 17:14:02	4	4	1	0
     2035	2024-01-12 17:23:21	4	1	1	0
     2035	2024-01-12 17:24:25	4	1	1	0
     2125	2024-01-12 17:31:57	4	1	1	0
     2125	2024-01-12 17:31:58	4	1	1	0
     2125	2024-01-12 17:32:00	4	1	1	0
      470	2024-01-12 17:57:41	4	1	1	0
      470	2024-01-12 17:57:46	4	4	1	0
     2963	2024-01-12 18:25:19	4	1	1	0
     2963	2024-01-12 18:25:20	4	1	1	0
     1420	2024-01-12 18:25:27	4	1	1	0
      623	2024-01-12 18:28:12	4	1	1	0
      470	2024-01-12 19:24:41	4	5	1	0
      920	2024-01-12 20:00:25	4	5	1	0
     1064	2024-01-13 07:40:02	4	0	1	0
     1064	2024-01-13 07:40:03	4	0	1	0
     1217	2024-01-13 07:50:01	4	0	1	0
     1217	2024-01-13 07:50:02	4	0	1	0
      470	2024-01-13 08:10:16	4	0	1	0
     2963	2024-01-13 08:11:43	4	0	1	0
     1217	2024-01-13 10:40:10	4	1	1	0
      470	2024-01-13 12:12:08	4	1	1	0
      470	2024-01-13 12:31:43	4	0	1	0
     2963	2024-01-13 12:46:31	4	1	1	0
     2963	2024-01-13 13:07:15	4	0	1	0
     2963	2024-01-13 13:07:16	4	0	1	0
     1064	2024-01-13 16:01:14	4	1	1	0
      470	2024-01-13 16:53:17	4	1	1	0
     2963	2024-01-13 18:46:59	4	5	1	0
      714	2024-01-14 13:47:40	4	0	1	0
      714	2024-01-14 13:47:45	4	0	1	0
      714	2024-01-15 00:00:02	4	0	1	0
      714	2024-01-15 00:00:08	4	1	1	0
     2866	2024-01-15 06:09:22	4	0	1	0
     2866	2024-01-15 06:09:26	4	0	1	0
     2125	2024-01-15 06:31:36	4	0	1	0
     2125	2024-01-15 06:31:38	4	0	1	0
     2125	2024-01-15 06:31:39	4	0	1	0
     1420	2024-01-15 07:26:38	4	0	1	0
      470	2024-01-15 07:33:13	4	0	1	0
     2761	2024-01-15 07:36:55	4	0	1	0
     2761	2024-01-15 07:36:56	4	0	1	0
     2761	2024-01-15 07:36:58	4	0	1	0
     2761	2024-01-15 07:36:59	4	0	1	0
      470	2024-01-15 07:42:48	4	0	1	0
     2001	2024-01-15 07:43:51	4	0	1	0
     2001	2024-01-15 07:43:53	4	0	1	0
     2112	2024-01-15 07:44:32	4	0	1	0
     2112	2024-01-15 07:44:34	4	0	1	0
     2238	2024-01-15 07:44:37	4	0	1	0
      623	2024-01-15 07:50:32	4	0	1	0
     2963	2024-01-15 07:54:55	4	0	1	0
     2047	2024-01-15 07:58:21	4	0	1	0
      920	2024-01-15 07:58:29	4	0	1	0
     1205	2024-01-15 07:59:16	4	0	1	0
      817	2024-01-15 08:00:24	4	0	1	0
      516	2024-01-15 08:00:35	4	0	1	0
     1217	2024-01-15 08:00:37	4	0	1	0
     1217	2024-01-15 08:00:42	4	0	1	0
      516	2024-01-15 08:00:46	4	0	1	0
     1417	2024-01-15 08:01:58	4	0	1	0
     1417	2024-01-15 08:02:00	4	0	1	0
     1417	2024-01-15 08:02:01	4	0	1	0
     1417	2024-01-15 08:02:02	4	0	1	0
     2827	2024-01-15 08:04:24	4	0	1	0
     2827	2024-01-15 08:04:26	4	0	1	0
     2827	2024-01-15 08:04:28	4	0	1	0
     2615	2024-01-15 08:06:45	4	0	1	0
     2615	2024-01-15 08:06:49	4	0	1	0
     2035	2024-01-15 08:06:54	4	0	1	0
       37	2024-01-15 08:09:20	4	0	1	0
       37	2024-01-15 08:09:22	4	0	1	0
       37	2024-01-15 08:09:25	4	0	1	0
       37	2024-01-15 08:09:27	4	0	1	0
     2827	2024-01-15 12:01:38	4	1	1	0
     2827	2024-01-15 12:01:40	4	1	1	0
     2827	2024-01-15 12:01:41	4	1	1	0
     2963	2024-01-15 12:04:30	4	1	1	0
     2963	2024-01-15 12:04:31	4	1	1	0
     2035	2024-01-15 12:04:36	4	1	1	0
     2035	2024-01-15 12:04:48	4	1	1	0
     1205	2024-01-15 12:05:02	4	1	1	0
     1417	2024-01-15 12:05:23	4	1	1	0
     1417	2024-01-15 12:05:24	4	1	1	0
     1417	2024-01-15 12:05:25	4	1	1	0
     1417	2024-01-15 12:05:27	4	1	1	0
     1417	2024-01-15 12:05:28	4	1	1	0
      516	2024-01-15 12:06:07	4	1	1	0
      623	2024-01-15 12:06:35	4	1	1	0
     2761	2024-01-15 12:07:01	4	1	1	0
     2761	2024-01-15 12:07:02	4	1	1	0
     2761	2024-01-15 12:07:03	4	1	1	0
      623	2024-01-15 12:08:13	4	0	1	0
     2615	2024-01-15 12:09:09	4	1	1	0
     2615	2024-01-15 12:09:13	4	1	1	0
     2615	2024-01-15 12:09:20	4	1	1	0
     2238	2024-01-15 12:10:52	4	1	1	0
     2001	2024-01-15 12:10:54	4	1	1	0
     2001	2024-01-15 12:10:55	4	1	1	0
     2112	2024-01-15 12:15:14	4	1	1	0
     1417	2024-01-15 12:17:06	4	0	1	0
     1417	2024-01-15 12:17:08	4	0	1	0
     1417	2024-01-15 12:17:09	4	0	1	0
     1417	2024-01-15 12:17:10	4	0	1	0
     1417	2024-01-15 12:17:12	4	0	1	0
     2035	2024-01-15 12:17:19	4	0	1	0
     2963	2024-01-15 12:17:46	4	0	1	0
     2866	2024-01-15 12:18:12	4	1	1	0
     2827	2024-01-15 12:18:50	4	0	1	0
     2827	2024-01-15 12:18:53	4	0	1	0
     2827	2024-01-15 12:18:55	4	0	1	0
     2761	2024-01-15 12:20:18	4	0	1	0
     2761	2024-01-15 12:20:21	4	0	1	0
     2761	2024-01-15 12:20:22	4	0	1	0
     1420	2024-01-15 12:21:27	4	1	1	0
     2125	2024-01-15 12:21:33	4	1	1	0
     1205	2024-01-15 12:22:39	4	0	1	0
     1217	2024-01-15 12:24:14	4	1	1	0
     1217	2024-01-15 12:24:16	4	1	1	0
      817	2024-01-15 12:33:11	4	1	1	0
      920	2024-01-15 12:33:28	4	1	1	0
     2238	2024-01-15 12:34:10	4	0	1	0
     2047	2024-01-15 12:34:22	4	1	1	0
     2112	2024-01-15 12:35:21	4	0	1	0
     2047	2024-01-15 12:38:04	4	0	1	0
     1217	2024-01-15 12:39:04	4	0	1	0
      920	2024-01-15 12:40:01	4	0	1	0
      817	2024-01-15 12:40:05	4	0	1	0
     2125	2024-01-15 12:42:33	4	0	1	0
     2615	2024-01-15 12:44:57	4	0	1	0
     2001	2024-01-15 12:45:01	4	0	1	0
     2001	2024-01-15 12:45:02	4	0	1	0
     2615	2024-01-15 12:45:06	4	0	1	0
     1217	2024-01-15 12:45:15	4	0	1	0
     1217	2024-01-15 12:45:17	4	0	1	0
     1420	2024-01-15 12:46:06	4	0	1	0
     2866	2024-01-15 12:48:46	4	0	1	0
      516	2024-01-15 13:10:12	4	0	1	0
     1064	2024-01-15 14:19:36	4	0	1	0
       37	2024-01-15 16:05:34	4	1	1	0
       37	2024-01-15 16:05:36	4	1	1	0
       37	2024-01-15 16:05:38	4	1	1	0
     2866	2024-01-15 17:01:03	4	1	1	0
     2866	2024-01-15 17:01:08	4	1	1	0
      817	2024-01-15 17:01:13	4	1	1	0
     1205	2024-01-15 17:01:19	4	1	1	0
      920	2024-01-15 17:02:35	4	1	1	0
     2238	2024-01-15 17:04:19	4	1	1	0
      516	2024-01-15 17:05:11	4	1	1	0
     2047	2024-01-15 17:06:31	4	1	1	0
     2047	2024-01-15 17:06:36	4	1	1	0
      920	2024-01-15 17:07:40	4	4	1	0
      516	2024-01-15 17:08:05	4	1	1	0
     1417	2024-01-15 17:08:10	4	1	1	0
     1417	2024-01-15 17:08:11	4	1	1	0
     1417	2024-01-15 17:08:13	4	1	1	0
     1417	2024-01-15 17:08:14	4	1	1	0
     2615	2024-01-15 17:08:18	4	1	1	0
     2615	2024-01-15 17:08:22	4	1	1	0
     2615	2024-01-15 17:08:24	4	1	1	0
     2615	2024-01-15 17:08:28	4	1	1	0
     1417	2024-01-15 17:08:31	4	1	1	0
     1417	2024-01-15 17:08:32	4	1	1	0
     1417	2024-01-15 17:08:33	4	1	1	0
     2761	2024-01-15 17:08:36	4	1	1	0
     2761	2024-01-15 17:08:37	4	1	1	0
     2761	2024-01-15 17:08:45	4	1	1	0
     2761	2024-01-15 17:08:47	4	1	1	0
     1417	2024-01-15 17:08:51	4	1	1	0
     1417	2024-01-15 17:08:52	4	1	1	0
     1417	2024-01-15 17:08:54	4	1	1	0
     2827	2024-01-15 17:09:07	4	1	1	0
     2827	2024-01-15 17:09:10	4	1	1	0
     2827	2024-01-15 17:09:12	4	1	1	0
     2001	2024-01-15 17:09:26	4	1	1	0
     2035	2024-01-15 17:09:49	4	1	1	0
     1217	2024-01-15 17:11:48	4	1	1	0
     2035	2024-01-15 17:13:08	4	1	1	0
     2112	2024-01-15 17:19:31	4	1	1	0
     2112	2024-01-15 17:19:34	4	1	1	0
     2125	2024-01-15 17:40:36	4	1	1	0
     2125	2024-01-15 17:40:37	4	1	1	0
     2125	2024-01-15 17:40:39	4	1	1	0
     2963	2024-01-15 17:41:47	4	0	1	0
     2963	2024-01-15 17:41:51	4	1	1	0
      623	2024-01-15 17:47:13	4	1	1	0
     1420	2024-01-15 18:27:28	4	1	1	0
      470	2024-01-15 19:15:53	4	1	1	0
      920	2024-01-15 20:03:24	4	5	1	0
      920	2024-01-15 20:05:15	4	5	1	0
     2125	2024-01-15 20:47:14	4	1	1	0
     2125	2024-01-15 20:47:15	4	1	1	0
     1064	2024-01-15 23:59:07	4	1	1	0
     1064	2024-01-15 23:59:10	4	1	1	0
     1064	2024-01-16 00:00:11	4	0	1	0
     2866	2024-01-16 06:18:29	4	0	1	0
     2866	2024-01-16 06:18:33	4	0	1	0
       37	2024-01-16 07:29:45	4	0	1	0
       37	2024-01-16 07:29:47	4	0	1	0
       37	2024-01-16 07:29:49	4	0	1	0
       37	2024-01-16 07:29:51	4	0	1	0
     2963	2024-01-16 07:58:01	4	0	1	0
     2963	2024-01-16 07:58:03	4	0	1	0
     2963	2024-01-16 07:58:04	4	0	1	0
     2112	2024-01-16 08:27:17	4	0	1	0
     2112	2024-01-16 08:27:19	4	0	1	0
     1064	2024-01-16 08:35:53	4	1	1	0
      714	2024-01-16 13:04:01	4	0	1	0
      714	2024-01-16 13:04:04	4	0	1	0
       37	2024-01-16 16:05:17	4	1	1	0
       37	2024-01-16 16:05:19	4	1	1	0
       37	2024-01-16 16:05:20	4	1	1	0
       37	2024-01-16 16:05:22	4	1	1	0
     2963	2024-01-16 20:09:55	4	1	1	0
     2963	2024-01-16 20:09:56	4	1	1	0
      714	2024-01-17 00:00:03	4	0	1	0
      714	2024-01-17 00:00:08	4	1	1	0
     2866	2024-01-17 06:08:29	4	0	1	0
     2866	2024-01-17 06:08:33	4	0	1	0
     1064	2024-01-17 07:32:45	4	0	1	0
     2112	2024-01-17 07:41:58	4	0	1	0
     2112	2024-01-17 07:42:00	4	0	1	0
      470	2024-01-17 07:45:56	4	0	1	0
     2963	2024-01-17 07:51:08	4	0	1	0
     2963	2024-01-17 07:51:09	4	0	1	0
     1217	2024-01-17 07:53:12	4	0	1	0
     1217	2024-01-17 07:53:14	4	0	1	0
     1417	2024-01-17 07:53:35	4	0	1	0
     1417	2024-01-17 07:53:36	4	0	1	0
     1417	2024-01-17 07:53:37	4	0	1	0
     1417	2024-01-17 07:53:39	4	0	1	0
     1417	2024-01-17 07:53:40	4	0	1	0
     1417	2024-01-17 07:53:42	4	0	1	0
     1417	2024-01-17 07:53:49	4	0	1	0
     1417	2024-01-17 07:53:50	4	0	1	0
      516	2024-01-17 07:54:58	4	0	1	0
      920	2024-01-17 07:55:09	4	0	1	0
     2238	2024-01-17 07:55:15	4	0	1	0
     2001	2024-01-17 07:59:47	4	0	1	0
     2001	2024-01-17 07:59:49	4	0	1	0
     2047	2024-01-17 08:00:39	4	0	1	0
     2238	2024-01-17 08:01:39	4	0	1	0
     2035	2024-01-17 08:02:07	4	0	1	0
     2035	2024-01-17 08:02:14	4	0	1	0
     1205	2024-01-17 08:07:25	4	0	1	0
       37	2024-01-17 08:10:55	4	0	1	0
       37	2024-01-17 08:11:00	4	0	1	0
       37	2024-01-17 08:11:03	4	0	1	0
       37	2024-01-17 08:11:05	4	0	1	0
     2827	2024-01-17 08:11:12	4	0	1	0
     2827	2024-01-17 08:11:13	4	0	1	0
     2827	2024-01-17 08:11:15	4	0	1	0
     2827	2024-01-17 08:11:16	4	0	1	0
      817	2024-01-17 08:19:27	4	0	1	0
     2761	2024-01-17 08:49:01	4	0	1	0
     2761	2024-01-17 08:49:03	4	0	1	0
     2761	2024-01-17 08:49:04	4	0	1	0
      623	2024-01-17 08:55:08	4	0	1	0
     1217	2024-01-17 12:01:15	4	1	1	0
     2866	2024-01-17 12:01:50	4	1	1	0
     2035	2024-01-17 12:02:33	4	1	1	0
     1417	2024-01-17 12:02:38	4	1	1	0
     1417	2024-01-17 12:02:39	4	1	1	0
     1417	2024-01-17 12:02:41	4	1	1	0
     1417	2024-01-17 12:02:42	4	1	1	0
     1417	2024-01-17 12:02:44	4	1	1	0
     1205	2024-01-17 12:03:25	4	1	1	0
     2827	2024-01-17 12:04:46	4	1	1	0
     2827	2024-01-17 12:04:48	4	1	1	0
     2827	2024-01-17 12:04:50	4	1	1	0
     2827	2024-01-17 12:06:04	4	0	1	0
     2827	2024-01-17 12:06:06	4	0	1	0
     1217	2024-01-17 12:06:45	4	0	1	0
     1217	2024-01-17 12:06:46	4	0	1	0
     2761	2024-01-17 12:07:42	4	1	1	0
     2761	2024-01-17 12:07:43	4	1	1	0
     2963	2024-01-17 12:07:49	4	1	1	0
     2963	2024-01-17 12:07:50	4	1	1	0
     2761	2024-01-17 12:07:51	4	1	1	0
     2238	2024-01-17 12:08:07	4	1	1	0
     1417	2024-01-17 12:08:35	4	0	1	0
     1417	2024-01-17 12:08:36	4	0	1	0
     1417	2024-01-17 12:08:37	4	0	1	0
     1417	2024-01-17 12:08:38	4	0	1	0
     1417	2024-01-17 12:08:40	4	0	1	0
     2001	2024-01-17 12:09:12	4	1	1	0
     2112	2024-01-17 12:10:21	4	1	1	0
     2035	2024-01-17 12:11:40	4	0	1	0
      516	2024-01-17 12:11:46	4	1	1	0
     2963	2024-01-17 12:13:30	4	0	1	0
      817	2024-01-17 12:14:31	4	1	1	0
     2001	2024-01-17 12:18:03	4	0	1	0
     2761	2024-01-17 12:25:22	4	0	1	0
     2761	2024-01-17 12:25:24	4	0	1	0
     2761	2024-01-17 12:25:25	4	0	1	0
     1205	2024-01-17 12:26:52	4	0	1	0
      920	2024-01-17 12:31:06	4	1	1	0
     2047	2024-01-17 12:31:10	4	1	1	0
     2238	2024-01-17 12:32:08	4	0	1	0
     2866	2024-01-17 12:33:00	4	0	1	0
      817	2024-01-17 12:34:18	4	0	1	0
      920	2024-01-17 12:36:06	4	0	1	0
     2047	2024-01-17 12:36:14	4	0	1	0
     2112	2024-01-17 12:43:18	4	0	1	0
      470	2024-01-17 12:54:52	4	1	1	0
      470	2024-01-17 12:55:34	4	0	1	0
      516	2024-01-17 12:56:38	4	0	1	0
