      298	2023-12-31 06:17:48	7	0	1	0
      298	2023-12-31 06:17:50	7	0	1	0
     2596	2023-12-31 07:31:47	7	0	1	0
     2596	2023-12-31 07:31:48	7	0	1	0
     2098	2023-12-31 07:32:09	7	0	1	0
     2098	2023-12-31 07:32:11	7	0	1	0
     2401	2023-12-31 07:36:36	7	0	1	0
     2401	2023-12-31 07:36:38	7	0	1	0
      248	2023-12-31 07:55:47	7	0	1	0
      248	2023-12-31 07:55:50	7	0	1	0
      875	2023-12-31 07:56:13	7	0	1	0
     2105	2023-12-31 08:01:13	7	1	1	0
     2105	2023-12-31 08:01:15	7	1	1	0
     1432	2023-12-31 08:01:19	7	1	1	0
     1432	2023-12-31 08:01:21	7	1	1	0
     1352	2023-12-31 08:01:38	7	1	1	0
     1352	2023-12-31 08:01:41	7	1	1	0
     1434	2023-12-31 08:02:15	7	0	1	0
     1434	2023-12-31 08:02:19	7	0	1	0
     1434	2023-12-31 08:02:24	7	0	1	0
     1349	2023-12-31 08:02:30	7	1	1	0
     1349	2023-12-31 08:02:32	7	1	1	0
     1429	2023-12-31 08:02:41	7	1	1	0
     1429	2023-12-31 08:02:43	7	1	1	0
      311	2023-12-31 08:03:26	7	1	1	0
      311	2023-12-31 08:03:29	7	1	1	0
     1124	2023-12-31 08:03:56	7	1	1	0
     1124	2023-12-31 08:03:58	7	1	1	0
      521	2023-12-31 08:04:25	7	0	1	0
      521	2023-12-31 08:04:27	7	0	1	0
      716	2023-12-31 08:09:01	7	1	1	0
      716	2023-12-31 08:09:03	7	1	1	0
      874	2023-12-31 08:14:19	7	1	1	0
      874	2023-12-31 08:14:23	7	1	1	0
     2253	2023-12-31 08:18:14	7	0	1	0
     2253	2023-12-31 08:18:19	7	0	1	0
      310	2023-12-31 08:21:41	7	1	1	0
      310	2023-12-31 08:21:43	7	1	1	0
      233	2023-12-31 08:22:12	7	1	1	0
      233	2023-12-31 08:22:14	7	1	1	0
      679	2023-12-31 08:24:20	7	1	1	0
      679	2023-12-31 08:24:24	7	1	1	0
     1475	2023-12-31 08:32:45	7	0	1	0
     1475	2023-12-31 08:32:50	7	0	1	0
     1425	2023-12-31 08:55:15	7	0	1	0
     1425	2023-12-31 08:55:18	7	0	1	0
      310	2023-12-31 09:54:52	7	1	1	0
     2401	2023-12-31 17:16:31	7	1	1	0
     2401	2023-12-31 17:16:33	7	1	1	0
      881	2024-01-01 07:40:32	7	0	1	0
      881	2024-01-01 07:40:34	7	0	1	0
      881	2024-01-01 07:40:36	7	0	1	0
     1255	2024-01-01 07:44:29	7	0	1	0
      816	2024-01-01 07:48:34	7	0	1	0
      816	2024-01-01 07:48:36	7	0	1	0
      782	2024-01-01 07:51:19	7	0	1	0
      782	2024-01-01 07:51:21	7	0	1	0
     1252	2024-01-01 07:57:01	7	0	1	0
      720	2024-01-01 07:59:31	7	0	1	0
      720	2024-01-01 07:59:33	7	0	1	0
     1427	2024-01-01 08:00:37	7	0	1	0
     1427	2024-01-01 08:00:39	7	0	1	0
      298	2024-01-01 08:03:32	7	1	1	0
      298	2024-01-01 08:03:34	7	1	1	0
     2098	2024-01-01 08:03:43	7	1	1	0
     2098	2024-01-01 08:03:45	7	1	1	0
      521	2024-01-01 08:04:02	7	1	1	0
      521	2024-01-01 08:04:04	7	1	1	0
     1425	2024-01-01 08:04:43	7	1	1	0
     1425	2024-01-01 08:04:44	7	1	1	0
      248	2024-01-01 08:05:26	7	1	1	0
      248	2024-01-01 08:05:28	7	1	1	0
      706	2024-01-01 08:05:39	7	0	1	0
      706	2024-01-01 08:05:41	7	0	1	0
     2253	2024-01-01 08:07:43	7	1	1	0
     2253	2024-01-01 08:07:47	7	1	1	0
      875	2024-01-01 08:10:39	7	1	1	0
     1434	2024-01-01 08:19:44	7	1	1	0
     1434	2024-01-01 08:19:48	7	1	1	0
     1434	2024-01-01 08:19:53	7	1	1	0
     2596	2024-01-01 08:23:44	7	1	1	0
     2596	2024-01-01 08:23:46	7	1	1	0
      397	2024-01-01 08:32:06	7	0	1	0
      397	2024-01-01 08:32:07	7	0	1	0
      167	2024-01-01 09:35:52	7	0	1	0
      167	2024-01-01 09:35:54	7	0	1	0
     1475	2024-01-01 09:51:45	7	1	1	0
     1475	2024-01-01 09:51:50	7	1	1	0
     2802	2024-01-02 06:23:16	7	0	1	0
     1074	2024-01-02 07:00:50	7	0	1	0
     1074	2024-01-02 07:00:52	7	0	1	0
     1352	2024-01-02 07:09:04	7	0	1	0
     1352	2024-01-02 07:09:06	7	0	1	0
     2815	2024-01-02 07:10:23	7	0	1	0
     2815	2024-01-02 07:10:25	7	0	1	0
     1432	2024-01-02 07:21:20	7	0	1	0
     1432	2024-01-02 07:21:23	7	0	1	0
      310	2024-01-02 07:24:14	7	0	1	0
      310	2024-01-02 07:24:16	7	0	1	0
     1077	2024-01-02 07:27:35	7	0	1	0
     1349	2024-01-02 07:41:43	7	0	1	0
     1349	2024-01-02 07:41:45	7	0	1	0
     2064	2024-01-02 07:46:53	7	0	1	0
     2064	2024-01-02 07:46:55	7	0	1	0
     2260	2024-01-02 07:49:33	7	0	1	0
     2260	2024-01-02 07:49:35	7	0	1	0
     2137	2024-01-02 07:54:11	7	0	1	0
     2105	2024-01-02 07:54:15	7	0	1	0
     2105	2024-01-02 07:54:19	7	0	1	0
      311	2024-01-02 07:54:31	7	0	1	0
      311	2024-01-02 07:54:33	7	0	1	0
      713	2024-01-02 07:56:51	7	0	1	0
      713	2024-01-02 07:56:52	7	0	1	0
      312	2024-01-02 07:58:10	7	0	1	0
      312	2024-01-02 07:58:13	7	0	1	0
     1124	2024-01-02 07:58:33	7	0	1	0
     1124	2024-01-02 07:58:35	7	0	1	0
      830	2024-01-02 08:00:47	7	0	1	0
      862	2024-01-02 08:00:51	7	0	1	0
      799	2024-01-02 08:00:55	7	0	1	0
      672	2024-01-02 08:01:02	7	0	1	0
      874	2024-01-02 08:02:25	7	0	1	0
      874	2024-01-02 08:02:29	7	0	1	0
     1255	2024-01-02 08:02:54	7	1	1	0
      782	2024-01-02 08:03:02	7	1	1	0
      782	2024-01-02 08:03:04	7	1	1	0
     1252	2024-01-02 08:04:02	7	1	1	0
     2597	2024-01-02 08:04:09	7	0	1	0
     2597	2024-01-02 08:04:10	7	0	1	0
      397	2024-01-02 08:04:24	7	0	1	0
      397	2024-01-02 08:04:25	7	0	1	0
     1427	2024-01-02 08:04:32	7	1	1	0
     1427	2024-01-02 08:04:35	7	1	1	0
      716	2024-01-02 08:04:50	7	0	1	0
      716	2024-01-02 08:04:53	7	0	1	0
     1798	2024-01-02 08:05:02	7	0	1	0
     1429	2024-01-02 08:05:31	7	0	1	0
     1429	2024-01-02 08:05:33	7	0	1	0
      464	2024-01-02 08:07:12	7	0	1	0
      881	2024-01-02 08:07:34	7	1	1	0
      881	2024-01-02 08:07:36	7	1	1	0
      881	2024-01-02 08:07:38	7	1	1	0
      706	2024-01-02 08:09:30	7	1	1	0
      706	2024-01-02 08:09:32	7	1	1	0
      167	2024-01-02 08:09:54	7	1	1	0
      167	2024-01-02 08:09:56	7	1	1	0
     1424	2024-01-02 08:10:54	7	0	1	0
     1424	2024-01-02 08:10:56	7	0	1	0
      679	2024-01-02 08:11:11	7	0	1	0
      679	2024-01-02 08:11:13	7	0	1	0
      816	2024-01-02 08:11:25	7	1	1	0
      816	2024-01-02 08:11:27	7	1	1	0
      720	2024-01-02 08:12:02	7	1	1	0
      720	2024-01-02 08:12:04	7	1	1	0
     2405	2024-01-02 08:12:29	7	0	1	0
     2405	2024-01-02 08:12:31	7	0	1	0
     2406	2024-01-02 08:12:37	7	0	1	0
     2406	2024-01-02 08:12:42	7	0	1	0
      437	2024-01-02 08:14:55	7	0	1	0
      233	2024-01-02 08:33:23	7	0	1	0
      233	2024-01-02 08:33:25	7	0	1	0
     2260	2024-01-02 12:01:11	7	1	1	0
     2260	2024-01-02 12:01:13	7	1	1	0
     2260	2024-01-02 12:02:03	7	0	1	0
     2260	2024-01-02 12:02:05	7	0	1	0
      672	2024-01-02 12:08:37	7	1	1	0
      437	2024-01-02 12:08:47	7	1	1	0
      437	2024-01-02 12:09:02	7	0	1	0
      672	2024-01-02 12:09:17	7	0	1	0
      713	2024-01-02 12:09:30	7	1	1	0
      713	2024-01-02 12:09:31	7	1	1	0
      713	2024-01-02 12:10:06	7	0	1	0
      713	2024-01-02 12:10:08	7	0	1	0
     1798	2024-01-02 12:12:51	7	1	1	0
      312	2024-01-02 12:14:57	7	0	1	0
      312	2024-01-02 12:14:58	7	0	1	0
      312	2024-01-02 12:15:36	7	0	1	0
      312	2024-01-02 12:15:38	7	0	1	0
     1798	2024-01-02 12:22:09	7	0	1	0
     1424	2024-01-02 12:38:11	7	1	1	0
     1424	2024-01-02 12:38:13	7	1	1	0
      464	2024-01-02 12:38:21	7	1	1	0
     2064	2024-01-02 12:39:21	7	1	1	0
     1424	2024-01-02 12:39:48	7	0	1	0
     1424	2024-01-02 12:39:50	7	0	1	0
      464	2024-01-02 12:40:02	7	0	1	0
     1077	2024-01-02 12:44:22	7	1	1	0
     1077	2024-01-02 12:45:06	7	0	1	0
     2064	2024-01-02 12:48:32	7	0	1	0
     2064	2024-01-02 12:48:39	7	0	1	0
     2815	2024-01-02 17:00:52	7	1	1	0
     2815	2024-01-02 17:00:54	7	1	1	0
     1798	2024-01-02 17:01:35	7	1	1	0
      672	2024-01-02 17:02:31	7	1	1	0
      312	2024-01-02 17:03:30	7	0	1	0
      312	2024-01-02 17:03:32	7	0	1	0
      464	2024-01-02 17:04:10	7	1	1	0
     2260	2024-01-02 17:04:17	7	1	1	0
     2260	2024-01-02 17:04:19	7	1	1	0
     2405	2024-01-02 17:04:57	7	1	1	0
     2405	2024-01-02 17:04:59	7	1	1	0
     2406	2024-01-02 17:05:06	7	1	1	0
     2406	2024-01-02 17:05:11	7	1	1	0
     1077	2024-01-02 17:05:19	7	1	1	0
      713	2024-01-02 17:05:31	7	1	1	0
      713	2024-01-02 17:05:32	7	1	1	0
     1424	2024-01-02 17:06:16	7	1	1	0
     1424	2024-01-02 17:06:18	7	1	1	0
     2137	2024-01-02 17:06:20	7	1	1	0
     2137	2024-01-02 17:06:22	7	1	1	0
     2064	2024-01-02 17:15:04	7	1	1	0
     2064	2024-01-02 17:15:06	7	1	1	0
     2064	2024-01-02 17:20:19	7	1	1	0
     2802	2024-01-02 17:27:45	7	1	1	0
      437	2024-01-02 18:31:19	7	1	1	0
     2597	2024-01-02 18:38:52	7	1	1	0
     2597	2024-01-02 18:38:53	7	1	1	0
      830	2024-01-02 18:41:12	7	1	1	0
      862	2024-01-02 18:41:14	7	1	1	0
      799	2024-01-02 18:41:16	7	1	1	0
     1074	2024-01-02 19:33:45	7	1	1	0
     1074	2024-01-02 19:33:47	7	1	1	0
     2064	2024-01-02 21:07:45	7	1	1	0
     2815	2024-01-03 06:19:08	7	0	1	0
     2815	2024-01-03 06:19:11	7	0	1	0
     2802	2024-01-03 06:23:10	7	0	1	0
     2797	2024-01-03 07:07:35	7	0	1	0
     2797	2024-01-03 07:07:39	7	0	1	0
     2098	2024-01-03 07:36:31	7	0	1	0
     2098	2024-01-03 07:36:34	7	0	1	0
      672	2024-01-03 07:37:54	7	0	1	0
     2401	2024-01-03 07:39:55	7	0	1	0
     2401	2024-01-03 07:39:56	7	0	1	0
      875	2024-01-03 07:40:07	7	0	1	0
      437	2024-01-03 07:40:16	7	0	1	0
      521	2024-01-03 07:41:33	7	0	1	0
      521	2024-01-03 07:41:34	7	0	1	0
      793	2024-01-03 07:41:49	7	0	1	0
      793	2024-01-03 07:41:51	7	0	1	0
      464	2024-01-03 07:43:23	7	0	1	0
     2596	2024-01-03 07:44:17	7	0	1	0
     2596	2024-01-03 07:44:19	7	0	1	0
      248	2024-01-03 07:44:27	7	0	1	0
      248	2024-01-03 07:44:29	7	0	1	0
      713	2024-01-03 07:44:42	7	0	1	0
      713	2024-01-03 07:44:43	7	0	1	0
     2405	2024-01-03 07:45:57	7	0	1	0
     2405	2024-01-03 07:45:59	7	0	1	0
     2406	2024-01-03 07:46:05	7	0	1	0
     2406	2024-01-03 07:46:09	7	0	1	0
      312	2024-01-03 07:46:30	7	0	1	0
      312	2024-01-03 07:46:32	7	0	1	0
     1798	2024-01-03 07:48:05	7	0	1	0
      862	2024-01-03 07:48:24	7	0	1	0
      830	2024-01-03 07:48:28	7	0	1	0
      799	2024-01-03 07:48:33	7	0	1	0
     1074	2024-01-03 07:49:02	7	0	1	0
     1074	2024-01-03 07:49:04	7	0	1	0
     1424	2024-01-03 07:50:02	7	0	1	0
     1424	2024-01-03 07:50:04	7	0	1	0
     2137	2024-01-03 07:51:41	7	0	1	0
     1077	2024-01-03 07:52:23	7	0	1	0
     2260	2024-01-03 07:53:05	7	0	1	0
     2260	2024-01-03 07:53:08	7	0	1	0
     2064	2024-01-03 07:54:48	7	0	1	0
     2064	2024-01-03 07:54:53	7	0	1	0
     1431	2024-01-03 07:55:38	7	0	1	0
     1248	2024-01-03 07:55:42	7	0	1	0
     1248	2024-01-03 07:55:45	7	0	1	0
      298	2024-01-03 07:57:49	7	0	1	0
      298	2024-01-03 07:57:51	7	0	1	0
     2253	2024-01-03 08:01:20	7	0	1	0
     2253	2024-01-03 08:01:25	7	0	1	0
     1432	2024-01-03 08:01:35	7	1	1	0
     1432	2024-01-03 08:01:40	7	1	1	0
     1352	2024-01-03 08:01:46	7	1	1	0
     1352	2024-01-03 08:01:48	7	1	1	0
     1349	2024-01-03 08:02:22	7	1	1	0
     1349	2024-01-03 08:02:25	7	1	1	0
     1429	2024-01-03 08:02:43	7	1	1	0
     1429	2024-01-03 08:02:45	7	1	1	0
      716	2024-01-03 08:03:04	7	1	1	0
      716	2024-01-03 08:03:06	7	1	1	0
     2597	2024-01-03 08:03:10	7	0	1	0
     2597	2024-01-03 08:03:12	7	0	1	0
      874	2024-01-03 08:03:25	7	1	1	0
      874	2024-01-03 08:03:29	7	1	1	0
      233	2024-01-03 08:04:23	7	1	1	0
      233	2024-01-03 08:04:25	7	1	1	0
     2105	2024-01-03 08:06:02	7	1	1	0
     2105	2024-01-03 08:06:03	7	1	1	0
     1434	2024-01-03 08:06:41	7	0	1	0
     1434	2024-01-03 08:06:45	7	0	1	0
     1434	2024-01-03 08:06:50	7	0	1	0
      679	2024-01-03 08:08:24	7	1	1	0
      679	2024-01-03 08:08:26	7	1	1	0
      310	2024-01-03 08:08:59	7	1	1	0
      310	2024-01-03 08:09:01	7	1	1	0
      311	2024-01-03 08:10:21	7	1	1	0
      311	2024-01-03 08:10:23	7	1	1	0
     1425	2024-01-03 08:17:55	7	0	1	0
     1425	2024-01-03 08:17:57	7	0	1	0
     1124	2024-01-03 08:36:24	7	1	1	0
     1124	2024-01-03 08:36:26	7	1	1	0
     1475	2024-01-03 08:52:20	7	0	1	0
     1475	2024-01-03 08:52:22	7	0	1	0
      672	2024-01-03 12:03:24	7	1	1	0
     1424	2024-01-03 12:03:29	7	1	1	0
     1424	2024-01-03 12:03:31	7	1	1	0
      672	2024-01-03 12:04:14	7	0	1	0
     1424	2024-01-03 12:04:33	7	0	1	0
     1424	2024-01-03 12:04:34	7	0	1	0
     2797	2024-01-03 12:05:02	7	1	1	0
     2797	2024-01-03 12:05:06	7	1	1	0
     2260	2024-01-03 12:05:20	7	1	1	0
     2260	2024-01-03 12:05:22	7	1	1	0
     2260	2024-01-03 12:06:20	7	0	1	0
     2260	2024-01-03 12:06:22	7	0	1	0
      437	2024-01-03 12:06:49	7	1	1	0
     2797	2024-01-03 12:07:02	7	0	1	0
     2797	2024-01-03 12:07:05	7	0	1	0
      437	2024-01-03 12:07:14	7	0	1	0
      464	2024-01-03 12:08:42	7	1	1	0
     1431	2024-01-03 12:09:27	7	1	1	0
     1431	2024-01-03 12:10:02	7	0	1	0
     2064	2024-01-03 12:11:18	7	1	1	0
      464	2024-01-03 12:11:57	7	0	1	0
     2064	2024-01-03 12:12:08	7	0	1	0
     1077	2024-01-03 12:12:48	7	1	1	0
     1077	2024-01-03 12:14:16	7	0	1	0
     2064	2024-01-03 12:18:31	7	0	1	0
     1798	2024-01-03 12:22:59	7	1	1	0
     1798	2024-01-03 12:25:06	7	0	1	0
      713	2024-01-03 12:25:27	7	1	1	0
      713	2024-01-03 12:25:28	7	1	1	0
      713	2024-01-03 12:26:10	7	0	1	0
      713	2024-01-03 12:26:12	7	0	1	0
      312	2024-01-03 12:31:43	7	0	1	0
      312	2024-01-03 12:31:44	7	0	1	0
      312	2024-01-03 12:32:02	7	0	1	0
     2597	2024-01-03 12:41:39	7	1	1	0
     2597	2024-01-03 12:41:41	7	1	1	0
     2597	2024-01-03 12:43:01	7	0	1	0
     2597	2024-01-03 12:43:03	7	0	1	0
     1798	2024-01-03 17:01:02	7	1	1	0
      672	2024-01-03 17:01:08	7	1	1	0
     2260	2024-01-03 17:01:13	7	1	1	0
     2260	2024-01-03 17:01:15	7	1	1	0
      312	2024-01-03 17:01:44	7	1	1	0
      312	2024-01-03 17:01:45	7	1	1	0
     2597	2024-01-03 17:02:49	7	1	1	0
     2597	2024-01-03 17:02:50	7	1	1	0
      713	2024-01-03 17:03:07	7	1	1	0
      713	2024-01-03 17:03:08	7	1	1	0
     2797	2024-01-03 17:03:17	7	1	1	0
     2797	2024-01-03 17:03:21	7	1	1	0
     1431	2024-01-03 17:03:26	7	1	1	0
     2405	2024-01-03 17:03:32	7	1	1	0
     2405	2024-01-03 17:03:34	7	1	1	0
     2406	2024-01-03 17:03:39	7	1	1	0
     2406	2024-01-03 17:03:43	7	1	1	0
     2137	2024-01-03 17:04:02	7	1	1	0
     2815	2024-01-03 17:04:11	7	1	1	0
     2815	2024-01-03 17:04:13	7	1	1	0
     1077	2024-01-03 17:04:24	7	1	1	0
     2401	2024-01-03 17:04:34	7	1	1	0
     2401	2024-01-03 17:04:36	7	1	1	0
     1424	2024-01-03 17:06:33	7	1	1	0
     1424	2024-01-03 17:06:35	7	1	1	0
      464	2024-01-03 17:08:08	7	0	1	0
      464	2024-01-03 17:08:27	7	1	1	0
      862	2024-01-03 17:11:21	7	1	1	0
      830	2024-01-03 17:11:23	7	1	1	0
      799	2024-01-03 17:11:25	7	1	1	0
     2802	2024-01-03 17:24:11	7	1	1	0
     1074	2024-01-03 18:16:55	7	1	1	0
     1074	2024-01-03 18:16:57	7	1	1	0
     2064	2024-01-03 20:29:44	7	1	1	0
     2064	2024-01-03 20:29:46	7	1	1	0
      437	2024-01-03 20:55:24	7	1	1	0
     2802	2024-01-04 05:36:28	7	0	1	0
     2815	2024-01-04 06:34:29	7	0	1	0
     2815	2024-01-04 06:34:31	7	0	1	0
     2797	2024-01-04 07:09:28	7	0	1	0
     2797	2024-01-04 07:09:33	7	0	1	0
     1427	2024-01-04 07:22:10	7	0	1	0
     1427	2024-01-04 07:22:12	7	0	1	0
      437	2024-01-04 07:29:35	7	0	1	0
     1255	2024-01-04 07:31:07	7	0	1	0
     1798	2024-01-04 07:31:50	7	0	1	0
     1798	2024-01-04 07:31:51	7	0	1	0
      720	2024-01-04 07:32:10	7	0	1	0
      720	2024-01-04 07:32:12	7	0	1	0
      782	2024-01-04 07:36:52	7	0	1	0
      782	2024-01-04 07:36:54	7	0	1	0
     1077	2024-01-04 07:40:18	7	0	1	0
     2405	2024-01-04 07:44:19	7	0	1	0
     2405	2024-01-04 07:44:21	7	0	1	0
     2406	2024-01-04 07:44:26	7	0	1	0
     2406	2024-01-04 07:44:31	7	0	1	0
     2401	2024-01-04 07:44:56	7	0	1	0
     2401	2024-01-04 07:44:58	7	0	1	0
     2137	2024-01-04 07:51:33	7	0	1	0
     2137	2024-01-04 07:51:41	7	0	1	0
      672	2024-01-04 07:54:28	7	0	1	0
      799	2024-01-04 07:54:32	7	0	1	0
      830	2024-01-04 07:54:34	7	0	1	0
      862	2024-01-04 07:54:37	7	0	1	0
     1424	2024-01-04 07:55:16	7	0	1	0
     1424	2024-01-04 07:55:18	7	0	1	0
      464	2024-01-04 07:56:24	7	0	1	0
      881	2024-01-04 07:56:31	7	0	1	0
      881	2024-01-04 07:56:33	7	0	1	0
      881	2024-01-04 07:56:35	7	0	1	0
      312	2024-01-04 07:56:47	7	0	1	0
      312	2024-01-04 07:56:49	7	0	1	0
     2597	2024-01-04 07:57:23	7	0	1	0
     2597	2024-01-04 07:57:24	7	0	1	0
     1252	2024-01-04 07:59:27	7	0	1	0
     1431	2024-01-04 08:00:54	7	0	1	0
      298	2024-01-04 08:01:06	7	1	1	0
      298	2024-01-04 08:01:08	7	1	1	0
     2596	2024-01-04 08:01:30	7	1	1	0
     2596	2024-01-04 08:01:32	7	1	1	0
     2064	2024-01-04 08:01:45	7	0	1	0
     2064	2024-01-04 08:01:49	7	0	1	0
      793	2024-01-04 08:02:04	7	1	1	0
      793	2024-01-04 08:02:07	7	1	1	0
     2098	2024-01-04 08:02:41	7	1	1	0
     2098	2024-01-04 08:02:43	7	1	1	0
     2253	2024-01-04 08:02:53	7	1	1	0
     2253	2024-01-04 08:03:02	7	1	1	0
      875	2024-01-04 08:03:52	7	1	1	0
      706	2024-01-04 08:04:11	7	0	1	0
      706	2024-01-04 08:04:13	7	0	1	0
      397	2024-01-04 08:04:47	7	0	1	0
      397	2024-01-04 08:04:48	7	0	1	0
      265	2024-01-04 08:05:00	7	0	1	0
      521	2024-01-04 08:06:36	7	0	1	0
      521	2024-01-04 08:06:38	7	0	1	0
      167	2024-01-04 08:06:47	7	0	1	0
      167	2024-01-04 08:06:50	7	0	1	0
     1425	2024-01-04 08:07:01	7	1	1	0
     1425	2024-01-04 08:07:03	7	1	1	0
      248	2024-01-04 08:07:34	7	1	1	0
      248	2024-01-04 08:07:36	7	1	1	0
      816	2024-01-04 08:09:20	7	0	1	0
      816	2024-01-04 08:09:22	7	0	1	0
     1434	2024-01-04 08:10:21	7	1	1	0
     1434	2024-01-04 08:10:25	7	1	1	0
     1434	2024-01-04 08:10:30	7	1	1	0
     2119	2024-01-04 08:11:18	7	0	1	0
     2119	2024-01-04 08:11:20	7	0	1	0
     1074	2024-01-04 08:19:31	7	0	1	0
     1074	2024-01-04 08:19:34	7	0	1	0
     1475	2024-01-04 08:20:09	7	1	1	0
     1475	2024-01-04 08:20:16	7	1	1	0
      672	2024-01-04 12:02:50	7	1	1	0
      672	2024-01-04 12:03:11	7	0	1	0
     1431	2024-01-04 12:03:20	7	1	1	0
     2797	2024-01-04 12:03:34	7	1	1	0
     2797	2024-01-04 12:03:38	7	1	1	0
     1431	2024-01-04 12:04:04	7	0	1	0
      265	2024-01-04 12:04:24	7	1	1	0
      265	2024-01-04 12:05:02	7	0	1	0
     2797	2024-01-04 12:05:09	7	0	1	0
     2797	2024-01-04 12:05:13	7	0	1	0
     1798	2024-01-04 12:05:40	7	1	1	0
     1798	2024-01-04 12:06:03	7	0	1	0
      437	2024-01-04 12:13:54	7	1	1	0
      437	2024-01-04 12:14:45	7	0	1	0
      464	2024-01-04 12:26:53	7	1	1	0
      464	2024-01-04 12:30:36	7	0	1	0
     1424	2024-01-04 12:31:03	7	1	1	0
     1424	2024-01-04 12:31:05	7	1	1	0
      862	2024-01-04 12:31:10	7	1	1	0
      862	2024-01-04 12:31:11	7	1	1	0
     2597	2024-01-04 12:31:13	7	1	1	0
      830	2024-01-04 12:31:15	7	1	1	0
      799	2024-01-04 12:31:18	7	1	1	0
      830	2024-01-04 12:32:02	7	0	1	0
      799	2024-01-04 12:32:08	7	0	1	0
      862	2024-01-04 12:32:11	7	0	1	0
     2597	2024-01-04 12:32:16	7	0	1	0
     2597	2024-01-04 12:32:17	7	0	1	0
     1424	2024-01-04 12:32:43	7	0	1	0
     1424	2024-01-04 12:32:44	7	0	1	0
     1077	2024-01-04 12:35:41	7	1	1	0
     1077	2024-01-04 12:36:18	7	0	1	0
     2064	2024-01-04 12:42:29	7	1	1	0
     2064	2024-01-04 12:42:43	7	1	1	0
      312	2024-01-04 12:42:54	7	1	1	0
      312	2024-01-04 12:42:56	7	1	1	0
      312	2024-01-04 12:43:13	7	0	1	0
      312	2024-01-04 12:43:16	7	0	1	0
     2064	2024-01-04 12:44:01	7	0	1	0
     1077	2024-01-04 16:31:01	7	1	1	0
     2815	2024-01-04 17:00:07	7	1	1	0
     2815	2024-01-04 17:00:09	7	1	1	0
      312	2024-01-04 17:01:04	7	0	1	0
      312	2024-01-04 17:01:05	7	0	1	0
     1431	2024-01-04 17:01:13	7	1	1	0
     1798	2024-01-04 17:02:00	7	1	1	0
      672	2024-01-04 17:02:59	7	1	1	0
     1424	2024-01-04 17:03:42	7	1	1	0
     1424	2024-01-04 17:03:43	7	1	1	0
     2797	2024-01-04 17:04:16	7	1	1	0
     2797	2024-01-04 17:04:21	7	1	1	0
      830	2024-01-04 17:04:48	7	1	1	0
      862	2024-01-04 17:04:50	7	1	1	0
      862	2024-01-04 17:04:51	7	1	1	0
      799	2024-01-04 17:04:53	7	1	1	0
     2597	2024-01-04 17:04:56	7	1	1	0
     2597	2024-01-04 17:04:57	7	1	1	0
     2405	2024-01-04 17:07:10	7	1	1	0
     2405	2024-01-04 17:07:12	7	1	1	0
     2406	2024-01-04 17:07:22	7	1	1	0
     2406	2024-01-04 17:07:27	7	1	1	0
      265	2024-01-04 17:07:55	7	1	1	0
      464	2024-01-04 17:08:12	7	1	1	0
     2802	2024-01-04 17:23:36	7	1	1	0
     2401	2024-01-04 17:26:35	7	1	1	0
     2401	2024-01-04 17:26:37	7	1	1	0
     2137	2024-01-04 17:56:23	7	1	1	0
     2064	2024-01-04 18:06:17	7	1	1	0
     2064	2024-01-04 19:19:08	7	1	1	0
      437	2024-01-04 19:31:29	7	1	1	0
     1074	2024-01-04 19:41:52	7	1	1	0
     1074	2024-01-04 19:41:54	7	1	1	0
     2815	2024-01-05 05:51:17	7	0	1	0
     2815	2024-01-05 05:51:19	7	0	1	0
     2802	2024-01-05 06:03:02	7	0	1	0
      310	2024-01-05 06:32:29	7	0	1	0
      310	2024-01-05 06:32:31	7	0	1	0
      310	2024-01-05 06:33:05	7	0	1	0
      679	2024-01-05 07:03:29	7	0	1	0
      679	2024-01-05 07:03:33	7	0	1	0
     2797	2024-01-05 07:08:52	7	0	1	0
     2797	2024-01-05 07:08:54	7	0	1	0
     1432	2024-01-05 07:16:04	7	0	1	0
     1432	2024-01-05 07:16:06	7	0	1	0
     1349	2024-01-05 07:24:59	7	0	1	0
     1349	2024-01-05 07:25:01	7	0	1	0
     1352	2024-01-05 07:26:58	7	0	1	0
     1352	2024-01-05 07:27:03	7	0	1	0
     2401	2024-01-05 07:43:21	7	0	1	0
     2401	2024-01-05 07:43:23	7	0	1	0
     2406	2024-01-05 07:43:29	7	0	1	0
     2406	2024-01-05 07:43:33	7	0	1	0
     1077	2024-01-05 07:43:45	7	0	1	0
     1074	2024-01-05 07:44:11	7	0	1	0
     1074	2024-01-05 07:44:13	7	0	1	0
     1798	2024-01-05 07:45:02	7	0	1	0
      862	2024-01-05 07:48:43	7	0	1	0
      862	2024-01-05 07:48:45	7	0	1	0
      830	2024-01-05 07:48:47	7	0	1	0
      799	2024-01-05 07:48:51	7	0	1	0
     2137	2024-01-05 07:54:42	7	0	1	0
     1429	2024-01-05 07:55:00	7	0	1	0
     1429	2024-01-05 07:55:03	7	0	1	0
      312	2024-01-05 07:55:48	7	0	1	0
      312	2024-01-05 07:55:50	7	0	1	0
      716	2024-01-05 07:55:56	7	0	1	0
      716	2024-01-05 07:55:57	7	0	1	0
      672	2024-01-05 07:56:09	7	0	1	0
      874	2024-01-05 07:58:17	7	0	1	0
      874	2024-01-05 07:58:21	7	0	1	0
      464	2024-01-05 07:58:53	7	0	1	0
     2260	2024-01-05 07:59:11	7	0	1	0
     2260	2024-01-05 07:59:13	7	0	1	0
      311	2024-01-05 07:59:26	7	0	1	0
      311	2024-01-05 07:59:30	7	0	1	0
      233	2024-01-05 08:02:48	7	0	1	0
      233	2024-01-05 08:02:50	7	0	1	0
     2597	2024-01-05 08:03:00	7	0	1	0
     2597	2024-01-05 08:03:02	7	0	1	0
     2064	2024-01-05 08:03:06	7	0	1	0
     2064	2024-01-05 08:03:10	7	0	1	0
      265	2024-01-05 08:03:24	7	0	1	0
     1424	2024-01-05 08:05:43	7	0	1	0
     1424	2024-01-05 08:05:44	7	0	1	0
     1124	2024-01-05 08:08:31	7	0	1	0
     1124	2024-01-05 08:08:33	7	0	1	0
      437	2024-01-05 08:11:33	7	0	1	0
     2105	2024-01-05 08:13:43	7	0	1	0
     2105	2024-01-05 08:13:47	7	0	1	0
     1427	2024-01-05 08:19:34	7	1	1	0
     1427	2024-01-05 08:19:36	7	1	1	0
      397	2024-01-05 08:19:54	7	1	1	0
      397	2024-01-05 08:19:55	7	1	1	0
     1252	2024-01-05 08:20:05	7	1	1	0
      782	2024-01-05 08:20:19	7	1	1	0
      782	2024-01-05 08:20:21	7	1	1	0
      816	2024-01-05 08:20:30	7	1	1	0
      816	2024-01-05 08:20:32	7	1	1	0
      706	2024-01-05 08:21:00	7	1	1	0
      706	2024-01-05 08:21:02	7	1	1	0
     1431	2024-01-05 08:44:49	7	0	1	0
     1255	2024-01-05 09:39:53	7	1	1	0
      720	2024-01-05 09:41:07	7	1	1	0
      720	2024-01-05 09:41:09	7	1	1	0
      881	2024-01-05 09:41:42	7	1	1	0
      881	2024-01-05 09:41:44	7	1	1	0
      881	2024-01-05 09:41:46	7	1	1	0
      167	2024-01-05 09:49:19	7	1	1	0
      167	2024-01-05 09:49:21	7	1	1	0
     2119	2024-01-05 09:55:09	7	1	1	0
     2119	2024-01-05 09:55:10	7	1	1	0
      862	2024-01-05 12:01:53	7	1	1	0
      830	2024-01-05 12:01:54	7	1	1	0
     2597	2024-01-05 12:01:56	7	1	1	0
     2597	2024-01-05 12:01:58	7	1	1	0
     2064	2024-01-05 12:02:03	7	1	1	0
      830	2024-01-05 12:03:02	7	0	1	0
     2597	2024-01-05 12:03:09	7	0	1	0
     2597	2024-01-05 12:03:10	7	0	1	0
      862	2024-01-05 12:03:13	7	0	1	0
      862	2024-01-05 12:03:15	7	0	1	0
     1424	2024-01-05 12:03:26	7	1	1	0
     1424	2024-01-05 12:03:28	7	1	1	0
     1077	2024-01-05 12:03:37	7	1	1	0
     2797	2024-01-05 12:03:53	7	1	1	0
     2797	2024-01-05 12:03:55	7	1	1	0
     1431	2024-01-05 12:04:02	7	1	1	0
     1077	2024-01-05 12:04:27	7	0	1	0
     1424	2024-01-05 12:04:36	7	0	1	0
     1424	2024-01-05 12:04:38	7	0	1	0
     1431	2024-01-05 12:05:02	7	0	1	0
     2797	2024-01-05 12:05:08	7	0	1	0
     2797	2024-01-05 12:05:12	7	0	1	0
     2064	2024-01-05 12:05:26	7	0	1	0
      265	2024-01-05 12:10:29	7	1	1	0
      265	2024-01-05 12:11:02	7	0	1	0
     1798	2024-01-05 12:22:14	7	1	1	0
      312	2024-01-05 12:25:20	7	0	1	0
      312	2024-01-05 12:25:28	7	0	1	0
     1798	2024-01-05 12:25:33	7	0	1	0
      312	2024-01-05 12:26:03	7	0	1	0
      312	2024-01-05 12:26:04	7	0	1	0
     2260	2024-01-05 12:27:08	7	1	1	0
     2260	2024-01-05 12:27:09	7	1	1	0
      672	2024-01-05 12:27:54	7	1	1	0
     2260	2024-01-05 12:28:02	7	0	1	0
     2260	2024-01-05 12:28:03	7	0	1	0
      672	2024-01-05 12:28:10	7	0	1	0
      437	2024-01-05 12:28:15	7	1	1	0
      437	2024-01-05 12:29:02	7	0	1	0
      464	2024-01-05 12:55:03	7	1	1	0
      464	2024-01-05 12:57:02	7	0	1	0
      312	2024-01-05 15:19:20	7	0	1	0
      312	2024-01-05 15:19:22	7	0	1	0
      672	2024-01-05 17:01:05	7	1	1	0
     1798	2024-01-05 17:01:09	7	1	1	0
     2815	2024-01-05 17:01:46	7	1	1	0
     2815	2024-01-05 17:01:48	7	1	1	0
     2260	2024-01-05 17:01:55	7	1	1	0
     2260	2024-01-05 17:01:56	7	1	1	0
     1077	2024-01-05 17:02:26	7	0	1	0
     1077	2024-01-05 17:02:44	7	0	1	0
     1431	2024-01-05 17:02:53	7	1	1	0
     2797	2024-01-05 17:03:03	7	1	1	0
     2797	2024-01-05 17:03:07	7	1	1	0
      265	2024-01-05 17:04:41	7	1	1	0
      464	2024-01-05 17:05:36	7	1	1	0
      862	2024-01-05 17:05:54	7	1	1	0
      830	2024-01-05 17:05:55	7	1	1	0
      799	2024-01-05 17:05:58	7	1	1	0
     2597	2024-01-05 17:06:01	7	1	1	0
     2597	2024-01-05 17:06:02	7	1	1	0
     1424	2024-01-05 17:06:31	7	1	1	0
     1424	2024-01-05 17:06:35	7	1	1	0
     2406	2024-01-05 17:07:08	7	1	1	0
     2406	2024-01-05 17:07:12	7	1	1	0
      437	2024-01-05 17:07:41	7	1	1	0
     2064	2024-01-05 17:09:11	7	1	1	0
     2064	2024-01-05 17:09:20	7	1	1	0
     2401	2024-01-05 17:35:27	7	1	1	0
     2401	2024-01-05 17:35:29	7	1	1	0
     2802	2024-01-05 17:53:09	7	1	1	0
      265	2024-01-05 17:58:41	7	1	1	0
     2137	2024-01-05 23:34:15	7	1	1	0
     2406	2024-01-06 07:22:37	7	0	1	0
     2406	2024-01-06 07:22:41	7	0	1	0
     2098	2024-01-06 07:31:53	7	0	1	0
     2098	2024-01-06 07:31:56	7	0	1	0
     1425	2024-01-06 07:36:11	7	0	1	0
     1425	2024-01-06 07:36:12	7	0	1	0
     2596	2024-01-06 07:42:23	7	0	1	0
     2596	2024-01-06 07:42:25	7	0	1	0
      298	2024-01-06 07:43:46	7	0	1	0
      298	2024-01-06 07:43:50	7	0	1	0
      751	2024-01-06 07:46:57	7	0	1	0
      751	2024-01-06 07:46:58	7	0	1	0
      793	2024-01-06 07:49:06	7	0	1	0
      793	2024-01-06 07:49:09	7	0	1	0
      875	2024-01-06 07:54:18	7	0	1	0
      875	2024-01-06 07:54:48	7	0	1	0
      521	2024-01-06 07:58:16	7	0	1	0
      521	2024-01-06 07:58:18	7	0	1	0
     1352	2024-01-06 08:01:05	7	1	1	0
     1352	2024-01-06 08:01:07	7	1	1	0
     1349	2024-01-06 08:02:24	7	1	1	0
     1349	2024-01-06 08:02:25	7	1	1	0
      310	2024-01-06 08:02:56	7	1	1	0
      310	2024-01-06 08:02:58	7	1	1	0
      679	2024-01-06 08:03:37	7	1	1	0
      679	2024-01-06 08:03:39	7	1	1	0
      716	2024-01-06 08:04:02	7	1	1	0
      716	2024-01-06 08:04:04	7	1	1	0
      233	2024-01-06 08:04:37	7	1	1	0
      233	2024-01-06 08:04:39	7	1	1	0
     1429	2024-01-06 08:08:55	7	1	1	0
     1429	2024-01-06 08:08:59	7	1	1	0
     1434	2024-01-06 08:10:17	7	0	1	0
     1434	2024-01-06 08:10:21	7	0	1	0
     1434	2024-01-06 08:10:25	7	0	1	0
     1074	2024-01-06 08:11:54	7	0	1	0
     1074	2024-01-06 08:11:56	7	0	1	0
      311	2024-01-06 08:14:17	7	1	1	0
      311	2024-01-06 08:14:19	7	1	1	0
     2105	2024-01-06 08:21:19	7	1	1	0
     2105	2024-01-06 08:21:21	7	1	1	0
     1432	2024-01-06 08:21:47	7	1	1	0
     1432	2024-01-06 08:21:49	7	1	1	0
     1432	2024-01-06 08:21:51	7	1	1	0
     1475	2024-01-06 08:23:30	7	0	1	0
     1475	2024-01-06 08:23:33	7	0	1	0
     1124	2024-01-06 08:29:57	7	1	1	0
     1124	2024-01-06 08:30:05	7	1	1	0
      874	2024-01-06 08:34:16	7	1	1	0
      874	2024-01-06 08:34:20	7	1	1	0
     2253	2024-01-06 08:35:07	7	0	1	0
     2253	2024-01-06 08:35:12	7	0	1	0
      248	2024-01-06 15:09:17	7	0	1	0
      248	2024-01-06 15:09:19	7	0	1	0
     2406	2024-01-06 17:09:49	7	0	1	0
     2406	2024-01-06 17:09:54	7	1	1	0
     2406	2024-01-06 17:09:59	7	1	1	0
     1074	2024-01-06 19:12:23	7	1	1	0
     1074	2024-01-06 19:12:24	7	1	1	0
      782	2024-01-07 07:20:29	7	0	1	0
      782	2024-01-07 07:20:31	7	0	1	0
     1255	2024-01-07 07:39:07	7	0	1	0
     1427	2024-01-07 07:45:41	7	0	1	0
     1427	2024-01-07 07:45:43	7	0	1	0
     2405	2024-01-07 07:48:50	7	0	1	0
     2405	2024-01-07 07:48:51	7	0	1	0
      881	2024-01-07 07:51:51	7	0	1	0
      881	2024-01-07 07:51:53	7	0	1	0
      881	2024-01-07 07:51:55	7	0	1	0
     1252	2024-01-07 07:57:46	7	0	1	0
      720	2024-01-07 08:01:00	7	0	1	0
      720	2024-01-07 08:01:01	7	0	1	0
     2596	2024-01-07 08:01:30	7	1	1	0
     2596	2024-01-07 08:01:33	7	1	1	0
      298	2024-01-07 08:02:34	7	1	1	0
      298	2024-01-07 08:02:36	7	1	1	0
      248	2024-01-07 08:02:52	7	1	1	0
      248	2024-01-07 08:02:54	7	1	1	0
      793	2024-01-07 08:03:07	7	1	1	0
      793	2024-01-07 08:03:10	7	1	1	0
      751	2024-01-07 08:03:31	7	1	1	0
      751	2024-01-07 08:03:48	7	1	1	0
     1475	2024-01-07 08:03:59	7	0	1	0
     1475	2024-01-07 08:04:02	7	0	1	0
      521	2024-01-07 08:04:42	7	0	1	0
      521	2024-01-07 08:04:44	7	0	1	0
     1425	2024-01-07 08:05:03	7	1	1	0
     1425	2024-01-07 08:05:05	7	1	1	0
      167	2024-01-07 08:06:22	7	0	1	0
      167	2024-01-07 08:06:24	7	0	1	0
      706	2024-01-07 08:06:31	7	0	1	0
      875	2024-01-07 08:06:53	7	1	1	0
     2098	2024-01-07 08:07:00	7	1	1	0
     2098	2024-01-07 08:07:02	7	1	1	0
     1434	2024-01-07 08:08:03	7	1	1	0
     1434	2024-01-07 08:08:08	7	1	1	0
     1434	2024-01-07 08:08:12	7	1	1	0
      816	2024-01-07 08:10:09	7	0	1	0
      816	2024-01-07 08:10:11	7	0	1	0
     2119	2024-01-07 08:13:27	7	0	1	0
     2119	2024-01-07 08:13:29	7	0	1	0
      397	2024-01-07 08:15:20	7	0	1	0
      397	2024-01-07 08:15:22	7	0	1	0
     2253	2024-01-07 08:21:11	7	1	1	0
     2253	2024-01-07 08:21:16	7	1	1	0
     2815	2024-01-08 06:01:44	7	0	1	0
     2815	2024-01-08 06:01:47	7	0	1	0
     2802	2024-01-08 06:12:27	7	0	1	0
      310	2024-01-08 06:45:30	7	0	1	0
      310	2024-01-08 06:45:33	7	0	1	0
      310	2024-01-08 06:46:50	7	0	1	0
     2797	2024-01-08 07:07:02	7	0	1	0
     2797	2024-01-08 07:07:06	7	0	1	0
     1352	2024-01-08 07:15:34	7	0	1	0
     1352	2024-01-08 07:15:37	7	0	1	0
      233	2024-01-08 07:28:41	7	0	1	0
      233	2024-01-08 07:28:43	7	0	1	0
     2801	2024-01-08 07:29:47	7	0	1	0
     1077	2024-01-08 07:30:42	7	0	1	0
     1431	2024-01-08 07:32:14	7	0	1	0
     1349	2024-01-08 07:34:13	7	0	1	0
     1349	2024-01-08 07:34:15	7	0	1	0
      464	2024-01-08 07:36:39	7	0	1	0
     2064	2024-01-08 07:37:28	7	0	1	0
     2064	2024-01-08 07:37:29	7	0	1	0
     1432	2024-01-08 07:39:15	7	0	1	0
     1432	2024-01-08 07:39:17	7	0	1	0
     1432	2024-01-08 07:39:19	7	0	1	0
      672	2024-01-08 07:39:51	7	0	1	0
      862	2024-01-08 07:41:07	7	0	1	0
      830	2024-01-08 07:41:09	7	0	1	0
      799	2024-01-08 07:41:12	7	0	1	0
      311	2024-01-08 07:41:52	7	0	1	0
      311	2024-01-08 07:41:54	7	0	1	0
     1429	2024-01-08 07:42:54	7	0	1	0
     1429	2024-01-08 07:42:56	7	0	1	0
     1798	2024-01-08 07:45:42	7	0	1	0
     2405	2024-01-08 07:45:59	7	1	1	0
     2405	2024-01-08 07:46:01	7	1	1	0
     2405	2024-01-08 07:46:06	7	0	1	0
     2405	2024-01-08 07:46:08	7	0	1	0
     2137	2024-01-08 07:46:30	7	0	1	0
      713	2024-01-08 07:46:47	7	0	1	0
      713	2024-01-08 07:46:48	7	0	1	0
     2401	2024-01-08 07:48:38	7	0	1	0
     2401	2024-01-08 07:48:40	7	0	1	0
     1424	2024-01-08 07:48:46	7	0	1	0
     1424	2024-01-08 07:48:48	7	0	1	0
      265	2024-01-08 07:49:59	7	0	1	0
      679	2024-01-08 07:50:08	7	0	1	0
      679	2024-01-08 07:50:11	7	0	1	0
      312	2024-01-08 07:51:51	7	0	1	0
      312	2024-01-08 07:51:53	7	0	1	0
     2260	2024-01-08 07:52:40	7	0	1	0
     2260	2024-01-08 07:52:42	7	0	1	0
     1248	2024-01-08 07:56:07	7	0	1	0
     1248	2024-01-08 07:56:11	7	0	1	0
      716	2024-01-08 07:59:19	7	0	1	0
      716	2024-01-08 07:59:21	7	0	1	0
     2597	2024-01-08 08:00:09	7	0	1	0
     2597	2024-01-08 08:00:11	7	0	1	0
      874	2024-01-08 08:08:57	7	0	1	0
      874	2024-01-08 08:08:59	7	0	1	0
     1124	2024-01-08 08:12:27	7	0	1	0
     1124	2024-01-08 08:12:31	7	0	1	0
      437	2024-01-08 08:13:49	7	0	1	0
      782	2024-01-08 08:19:20	7	1	1	0
      782	2024-01-08 08:19:21	7	1	1	0
      881	2024-01-08 08:19:27	7	1	1	0
      881	2024-01-08 08:19:29	7	1	1	0
      881	2024-01-08 08:19:30	7	1	1	0
      167	2024-01-08 08:19:34	7	1	1	0
      167	2024-01-08 08:19:36	7	1	1	0
     1427	2024-01-08 08:19:44	7	1	1	0
     1427	2024-01-08 08:19:46	7	1	1	0
      706	2024-01-08 08:20:25	7	1	1	0
      706	2024-01-08 08:20:27	7	1	1	0
      397	2024-01-08 08:20:32	7	1	1	0
      397	2024-01-08 08:20:35	7	1	1	0
      720	2024-01-08 08:21:03	7	1	1	0
      720	2024-01-08 08:21:05	7	1	1	0
     2119	2024-01-08 08:21:13	7	1	1	0
     2119	2024-01-08 08:21:15	7	1	1	0
      816	2024-01-08 08:21:23	7	1	1	0
      816	2024-01-08 08:21:25	7	1	1	0
     1252	2024-01-08 08:22:05	7	1	1	0
     1255	2024-01-08 08:26:15	7	1	1	0
      312	2024-01-08 12:01:35	7	1	1	0
      312	2024-01-08 12:01:40	7	1	1	0
     2797	2024-01-08 12:02:02	7	1	1	0
     2797	2024-01-08 12:02:06	7	1	1	0
      312	2024-01-08 12:02:16	7	1	1	0
      312	2024-01-08 12:02:18	7	1	1	0
     1798	2024-01-08 12:03:40	7	1	1	0
     2797	2024-01-08 12:04:36	7	0	1	0
     2797	2024-01-08 12:04:39	7	0	1	0
     1798	2024-01-08 12:05:03	7	0	1	0
     2260	2024-01-08 12:08:01	7	1	1	0
     2260	2024-01-08 12:08:03	7	1	1	0
     1424	2024-01-08 12:08:14	7	1	1	0
     1424	2024-01-08 12:08:16	7	1	1	0
     2260	2024-01-08 12:09:03	7	0	1	0
     2260	2024-01-08 12:09:05	7	0	1	0
     1424	2024-01-08 12:09:18	7	0	1	0
     1424	2024-01-08 12:09:24	7	0	1	0
     1077	2024-01-08 12:10:39	7	1	1	0
      464	2024-01-08 12:10:54	7	1	1	0
      464	2024-01-08 12:13:12	7	0	1	0
     1077	2024-01-08 12:13:47	7	0	1	0
      437	2024-01-08 12:14:43	7	1	1	0
      713	2024-01-08 12:25:43	7	1	1	0
      713	2024-01-08 12:25:44	7	1	1	0
      672	2024-01-08 12:25:54	7	1	1	0
      713	2024-01-08 12:26:12	7	0	1	0
      713	2024-01-08 12:26:13	7	0	1	0
      672	2024-01-08 12:26:21	7	0	1	0
     1431	2024-01-08 12:30:00	7	1	1	0
     1431	2024-01-08 12:31:06	7	0	1	0
      265	2024-01-08 12:31:32	7	1	1	0
      265	2024-01-08 12:32:03	7	0	1	0
      862	2024-01-08 12:43:35	7	1	1	0
      799	2024-01-08 12:43:39	7	1	1	0
      830	2024-01-08 12:43:42	7	1	1	0
     2597	2024-01-08 12:43:44	7	1	1	0
      862	2024-01-08 12:44:09	7	0	1	0
      830	2024-01-08 12:44:10	7	0	1	0
     2597	2024-01-08 12:44:13	7	0	1	0
     2597	2024-01-08 12:44:16	7	0	1	0
      799	2024-01-08 12:44:19	7	0	1	0
     2815	2024-01-08 17:00:16	7	1	1	0
     2815	2024-01-08 17:00:18	7	1	1	0
     1077	2024-01-08 17:01:39	7	1	1	0
      464	2024-01-08 17:01:46	7	1	1	0
      672	2024-01-08 17:01:58	7	1	1	0
     1798	2024-01-08 17:02:20	7	1	1	0
      312	2024-01-08 17:02:52	7	1	1	0
      312	2024-01-08 17:02:54	7	1	1	0
     2801	2024-01-08 17:03:48	7	1	1	0
      830	2024-01-08 17:04:19	7	1	1	0
      799	2024-01-08 17:04:24	7	1	1	0
      862	2024-01-08 17:04:27	7	1	1	0
     2260	2024-01-08 17:06:14	7	1	1	0
     2260	2024-01-08 17:06:15	7	1	1	0
      713	2024-01-08 17:06:48	7	1	1	0
      713	2024-01-08 17:06:50	7	1	1	0
     1424	2024-01-08 17:07:34	7	1	1	0
     1424	2024-01-08 17:07:38	7	1	1	0
     2797	2024-01-08 17:10:40	7	1	1	0
     2797	2024-01-08 17:10:44	7	1	1	0
     2405	2024-01-08 17:16:04	7	1	1	0
     2405	2024-01-08 17:16:06	7	1	1	0
     2401	2024-01-08 17:18:15	7	1	1	0
     2401	2024-01-08 17:18:17	7	1	1	0
     1248	2024-01-08 17:24:38	7	1	1	0
     1431	2024-01-08 17:29:51	7	1	1	0
     2597	2024-01-08 17:38:59	7	1	1	0
     2137	2024-01-08 17:56:49	7	1	1	0
     2064	2024-01-08 20:30:50	7	1	1	0
     2064	2024-01-08 20:30:55	7	1	1	0
     2064	2024-01-08 20:31:38	7	1	1	0
     2815	2024-01-09 06:13:17	7	0	1	0
     2815	2024-01-09 06:13:19	7	0	1	0
     2797	2024-01-09 07:05:13	7	0	1	0
     2797	2024-01-09 07:05:16	7	0	1	0
     1431	2024-01-09 07:11:09	7	0	1	0
     1431	2024-01-09 07:11:11	7	0	1	0
     2596	2024-01-09 07:29:31	7	0	1	0
     2596	2024-01-09 07:29:32	7	0	1	0
      298	2024-01-09 07:33:56	7	0	1	0
      298	2024-01-09 07:33:58	7	0	1	0
     2801	2024-01-09 07:34:28	7	0	1	0
     1798	2024-01-09 07:41:40	7	0	1	0
     2401	2024-01-09 07:41:50	7	0	1	0
     2401	2024-01-09 07:41:52	7	0	1	0
      751	2024-01-09 07:44:44	7	0	1	0
      751	2024-01-09 07:44:46	7	0	1	0
      672	2024-01-09 07:46:52	7	0	1	0
      713	2024-01-09 07:48:52	7	0	1	0
      713	2024-01-09 07:48:53	7	0	1	0
      862	2024-01-09 07:48:59	7	0	1	0
      830	2024-01-09 07:49:01	7	0	1	0
      799	2024-01-09 07:49:04	7	0	1	0
      875	2024-01-09 07:49:54	7	0	1	0
     1248	2024-01-09 07:51:07	7	0	1	0
     1248	2024-01-09 07:51:09	7	0	1	0
      521	2024-01-09 07:52:40	7	0	1	0
      521	2024-01-09 07:52:42	7	0	1	0
     2405	2024-01-09 07:53:01	7	0	1	0
     2405	2024-01-09 07:53:02	7	0	1	0
     2406	2024-01-09 07:53:07	7	0	1	0
     2406	2024-01-09 07:53:11	7	0	1	0
     1434	2024-01-09 07:53:46	7	0	1	0
     1434	2024-01-09 07:53:50	7	0	1	0
     1434	2024-01-09 07:53:54	7	0	1	0
      793	2024-01-09 07:54:04	7	0	1	0
      793	2024-01-09 07:54:06	7	0	1	0
     1424	2024-01-09 07:55:00	7	0	1	0
     1424	2024-01-09 07:55:02	7	0	1	0
     2260	2024-01-09 07:55:30	7	0	1	0
     2260	2024-01-09 07:55:32	7	0	1	0
      248	2024-01-09 07:55:43	7	0	1	0
      248	2024-01-09 07:55:45	7	0	1	0
      312	2024-01-09 07:56:49	7	0	1	0
      312	2024-01-09 07:56:51	7	0	1	0
     2597	2024-01-09 07:58:27	7	0	1	0
     2597	2024-01-09 07:58:29	7	0	1	0
      716	2024-01-09 08:01:12	7	1	1	0
      716	2024-01-09 08:01:16	7	1	1	0
      679	2024-01-09 08:02:57	7	1	1	0
      679	2024-01-09 08:03:01	7	1	1	0
     2098	2024-01-09 08:03:18	7	0	1	0
     2098	2024-01-09 08:03:20	7	0	1	0
     1124	2024-01-09 08:03:29	7	1	1	0
     1124	2024-01-09 08:03:30	7	1	1	0
     2137	2024-01-09 08:03:46	7	0	1	0
      265	2024-01-09 08:04:27	7	0	1	0
      233	2024-01-09 08:04:44	7	1	1	0
      233	2024-01-09 08:04:49	7	1	1	0
     1352	2024-01-09 08:06:24	7	1	1	0
     1352	2024-01-09 08:06:26	7	1	1	0
     1432	2024-01-09 08:06:33	7	1	1	0
     1432	2024-01-09 08:06:35	7	1	1	0
      464	2024-01-09 08:06:40	7	0	1	0
     1475	2024-01-09 08:07:39	7	0	1	0
     1475	2024-01-09 08:07:43	7	0	1	0
     2253	2024-01-09 08:08:04	7	0	1	0
     2253	2024-01-09 08:08:09	7	0	1	0
     1349	2024-01-09 08:10:42	7	1	1	0
     1349	2024-01-09 08:10:44	7	1	1	0
      310	2024-01-09 08:14:44	7	1	1	0
      310	2024-01-09 08:14:46	7	1	1	0
     1429	2024-01-09 08:24:22	7	1	1	0
     1429	2024-01-09 08:24:23	7	1	1	0
     1425	2024-01-09 08:33:13	7	0	1	0
     1425	2024-01-09 08:33:15	7	0	1	0
      874	2024-01-09 08:33:44	7	1	1	0
      874	2024-01-09 08:33:48	7	1	1	0
      311	2024-01-09 08:51:59	7	1	1	0
      311	2024-01-09 08:52:01	7	1	1	0
      672	2024-01-09 12:01:09	7	1	1	0
     2797	2024-01-09 12:01:17	7	1	1	0
     2797	2024-01-09 12:01:21	7	1	1	0
      672	2024-01-09 12:02:06	7	0	1	0
      713	2024-01-09 12:02:14	7	1	1	0
      713	2024-01-09 12:02:15	7	1	1	0
     1798	2024-01-09 12:02:44	7	1	1	0
      713	2024-01-09 12:03:05	7	0	1	0
      713	2024-01-09 12:03:06	7	0	1	0
     2797	2024-01-09 12:03:11	7	0	1	0
     2797	2024-01-09 12:03:15	7	0	1	0
      265	2024-01-09 12:06:20	7	1	1	0
      265	2024-01-09 12:07:04	7	0	1	0
     1798	2024-01-09 12:07:39	7	0	1	0
     2260	2024-01-09 12:08:51	7	1	1	0
     2260	2024-01-09 12:08:52	7	1	1	0
     2260	2024-01-09 12:09:01	7	0	1	0
     2260	2024-01-09 12:09:03	7	0	1	0
      312	2024-01-09 12:10:51	7	0	1	0
      312	2024-01-09 12:10:53	7	0	1	0
      312	2024-01-09 12:11:02	7	0	1	0
      312	2024-01-09 12:11:04	7	0	1	0
     2801	2024-01-09 12:12:09	7	1	1	0
     2801	2024-01-09 12:13:23	7	0	1	0
     1424	2024-01-09 12:19:10	7	1	1	0
     1424	2024-01-09 12:19:12	7	1	1	0
     1424	2024-01-09 12:20:18	7	0	1	0
     1424	2024-01-09 12:20:20	7	0	1	0
     1431	2024-01-09 12:21:20	7	1	1	0
     1431	2024-01-09 12:22:22	7	0	1	0
     2597	2024-01-09 12:27:58	7	1	1	0
      862	2024-01-09 12:28:02	7	1	1	0
      799	2024-01-09 12:28:05	7	1	1	0
      830	2024-01-09 12:28:08	7	1	1	0
      830	2024-01-09 12:29:04	7	0	1	0
      862	2024-01-09 12:29:07	7	0	1	0
      799	2024-01-09 12:29:14	7	0	1	0
     2597	2024-01-09 12:29:18	7	0	1	0
     2597	2024-01-09 12:29:20	7	0	1	0
      464	2024-01-09 12:40:34	7	1	1	0
      464	2024-01-09 12:41:02	7	0	1	0
     2815	2024-01-09 17:00:03	7	1	1	0
     2815	2024-01-09 17:00:05	7	1	1	0
      830	2024-01-09 17:00:07	7	1	1	0
      862	2024-01-09 17:00:09	7	1	1	0
      799	2024-01-09 17:00:12	7	1	1	0
      672	2024-01-09 17:01:06	7	1	1	0
     1431	2024-01-09 17:02:10	7	1	1	0
     2405	2024-01-09 17:02:27	7	1	1	0
     2405	2024-01-09 17:02:29	7	1	1	0
     2406	2024-01-09 17:02:35	7	1	1	0
     2406	2024-01-09 17:02:40	7	1	1	0
      713	2024-01-09 17:03:09	7	1	1	0
      713	2024-01-09 17:03:10	7	1	1	0
     2597	2024-01-09 17:04:28	7	1	1	0
     2597	2024-01-09 17:04:29	7	1	1	0
     1798	2024-01-09 17:05:03	7	1	1	0
     2260	2024-01-09 17:05:07	7	1	1	0
     2260	2024-01-09 17:05:09	7	1	1	0
     2801	2024-01-09 17:05:14	7	1	1	0
      312	2024-01-09 17:05:19	7	1	1	0
      312	2024-01-09 17:05:21	7	1	1	0
     2797	2024-01-09 17:06:02	7	1	1	0
     2797	2024-01-09 17:06:06	7	1	1	0
      464	2024-01-09 17:07:49	7	1	1	0
     1424	2024-01-09 17:11:12	7	1	1	0
     1424	2024-01-09 17:11:14	7	1	1	0
     2401	2024-01-09 17:16:10	7	1	1	0
     2401	2024-01-09 17:16:12	7	1	1	0
      265	2024-01-09 17:24:22	7	1	1	0
     1248	2024-01-09 17:43:11	7	1	1	0
     1248	2024-01-09 17:43:14	7	1	1	0
     2137	2024-01-09 17:51:37	7	1	1	0
     2802	2024-01-10 05:50:58	7	0	1	0
      816	2024-01-10 06:15:49	7	0	1	0
      816	2024-01-10 06:15:51	7	0	1	0
      248	2024-01-10 06:25:57	7	1	1	0
      248	2024-01-10 06:25:59	7	1	1	0
     2815	2024-01-10 06:26:52	7	0	1	0
     2815	2024-01-10 06:26:54	7	0	1	0
      782	2024-01-10 07:02:34	7	0	1	0
      782	2024-01-10 07:02:36	7	0	1	0
     2797	2024-01-10 07:11:03	7	0	1	0
     2797	2024-01-10 07:11:06	7	0	1	0
     1431	2024-01-10 07:31:41	7	0	1	0
      167	2024-01-10 07:33:29	7	0	1	0
      167	2024-01-10 07:33:31	7	0	1	0
     1255	2024-01-10 07:34:45	7	0	1	0
     1427	2024-01-10 07:36:36	7	0	1	0
     1427	2024-01-10 07:36:39	7	0	1	0
     2405	2024-01-10 07:37:31	7	0	1	0
     2405	2024-01-10 07:37:33	7	0	1	0
     2406	2024-01-10 07:37:38	7	0	1	0
     2406	2024-01-10 07:37:43	7	0	1	0
      437	2024-01-10 07:38:12	7	0	1	0
      720	2024-01-10 07:41:44	7	0	1	0
      720	2024-01-10 07:41:46	7	0	1	0
     2401	2024-01-10 07:43:53	7	0	1	0
     2401	2024-01-10 07:43:55	7	0	1	0
      672	2024-01-10 07:44:28	7	0	1	0
     1248	2024-01-10 07:44:33	7	0	1	0
     1248	2024-01-10 07:44:36	7	0	1	0
     2801	2024-01-10 07:44:49	7	0	1	0
     1074	2024-01-10 07:47:43	7	0	1	0
     1074	2024-01-10 07:47:44	7	0	1	0
      713	2024-01-10 07:48:53	7	0	1	0
      713	2024-01-10 07:48:54	7	0	1	0
      312	2024-01-10 07:49:09	7	0	1	0
      312	2024-01-10 07:49:12	7	0	1	0
      862	2024-01-10 07:51:55	7	0	1	0
      799	2024-01-10 07:51:59	7	0	1	0
      830	2024-01-10 07:52:02	7	0	1	0
      265	2024-01-10 07:52:42	7	0	1	0
     1798	2024-01-10 07:53:26	7	0	1	0
     2260	2024-01-10 07:54:51	7	0	1	0
     2260	2024-01-10 07:54:52	7	0	1	0
     1252	2024-01-10 07:55:14	7	0	1	0
      706	2024-01-10 07:55:56	7	0	1	0
      706	2024-01-10 07:55:58	7	0	1	0
     2137	2024-01-10 07:56:06	7	0	1	0
      881	2024-01-10 07:59:36	7	0	1	0
      881	2024-01-10 07:59:42	7	0	1	0
      881	2024-01-10 07:59:45	7	0	1	0
     2597	2024-01-10 08:03:12	7	0	1	0
     2597	2024-01-10 08:03:13	7	0	1	0
      464	2024-01-10 08:04:17	7	0	1	0
      875	2024-01-10 08:04:42	7	1	1	0
      875	2024-01-10 08:04:49	7	1	1	0
     2596	2024-01-10 08:05:13	7	1	1	0
     2596	2024-01-10 08:05:14	7	1	1	0
     2119	2024-01-10 08:05:33	7	0	1	0
     2119	2024-01-10 08:05:35	7	0	1	0
     1425	2024-01-10 08:05:43	7	1	1	0
     1425	2024-01-10 08:05:44	7	1	1	0
     1424	2024-01-10 08:05:54	7	0	1	0
     1424	2024-01-10 08:05:56	7	0	1	0
      298	2024-01-10 08:06:06	7	1	1	0
      298	2024-01-10 08:06:08	7	1	1	0
      793	2024-01-10 08:06:15	7	1	1	0
      793	2024-01-10 08:06:17	7	1	1	0
      521	2024-01-10 08:06:23	7	1	1	0
      521	2024-01-10 08:06:24	7	1	1	0
     2253	2024-01-10 08:07:25	7	1	1	0
     2253	2024-01-10 08:07:31	7	1	1	0
      751	2024-01-10 08:07:36	7	1	1	0
      751	2024-01-10 08:07:38	7	1	1	0
     1475	2024-01-10 08:12:55	7	1	1	0
     1475	2024-01-10 08:12:58	7	1	1	0
      397	2024-01-10 08:16:22	7	0	1	0
      397	2024-01-10 08:16:24	7	0	1	0
     1434	2024-01-10 08:36:04	7	1	1	0
     1434	2024-01-10 08:36:09	7	1	1	0
     1434	2024-01-10 08:36:16	7	1	1	0
     2098	2024-01-10 08:36:46	7	1	1	0
     2098	2024-01-10 08:36:49	7	1	1	0
     1798	2024-01-10 12:01:43	7	1	1	0
     2797	2024-01-10 12:01:48	7	1	1	0
     2797	2024-01-10 12:01:52	7	1	1	0
      672	2024-01-10 12:02:04	7	1	1	0
      713	2024-01-10 12:02:09	7	1	1	0
      713	2024-01-10 12:02:11	7	1	1	0
     2801	2024-01-10 12:02:17	7	1	1	0
     1798	2024-01-10 12:02:30	7	0	1	0
      672	2024-01-10 12:03:06	7	0	1	0
     2801	2024-01-10 12:03:12	7	0	1	0
     2260	2024-01-10 12:03:22	7	1	1	0
     2260	2024-01-10 12:03:23	7	1	1	0
      713	2024-01-10 12:03:31	7	0	1	0
      713	2024-01-10 12:03:32	7	0	1	0
      464	2024-01-10 12:03:49	7	1	1	0
     2797	2024-01-10 12:04:02	7	0	1	0
     2797	2024-01-10 12:04:05	7	0	1	0
     2260	2024-01-10 12:04:14	7	0	1	0
     2260	2024-01-10 12:04:15	7	0	1	0
      464	2024-01-10 12:04:20	7	0	1	0
      437	2024-01-10 12:08:49	7	1	1	0
      437	2024-01-10 12:09:02	7	0	1	0
      265	2024-01-10 12:09:22	7	1	1	0
     1424	2024-01-10 12:10:45	7	1	1	0
     1424	2024-01-10 12:10:46	7	1	1	0
     1424	2024-01-10 12:11:10	7	0	1	0
     1424	2024-01-10 12:11:11	7	0	1	0
     1431	2024-01-10 12:14:47	7	1	1	0
     1431	2024-01-10 12:15:03	7	0	1	0
      265	2024-01-10 12:22:14	7	0	1	0
     2597	2024-01-10 12:29:34	7	1	1	0
      862	2024-01-10 12:29:37	7	1	1	0
      799	2024-01-10 12:29:41	7	1	1	0
      830	2024-01-10 12:29:44	7	1	1	0
      862	2024-01-10 12:30:06	7	0	1	0
      830	2024-01-10 12:30:09	7	0	1	0
      799	2024-01-10 12:30:13	7	0	1	0
     2597	2024-01-10 12:30:16	7	0	1	0
      312	2024-01-10 12:43:12	7	0	1	0
      312	2024-01-10 12:43:16	7	0	1	0
      312	2024-01-10 12:44:04	7	0	1	0
      312	2024-01-10 12:44:05	7	0	1	0
     2815	2024-01-10 17:00:07	7	1	1	0
     2815	2024-01-10 17:00:10	7	1	1	0
      672	2024-01-10 17:01:05	7	1	1	0
     2260	2024-01-10 17:01:10	7	1	1	0
     2260	2024-01-10 17:01:12	7	1	1	0
      862	2024-01-10 17:01:35	7	1	1	0
      830	2024-01-10 17:01:37	7	1	1	0
      799	2024-01-10 17:01:39	7	1	1	0
     2597	2024-01-10 17:01:42	7	1	1	0
     2597	2024-01-10 17:01:43	7	1	1	0
     2405	2024-01-10 17:04:07	7	1	1	0
     2405	2024-01-10 17:04:09	7	1	1	0
      713	2024-01-10 17:04:17	7	1	1	0
      713	2024-01-10 17:04:18	7	1	1	0
     2801	2024-01-10 17:04:49	7	1	1	0
     1798	2024-01-10 17:05:03	7	1	1	0
      265	2024-01-10 17:05:09	7	1	1	0
     1431	2024-01-10 17:05:35	7	1	1	0
     2406	2024-01-10 17:06:27	7	1	1	0
     2406	2024-01-10 17:06:33	7	1	1	0
     2406	2024-01-10 17:06:42	7	1	1	0
      464	2024-01-10 17:07:40	7	1	1	0
     1424	2024-01-10 17:08:09	7	1	1	0
     1424	2024-01-10 17:08:10	7	1	1	0
      312	2024-01-10 17:09:49	7	0	1	0
      312	2024-01-10 17:09:51	7	0	1	0
      437	2024-01-10 17:10:15	7	1	1	0
     2797	2024-01-10 17:11:11	7	1	1	0
     2797	2024-01-10 17:11:15	7	1	1	0
     2401	2024-01-10 17:14:16	7	1	1	0
     2401	2024-01-10 17:14:19	7	1	1	0
     2137	2024-01-10 17:14:26	7	1	1	0
     1248	2024-01-10 17:34:23	7	1	1	0
     1248	2024-01-10 17:34:26	7	1	1	0
     1074	2024-01-10 17:51:36	7	1	1	0
     1074	2024-01-10 17:51:38	7	1	1	0
     2802	2024-01-10 18:01:32	7	1	1	0
      437	2024-01-10 18:19:50	7	1	1	0
     2802	2024-01-11 05:59:55	7	0	1	0
     2815	2024-01-11 06:16:48	7	0	1	0
     2815	2024-01-11 06:16:51	7	0	1	0
      310	2024-01-11 06:36:38	7	0	1	0
      310	2024-01-11 06:36:40	7	0	1	0
      310	2024-01-11 06:37:22	7	0	1	0
     2797	2024-01-11 07:06:35	7	0	1	0
     2797	2024-01-11 07:06:39	7	0	1	0
     2801	2024-01-11 07:09:27	7	0	1	0
     1352	2024-01-11 07:12:44	7	0	1	0
     1352	2024-01-11 07:12:46	7	0	1	0
      233	2024-01-11 07:18:24	7	0	1	0
      233	2024-01-11 07:18:26	7	0	1	0
      437	2024-01-11 07:19:43	7	0	1	0
     1074	2024-01-11 07:28:55	7	0	1	0
     1074	2024-01-11 07:28:57	7	0	1	0
     1432	2024-01-11 07:35:41	7	0	1	0
     1432	2024-01-11 07:35:44	7	0	1	0
     1432	2024-01-11 07:35:45	7	0	1	0
     1432	2024-01-11 07:35:47	7	0	1	0
     1349	2024-01-11 07:39:39	7	0	1	0
     1349	2024-01-11 07:39:41	7	0	1	0
     1424	2024-01-11 07:40:42	7	0	1	0
     1424	2024-01-11 07:40:44	7	0	1	0
     2401	2024-01-11 07:43:22	7	0	1	0
     2401	2024-01-11 07:43:24	7	0	1	0
     2405	2024-01-11 07:43:42	7	0	1	0
     2405	2024-01-11 07:43:44	7	0	1	0
     2406	2024-01-11 07:43:49	7	0	1	0
     2406	2024-01-11 07:43:54	7	0	1	0
     2137	2024-01-11 07:45:53	7	0	1	0
      862	2024-01-11 07:46:01	7	0	1	0
      830	2024-01-11 07:46:03	7	0	1	0
      799	2024-01-11 07:46:08	7	0	1	0
     1431	2024-01-11 07:47:09	7	0	1	0
      311	2024-01-11 07:49:02	7	0	1	0
      311	2024-01-11 07:49:05	7	0	1	0
     1798	2024-01-11 07:52:01	7	0	1	0
      713	2024-01-11 07:52:32	7	0	1	0
      713	2024-01-11 07:52:34	7	0	1	0
      672	2024-01-11 07:53:24	7	0	1	0
      265	2024-01-11 07:53:28	7	0	1	0
     2105	2024-01-11 07:56:11	7	0	1	0
     2105	2024-01-11 07:56:13	7	0	1	0
     1248	2024-01-11 07:56:21	7	0	1	0
     1248	2024-01-11 07:56:23	7	0	1	0
      312	2024-01-11 07:56:38	7	0	1	0
      312	2024-01-11 07:56:40	7	0	1	0
      874	2024-01-11 07:56:49	7	0	1	0
      874	2024-01-11 07:56:53	7	0	1	0
      716	2024-01-11 08:02:17	7	0	1	0
      716	2024-01-11 08:02:19	7	0	1	0
      679	2024-01-11 08:02:33	7	0	1	0
      679	2024-01-11 08:02:35	7	0	1	0
     1429	2024-01-11 08:02:38	7	0	1	0
     1429	2024-01-11 08:02:40	7	0	1	0
     2597	2024-01-11 08:04:08	7	0	1	0
     2597	2024-01-11 08:04:11	7	0	1	0
      464	2024-01-11 08:11:02	7	0	1	0
      782	2024-01-11 08:24:05	7	1	1	0
      782	2024-01-11 08:24:07	7	1	1	0
      816	2024-01-11 08:24:11	7	1	1	0
      816	2024-01-11 08:24:13	7	1	1	0
      167	2024-01-11 08:24:18	7	1	1	0
      167	2024-01-11 08:24:21	7	1	1	0
     1427	2024-01-11 08:24:27	7	1	1	0
     1427	2024-01-11 08:24:30	7	1	1	0
     1255	2024-01-11 08:24:38	7	1	1	0
      706	2024-01-11 08:24:44	7	1	1	0
      706	2024-01-11 08:24:46	7	1	1	0
      881	2024-01-11 08:25:02	7	1	1	0
      881	2024-01-11 08:25:04	7	1	1	0
      881	2024-01-11 08:25:06	7	1	1	0
     2119	2024-01-11 08:25:16	7	1	1	0
     2119	2024-01-11 08:25:18	7	1	1	0
     1124	2024-01-11 08:25:25	7	0	1	0
     1124	2024-01-11 08:25:26	7	0	1	0
      397	2024-01-11 08:25:31	7	1	1	0
      397	2024-01-11 08:25:33	7	1	1	0
     1252	2024-01-11 08:34:56	7	1	1	0
     2797	2024-01-11 12:01:17	7	1	1	0
     2797	2024-01-11 12:01:21	7	1	1	0
      713	2024-01-11 12:01:28	7	1	1	0
      713	2024-01-11 12:01:29	7	1	1	0
      672	2024-01-11 12:01:35	7	1	1	0
     1798	2024-01-11 12:01:42	7	1	1	0
      672	2024-01-11 12:02:05	7	0	1	0
      713	2024-01-11 12:02:20	7	0	1	0
      713	2024-01-11 12:02:21	7	0	1	0
      312	2024-01-11 12:02:36	7	0	1	0
      312	2024-01-11 12:02:37	7	0	1	0
     2797	2024-01-11 12:03:03	7	0	1	0
     2797	2024-01-11 12:03:08	7	0	1	0
      312	2024-01-11 12:03:19	7	0	1	0
      312	2024-01-11 12:03:21	7	0	1	0
     2801	2024-01-11 12:04:02	7	1	1	0
     2801	2024-01-11 12:05:04	7	0	1	0
     1798	2024-01-11 12:05:13	7	0	1	0
      265	2024-01-11 12:06:00	7	1	1	0
      265	2024-01-11 12:07:07	7	0	1	0
      464	2024-01-11 12:12:09	7	1	1	0
     1431	2024-01-11 12:12:43	7	1	1	0
      464	2024-01-11 12:13:03	7	0	1	0
     1431	2024-01-11 12:13:07	7	0	1	0
     1424	2024-01-11 12:26:07	7	1	1	0
     1424	2024-01-11 12:26:09	7	1	1	0
     1424	2024-01-11 12:27:18	7	0	1	0
     1424	2024-01-11 12:27:19	7	0	1	0
     2597	2024-01-11 12:31:11	7	1	1	0
     2597	2024-01-11 12:31:13	7	1	1	0
      862	2024-01-11 12:31:16	7	1	1	0
      830	2024-01-11 12:31:18	7	1	1	0
      799	2024-01-11 12:31:22	7	1	1	0
      437	2024-01-11 12:31:26	7	1	1	0
      437	2024-01-11 12:32:07	7	0	1	0
      830	2024-01-11 12:32:16	7	0	1	0
      862	2024-01-11 12:32:21	7	0	1	0
      862	2024-01-11 12:32:23	7	0	1	0
     2597	2024-01-11 12:32:25	7	0	1	0
     2597	2024-01-11 12:32:27	7	0	1	0
      799	2024-01-11 12:32:32	7	0	1	0
      862	2024-01-11 17:00:43	7	1	1	0
      830	2024-01-11 17:00:44	7	1	1	0
      799	2024-01-11 17:00:48	7	1	1	0
     2597	2024-01-11 17:00:51	7	1	1	0
     2597	2024-01-11 17:00:52	7	1	1	0
      672	2024-01-11 17:01:05	7	1	1	0
      312	2024-01-11 17:01:09	7	1	1	0
      312	2024-01-11 17:01:11	7	1	1	0
     1431	2024-01-11 17:01:17	7	1	1	0
     1798	2024-01-11 17:01:55	7	1	1	0
      265	2024-01-11 17:02:00	7	1	1	0
     2815	2024-01-11 17:03:34	7	1	1	0
     2815	2024-01-11 17:03:36	7	1	1	0
     2401	2024-01-11 17:05:07	7	1	1	0
     2401	2024-01-11 17:05:09	7	1	1	0
      713	2024-01-11 17:05:21	7	1	1	0
      713	2024-01-11 17:05:23	7	1	1	0
     2797	2024-01-11 17:06:34	7	1	1	0
     2797	2024-01-11 17:06:37	7	1	1	0
      464	2024-01-11 17:06:59	7	1	1	0
     2801	2024-01-11 17:07:30	7	1	1	0
     1424	2024-01-11 17:08:55	7	1	1	0
     1424	2024-01-11 17:08:57	7	1	1	0
     2406	2024-01-11 17:09:16	7	1	1	0
     2406	2024-01-11 17:09:21	7	1	1	0
     1248	2024-01-11 17:38:38	7	1	1	0
     1248	2024-01-11 17:38:40	7	1	1	0
     2405	2024-01-11 17:44:00	7	1	1	0
     2405	2024-01-11 17:44:02	7	1	1	0
      437	2024-01-11 18:24:01	7	1	1	0
     2802	2024-01-11 18:50:41	7	1	1	0
     1074	2024-01-11 19:31:37	7	1	1	0
     1074	2024-01-11 19:31:39	7	1	1	0
     2137	2024-01-11 23:12:32	7	1	1	0
     2802	2024-01-12 06:28:30	7	0	1	0
     2815	2024-01-12 06:33:01	7	0	1	0
     2815	2024-01-12 06:33:04	7	0	1	0
     2797	2024-01-12 07:09:19	7	0	1	0
     2797	2024-01-12 07:09:22	7	0	1	0
      751	2024-01-12 07:14:11	7	0	1	0
      751	2024-01-12 07:14:12	7	0	1	0
      298	2024-01-12 07:24:51	7	0	1	0
      298	2024-01-12 07:24:56	7	0	1	0
      437	2024-01-12 07:27:40	7	0	1	0
     2801	2024-01-12 07:34:47	7	0	1	0
     2596	2024-01-12 07:37:09	7	0	1	0
     2596	2024-01-12 07:37:11	7	0	1	0
     2098	2024-01-12 07:40:10	7	0	1	0
     2098	2024-01-12 07:40:14	7	0	1	0
     2401	2024-01-12 07:44:28	7	0	1	0
     2401	2024-01-12 07:44:30	7	0	1	0
     2406	2024-01-12 07:44:35	7	0	1	0
     2406	2024-01-12 07:44:41	7	0	1	0
     1074	2024-01-12 07:46:27	7	0	1	0
     1074	2024-01-12 07:46:29	7	0	1	0
      265	2024-01-12 07:48:30	7	0	1	0
      672	2024-01-12 07:48:39	7	0	1	0
     1798	2024-01-12 07:49:55	7	0	1	0
      862	2024-01-12 07:51:58	7	0	1	0
      799	2024-01-12 07:52:03	7	0	1	0
      830	2024-01-12 07:52:06	7	0	1	0
     1424	2024-01-12 07:52:12	7	0	1	0
     1424	2024-01-12 07:52:13	7	0	1	0
      713	2024-01-12 07:52:19	7	0	1	0
      713	2024-01-12 07:52:20	7	0	1	0
      875	2024-01-12 07:52:47	7	0	1	0
      793	2024-01-12 07:53:26	7	0	1	0
      793	2024-01-12 07:53:29	7	0	1	0
     2260	2024-01-12 07:55:52	7	0	1	0
     2260	2024-01-12 07:55:53	7	0	1	0
      312	2024-01-12 07:57:20	7	0	1	0
      312	2024-01-12 07:57:22	7	0	1	0
     1248	2024-01-12 07:57:55	7	0	1	0
     1248	2024-01-12 07:58:01	7	1	1	0
     1352	2024-01-12 08:01:44	7	1	1	0
     1352	2024-01-12 08:01:46	7	1	1	0
      311	2024-01-12 08:02:08	7	1	1	0
      311	2024-01-12 08:02:10	7	1	1	0
      233	2024-01-12 08:02:33	7	1	1	0
      233	2024-01-12 08:02:36	7	1	1	0
      311	2024-01-12 08:02:40	7	1	1	0
      716	2024-01-12 08:03:01	7	0	1	0
      716	2024-01-12 08:03:03	7	0	1	0
     2597	2024-01-12 08:03:09	7	0	1	0
     2597	2024-01-12 08:03:10	7	0	1	0
     2137	2024-01-12 08:03:29	7	0	1	0
      248	2024-01-12 08:03:48	7	0	1	0
      248	2024-01-12 08:03:50	7	0	1	0
      679	2024-01-12 08:04:20	7	1	1	0
      679	2024-01-12 08:04:23	7	1	1	0
     1432	2024-01-12 08:06:25	7	1	1	0
     1432	2024-01-12 08:06:28	7	1	1	0
     1432	2024-01-12 08:06:30	7	1	1	0
     2253	2024-01-12 08:06:36	7	0	1	0
     2253	2024-01-12 08:06:41	7	0	1	0
     1349	2024-01-12 08:07:02	7	1	1	0
     1349	2024-01-12 08:07:03	7	1	1	0
      521	2024-01-12 08:07:55	7	0	1	0
      521	2024-01-12 08:07:57	7	0	1	0
     2105	2024-01-12 08:09:40	7	1	1	0
     2105	2024-01-12 08:09:41	7	1	1	0
     1124	2024-01-12 08:11:01	7	1	1	0
     1124	2024-01-12 08:11:03	7	1	1	0
     1431	2024-01-12 08:11:13	7	0	1	0
      464	2024-01-12 08:12:41	7	0	1	0
     1425	2024-01-12 08:18:34	7	0	1	0
     1434	2024-01-12 08:24:02	7	0	1	0
     1434	2024-01-12 08:24:06	7	0	1	0
     1434	2024-01-12 08:24:10	7	0	1	0
     1475	2024-01-12 08:28:08	7	0	1	0
     1475	2024-01-12 08:28:10	7	0	1	0
     1429	2024-01-12 08:32:12	7	1	1	0
     1429	2024-01-12 08:32:14	7	1	1	0
      310	2024-01-12 08:32:21	7	1	1	0
      310	2024-01-12 08:32:23	7	1	1	0
      874	2024-01-12 08:35:03	7	1	1	0
      874	2024-01-12 08:35:07	7	1	1	0
      713	2024-01-12 12:04:15	7	1	1	0
      713	2024-01-12 12:04:17	7	1	1	0
     2260	2024-01-12 12:04:24	7	1	1	0
     2260	2024-01-12 12:04:26	7	1	1	0
      672	2024-01-12 12:04:34	7	1	1	0
      672	2024-01-12 12:05:08	7	0	1	0
      713	2024-01-12 12:05:14	7	0	1	0
      713	2024-01-12 12:05:15	7	0	1	0
      464	2024-01-12 12:05:22	7	1	1	0
     1424	2024-01-12 12:06:12	7	1	1	0
     1424	2024-01-12 12:06:16	7	1	1	0
     1424	2024-01-12 12:07:13	7	0	1	0
     1424	2024-01-12 12:07:15	7	0	1	0
      464	2024-01-12 12:07:29	7	0	1	0
     1798	2024-01-12 12:07:44	7	1	1	0
     1798	2024-01-12 12:08:10	7	0	1	0
      265	2024-01-12 12:10:42	7	1	1	0
      265	2024-01-12 12:11:06	7	0	1	0
     2797	2024-01-12 12:17:06	7	1	1	0
     2797	2024-01-12 12:17:09	7	1	1	0
     2797	2024-01-12 12:18:14	7	0	1	0
     2797	2024-01-12 12:18:17	7	0	1	0
     2597	2024-01-12 12:23:21	7	1	1	0
     2597	2024-01-12 12:23:22	7	1	1	0
     2597	2024-01-12 12:24:02	7	0	1	0
     2597	2024-01-12 12:24:04	7	0	1	0
      312	2024-01-12 12:26:03	7	0	1	0
      312	2024-01-12 12:26:05	7	0	1	0
      312	2024-01-12 12:27:03	7	0	1	0
      312	2024-01-12 12:27:05	7	0	1	0
     2801	2024-01-12 12:28:16	7	1	1	0
     2801	2024-01-12 12:29:12	7	0	1	0
     1431	2024-01-12 12:32:56	7	1	1	0
      862	2024-01-12 12:33:03	7	1	1	0
      830	2024-01-12 12:33:07	7	1	1	0
     1431	2024-01-12 12:33:13	7	0	1	0
      862	2024-01-12 12:34:01	7	0	1	0
      830	2024-01-12 12:34:03	7	0	1	0
      437	2024-01-12 12:54:28	7	1	1	0
      437	2024-01-12 12:55:02	7	0	1	0
     2815	2024-01-12 17:00:10	7	1	1	0
     2815	2024-01-12 17:00:12	7	1	1	0
      464	2024-01-12 17:01:03	7	1	1	0
     1431	2024-01-12 17:01:15	7	1	1	0
      672	2024-01-12 17:01:22	7	1	1	0
     1798	2024-01-12 17:02:21	7	1	1	0
      437	2024-01-12 17:02:26	7	1	1	0
      312	2024-01-12 17:02:33	7	1	1	0
      312	2024-01-12 17:02:35	7	1	1	0
      830	2024-01-12 17:03:03	7	1	1	0
      862	2024-01-12 17:03:09	7	1	1	0
     2597	2024-01-12 17:03:11	7	1	1	0
     2597	2024-01-12 17:03:12	7	1	1	0
      713	2024-01-12 17:03:29	7	1	1	0
      713	2024-01-12 17:03:31	7	1	1	0
     2797	2024-01-12 17:03:36	7	1	1	0
     2797	2024-01-12 17:03:40	7	1	1	0
     1424	2024-01-12 17:04:17	7	1	1	0
     1424	2024-01-12 17:04:19	7	1	1	0
     2801	2024-01-12 17:05:29	7	1	1	0
     1248	2024-01-12 17:12:30	7	1	1	0
     1248	2024-01-12 17:12:32	7	1	1	0
     2406	2024-01-12 17:20:03	7	0	1	0
     2406	2024-01-12 17:20:09	7	1	1	0
     2406	2024-01-12 17:20:13	7	1	1	0
     2137	2024-01-12 18:01:09	7	1	1	0
     2401	2024-01-12 18:01:22	7	1	1	0
     2401	2024-01-12 18:01:24	7	1	1	0
      799	2024-01-12 18:47:09	7	1	1	0
     2802	2024-01-12 19:15:26	7	1	1	0
      265	2024-01-12 19:40:33	7	1	1	0
     1074	2024-01-12 20:58:28	7	1	1	0
     1074	2024-01-12 20:58:29	7	1	1	0
      816	2024-01-13 07:12:27	7	0	1	0
      816	2024-01-13 07:12:33	7	0	1	0
      706	2024-01-13 07:29:40	7	0	1	0
     1434	2024-01-13 07:30:08	7	1	1	0
     1434	2024-01-13 07:30:12	7	1	1	0
     1434	2024-01-13 07:30:17	7	1	1	0
     1074	2024-01-13 07:30:41	7	0	1	0
     1074	2024-01-13 07:30:43	7	0	1	0
     1252	2024-01-13 07:38:39	7	0	1	0
     1427	2024-01-13 07:39:13	7	0	1	0
     1427	2024-01-13 07:39:16	7	0	1	0
     2406	2024-01-13 07:39:44	7	0	1	0
     2406	2024-01-13 07:39:52	7	0	1	0
     1255	2024-01-13 07:45:40	7	0	1	0
      881	2024-01-13 07:57:07	7	0	1	0
      881	2024-01-13 07:57:09	7	0	1	0
      881	2024-01-13 07:57:12	7	0	1	0
      720	2024-01-13 07:58:42	7	0	1	0
      720	2024-01-13 07:58:44	7	0	1	0
      782	2024-01-13 07:59:54	7	0	1	0
      782	2024-01-13 08:00:00	7	0	1	0
      875	2024-01-13 08:01:46	7	1	1	0
      298	2024-01-13 08:02:04	7	1	1	0
      298	2024-01-13 08:02:06	7	1	1	0
      793	2024-01-13 08:02:42	7	1	1	0
      793	2024-01-13 08:02:45	7	1	1	0
      751	2024-01-13 08:03:04	7	1	1	0
      751	2024-01-13 08:03:06	7	1	1	0
     2098	2024-01-13 08:03:15	7	1	1	0
     2098	2024-01-13 08:03:17	7	1	1	0
     1475	2024-01-13 08:04:11	7	1	1	0
     1475	2024-01-13 08:04:13	7	1	1	0
      397	2024-01-13 08:05:16	7	0	1	0
      397	2024-01-13 08:05:18	7	0	1	0
     1425	2024-01-13 08:08:10	7	1	1	0
     1425	2024-01-13 08:08:11	7	1	1	0
      521	2024-01-13 08:10:18	7	0	1	0
     2119	2024-01-13 08:10:28	7	0	1	0
     2119	2024-01-13 08:10:30	7	0	1	0
     2253	2024-01-13 08:11:20	7	1	1	0
     2253	2024-01-13 08:11:25	7	1	1	0
     2596	2024-01-13 08:13:49	7	1	1	0
     2596	2024-01-13 08:13:50	7	1	1	0
      167	2024-01-13 08:22:48	7	0	1	0
      167	2024-01-13 08:22:50	7	0	1	0
      248	2024-01-13 08:31:10	7	1	1	0
      248	2024-01-13 08:31:12	7	1	1	0
     2406	2024-01-13 17:00:07	7	1	1	0
     2406	2024-01-13 17:00:12	7	1	1	0
      751	2024-01-13 18:12:54	7	4	1	0
      751	2024-01-13 18:12:56	7	4	1	0
     1425	2024-01-13 18:14:58	7	0	1	0
     1425	2024-01-13 18:15:00	7	0	1	0
     2801	2024-01-13 18:18:40	7	4	1	0
     1424	2024-01-13 18:18:46	7	4	1	0
     1424	2024-01-13 18:18:48	7	4	1	0
     2253	2024-01-13 18:19:09	7	4	1	0
      713	2024-01-13 18:19:45	7	4	1	0
      310	2024-01-13 18:29:20	7	4	1	0
      310	2024-01-13 18:29:22	7	4	1	0
      248	2024-01-13 18:29:27	7	4	1	0
      248	2024-01-13 18:29:29	7	4	1	0
      464	2024-01-13 18:29:47	7	4	1	0
     1077	2024-01-13 18:30:50	7	4	1	0
     1352	2024-01-13 18:30:55	7	4	1	0
     1429	2024-01-13 18:31:00	7	4	1	0
     1429	2024-01-13 18:31:02	7	4	1	0
      793	2024-01-13 18:38:30	7	4	1	0
      793	2024-01-13 18:38:33	7	4	1	0
      875	2024-01-13 18:40:11	7	4	1	0
      521	2024-01-13 18:40:21	7	4	1	0
     1434	2024-01-13 18:43:04	7	4	1	0
     1434	2024-01-13 18:43:08	7	4	1	0
      874	2024-01-13 18:47:18	7	4	1	0
      874	2024-01-13 18:47:22	7	4	1	0
      311	2024-01-13 18:47:24	7	4	1	0
      311	2024-01-13 18:47:26	7	4	1	0
     1349	2024-01-13 18:48:59	7	4	1	0
     1349	2024-01-13 18:49:01	7	4	1	0
     1432	2024-01-13 18:51:18	7	0	1	0
     1432	2024-01-13 18:51:21	7	0	1	0
     2596	2024-01-13 18:59:26	7	4	1	0
     2596	2024-01-13 18:59:28	7	4	1	0
     2098	2024-01-13 19:08:18	7	0	1	0
     2098	2024-01-13 19:08:32	7	4	1	0
     2098	2024-01-13 19:08:34	7	4	1	0
     2064	2024-01-13 19:11:43	7	4	1	0
     2064	2024-01-13 19:11:46	7	4	1	0
     1074	2024-01-13 19:23:31	7	1	1	0
     1074	2024-01-13 19:23:33	7	1	1	0
      716	2024-01-13 19:40:59	7	0	1	0
      716	2024-01-13 19:41:10	7	4	1	0
      679	2024-01-13 20:07:13	7	0	1	0
     1431	2024-01-13 20:18:30	7	0	1	0
     2064	2024-01-14 00:00:06	7	1	1	0
     2064	2024-01-14 00:00:12	7	5	1	0
     2064	2024-01-14 00:00:14	7	5	1	0
      248	2024-01-14 00:32:11	7	5	1	0
      248	2024-01-14 00:32:13	7	5	1	0
      874	2024-01-14 00:32:18	7	5	1	0
      874	2024-01-14 00:32:23	7	5	1	0
     2801	2024-01-14 00:32:30	7	5	1	0
     1431	2024-01-14 00:32:37	7	5	1	0
     1425	2024-01-14 00:32:43	7	5	1	0
     1425	2024-01-14 00:32:45	7	5	1	0
      679	2024-01-14 00:32:50	7	5	1	0
      751	2024-01-14 00:33:09	7	5	1	0
      751	2024-01-14 00:33:11	7	5	1	0
     2596	2024-01-14 00:33:17	7	5	1	0
     2596	2024-01-14 00:33:19	7	5	1	0
     1349	2024-01-14 00:33:32	7	5	1	0
     1349	2024-01-14 00:33:34	7	5	1	0
      793	2024-01-14 00:33:47	7	5	1	0
      793	2024-01-14 00:33:50	7	5	1	0
      310	2024-01-14 00:34:08	7	5	1	0
      310	2024-01-14 00:34:10	7	5	1	0
     1432	2024-01-14 00:34:18	7	1	1	0
     1432	2024-01-14 00:34:20	7	1	1	0
     1432	2024-01-14 00:34:24	7	1	1	0
      875	2024-01-14 00:34:33	7	5	1	0
     1432	2024-01-14 00:34:39	7	5	1	0
     1432	2024-01-14 00:34:41	7	5	1	0
      875	2024-01-14 00:34:45	7	5	1	0
     1429	2024-01-14 00:34:58	7	5	1	0
     1429	2024-01-14 00:35:00	7	5	1	0
     1352	2024-01-14 00:35:06	7	5	1	0
     1352	2024-01-14 00:35:08	7	5	1	0
      311	2024-01-14 00:35:17	7	5	1	0
      311	2024-01-14 00:35:20	7	5	1	0
      521	2024-01-14 00:37:24	7	0	1	0
      521	2024-01-14 00:37:26	7	0	1	0
      716	2024-01-14 00:38:01	7	5	1	0
      521	2024-01-14 00:38:06	7	5	1	0
     2253	2024-01-14 00:38:14	7	5	1	0
     1424	2024-01-14 00:39:16	7	5	1	0
     1424	2024-01-14 00:39:18	7	5	1	0
      437	2024-01-14 00:39:22	7	5	1	0
      713	2024-01-14 00:45:26	7	5	1	0
     1077	2024-01-14 00:47:00	7	5	1	0
     2098	2024-01-14 01:23:25	7	5	1	0
     2098	2024-01-14 01:23:28	7	5	1	0
     1432	2024-01-14 05:41:08	7	0	1	0
     1432	2024-01-14 05:41:10	7	0	1	0
     1432	2024-01-14 05:41:12	7	0	1	0
      397	2024-01-14 06:05:28	7	0	1	0
      397	2024-01-14 06:05:30	7	0	1	0
      679	2024-01-14 06:43:08	7	0	1	0
      679	2024-01-14 06:43:11	7	0	1	0
     1352	2024-01-14 07:14:56	7	0	1	0
     1352	2024-01-14 07:14:59	7	0	1	0
      233	2024-01-14 07:31:40	7	0	1	0
      233	2024-01-14 07:31:42	7	0	1	0
      310	2024-01-14 07:36:22	7	0	1	0
      310	2024-01-14 07:36:25	7	0	1	0
      437	2024-01-14 07:43:57	7	0	1	0
     2405	2024-01-14 07:44:43	7	0	1	0
     2405	2024-01-14 07:44:45	7	0	1	0
      311	2024-01-14 07:47:48	7	0	1	0
      311	2024-01-14 07:47:53	7	0	1	0
      464	2024-01-14 07:53:35	7	5	1	0
      716	2024-01-14 07:55:05	7	0	1	0
      716	2024-01-14 07:55:07	7	0	1	0
     1349	2024-01-14 07:56:27	7	0	1	0
     1349	2024-01-14 07:56:29	7	0	1	0
      874	2024-01-14 07:58:46	7	0	1	0
      874	2024-01-14 07:58:50	7	0	1	0
      782	2024-01-14 08:01:08	7	1	1	0
      782	2024-01-14 08:01:10	7	1	1	0
     2105	2024-01-14 08:01:35	7	0	1	0
     2105	2024-01-14 08:01:36	7	0	1	0
     1255	2024-01-14 08:01:44	7	1	1	0
     1429	2024-01-14 08:02:24	7	0	1	0
     1429	2024-01-14 08:02:27	7	0	1	0
     2119	2024-01-14 08:02:49	7	1	1	0
     2119	2024-01-14 08:02:50	7	1	1	0
     1475	2024-01-14 08:04:18	7	0	1	0
     1475	2024-01-14 08:04:23	7	0	1	0
      720	2024-01-14 08:05:44	7	1	1	0
      720	2024-01-14 08:05:45	7	1	1	0
      816	2024-01-14 08:06:01	7	1	1	0
      816	2024-01-14 08:06:04	7	1	1	0
      881	2024-01-14 08:06:39	7	1	1	0
      881	2024-01-14 08:06:41	7	1	1	0
      706	2024-01-14 08:06:46	7	1	1	0
      706	2024-01-14 08:06:49	7	1	1	0
      706	2024-01-14 08:08:01	7	1	1	0
      706	2024-01-14 08:08:06	7	1	1	0
     1252	2024-01-14 08:09:57	7	1	1	0
     1427	2024-01-14 08:10:04	7	1	1	0
     1427	2024-01-14 08:10:07	7	1	1	0
      167	2024-01-14 08:13:23	7	1	1	0
      167	2024-01-14 08:13:25	7	1	1	0
      437	2024-01-14 11:04:38	7	1	1	0
     2405	2024-01-14 17:02:15	7	1	1	0
     2405	2024-01-14 17:02:17	7	1	1	0
     2802	2024-01-15 05:58:11	7	0	1	0
     2815	2024-01-15 06:04:00	7	0	1	0
     2815	2024-01-15 06:04:02	7	0	1	0
     2098	2024-01-15 07:05:23	7	0	1	0
     2098	2024-01-15 07:05:26	7	0	1	0
     2797	2024-01-15 07:09:07	7	0	1	0
     2797	2024-01-15 07:09:10	7	0	1	0
      751	2024-01-15 07:13:00	7	0	1	0
      751	2024-01-15 07:13:02	7	0	1	0
      298	2024-01-15 07:21:59	7	0	1	0
      298	2024-01-15 07:22:00	7	0	1	0
     2596	2024-01-15 07:25:07	7	0	1	0
     2596	2024-01-15 07:25:09	7	0	1	0
      437	2024-01-15 07:39:33	7	0	1	0
     2401	2024-01-15 07:41:34	7	0	1	0
     2401	2024-01-15 07:41:36	7	0	1	0
     2253	2024-01-15 07:42:26	7	0	1	0
     2253	2024-01-15 07:42:31	7	0	1	0
     2801	2024-01-15 07:42:40	7	0	1	0
     1077	2024-01-15 07:43:53	7	0	1	0
      862	2024-01-15 07:44:27	7	0	1	0
      830	2024-01-15 07:44:32	7	0	1	0
      799	2024-01-15 07:44:36	7	0	1	0
     2064	2024-01-15 07:45:41	7	0	1	0
     2064	2024-01-15 07:45:45	7	0	1	0
      672	2024-01-15 07:47:09	7	0	1	0
      464	2024-01-15 07:48:04	7	0	1	0
     1798	2024-01-15 07:50:15	7	0	1	0
     2137	2024-01-15 07:50:19	7	0	1	0
     1431	2024-01-15 07:50:50	7	0	1	0
      312	2024-01-15 07:52:01	7	0	1	0
      312	2024-01-15 07:52:03	7	0	1	0
      312	2024-01-15 07:52:05	7	0	1	0
      875	2024-01-15 07:52:10	7	0	1	0
     2260	2024-01-15 07:54:29	7	0	1	0
     2260	2024-01-15 07:54:31	7	0	1	0
      521	2024-01-15 07:54:44	7	0	1	0
      521	2024-01-15 07:54:46	7	0	1	0
      248	2024-01-15 07:56:34	7	0	1	0
      248	2024-01-15 07:56:36	7	0	1	0
      713	2024-01-15 07:57:39	7	0	1	0
      713	2024-01-15 07:57:40	7	0	1	0
      793	2024-01-15 07:58:05	7	0	1	0
      793	2024-01-15 07:58:08	7	0	1	0
      265	2024-01-15 07:59:23	7	0	1	0
     2597	2024-01-15 08:00:17	7	0	1	0
     2597	2024-01-15 08:00:19	7	0	1	0
     1352	2024-01-15 08:01:07	7	1	1	0
     1352	2024-01-15 08:01:09	7	1	1	0
     1432	2024-01-15 08:01:13	7	1	1	0
     1432	2024-01-15 08:01:21	7	1	1	0
     1248	2024-01-15 08:01:27	7	1	1	0
     1248	2024-01-15 08:01:32	7	0	1	0
     1248	2024-01-15 08:01:33	7	0	1	0
     1248	2024-01-15 08:01:34	7	0	1	0
     1349	2024-01-15 08:01:40	7	1	1	0
     1349	2024-01-15 08:01:41	7	1	1	0
     1429	2024-01-15 08:03:08	7	1	1	0
     1429	2024-01-15 08:03:09	7	1	1	0
     2105	2024-01-15 08:03:43	7	1	1	0
     2105	2024-01-15 08:03:44	7	1	1	0
      716	2024-01-15 08:04:01	7	0	1	0
      716	2024-01-15 08:04:02	7	0	1	0
      874	2024-01-15 08:05:41	7	1	1	0
      874	2024-01-15 08:05:45	7	1	1	0
      679	2024-01-15 08:05:58	7	1	1	0
      679	2024-01-15 08:06:00	7	1	1	0
      233	2024-01-15 08:11:05	7	1	1	0
      233	2024-01-15 08:11:08	7	1	1	0
      310	2024-01-15 08:11:14	7	1	1	0
      310	2024-01-15 08:11:17	7	1	1	0
      311	2024-01-15 08:11:28	7	1	1	0
      311	2024-01-15 08:11:30	7	1	1	0
     1434	2024-01-15 08:16:23	7	0	1	0
     1434	2024-01-15 08:16:27	7	0	1	0
     1434	2024-01-15 08:16:32	7	0	1	0
     1124	2024-01-15 08:16:41	7	0	1	0
     1124	2024-01-15 08:16:45	7	0	1	0
     1074	2024-01-15 08:20:19	7	0	1	0
     1074	2024-01-15 08:20:21	7	0	1	0
     1425	2024-01-15 08:23:24	7	0	1	0
     1425	2024-01-15 08:23:26	7	0	1	0
     2797	2024-01-15 12:01:31	7	1	1	0
     2797	2024-01-15 12:01:37	7	1	1	0
     2797	2024-01-15 12:03:05	7	0	1	0
     2797	2024-01-15 12:03:10	7	0	1	0
      265	2024-01-15 12:12:50	7	1	1	0
      265	2024-01-15 12:13:02	7	0	1	0
     1798	2024-01-15 12:13:45	7	1	1	0
     2260	2024-01-15 12:14:31	7	1	1	0
     2260	2024-01-15 12:14:35	7	1	1	0
     1431	2024-01-15 12:14:43	7	1	1	0
     2260	2024-01-15 12:15:09	7	0	1	0
     2260	2024-01-15 12:15:10	7	0	1	0
     1431	2024-01-15 12:15:17	7	0	1	0
     1798	2024-01-15 12:19:42	7	0	1	0
      862	2024-01-15 12:23:55	7	1	1	0
     2597	2024-01-15 12:23:56	7	1	1	0
      799	2024-01-15 12:24:01	7	1	1	0
      830	2024-01-15 12:24:06	7	1	1	0
      862	2024-01-15 12:25:02	7	0	1	0
      830	2024-01-15 12:25:07	7	0	1	0
      799	2024-01-15 12:25:11	7	0	1	0
     2597	2024-01-15 12:25:14	7	0	1	0
      437	2024-01-15 12:25:19	7	1	1	0
      437	2024-01-15 12:26:03	7	0	1	0
      312	2024-01-15 12:26:42	7	0	1	0
      312	2024-01-15 12:26:44	7	0	1	0
      312	2024-01-15 12:27:03	7	0	1	0
      312	2024-01-15 12:27:05	7	0	1	0
      713	2024-01-15 12:27:18	7	1	1	0
      713	2024-01-15 12:27:19	7	1	1	0
      713	2024-01-15 12:28:03	7	0	1	0
      713	2024-01-15 12:28:04	7	0	1	0
      672	2024-01-15 12:28:12	7	1	1	0
      672	2024-01-15 12:29:05	7	0	1	0
     2801	2024-01-15 12:32:53	7	1	1	0
     2801	2024-01-15 12:34:06	7	0	1	0
     1077	2024-01-15 12:50:45	7	1	1	0
     1077	2024-01-15 12:51:10	7	0	1	0
     2064	2024-01-15 12:52:07	7	1	1	0
     2064	2024-01-15 12:53:03	7	0	1	0
      464	2024-01-15 12:58:49	7	1	1	0
      464	2024-01-15 12:59:08	7	0	1	0
     2815	2024-01-15 17:00:18	7	1	1	0
     2815	2024-01-15 17:00:20	7	1	1	0
     1798	2024-01-15 17:01:03	7	1	1	0
      672	2024-01-15 17:01:16	7	1	1	0
     2801	2024-01-15 17:01:23	7	1	1	0
      713	2024-01-15 17:03:10	7	1	1	0
      713	2024-01-15 17:03:11	7	1	1	0
      862	2024-01-15 17:05:04	7	1	1	0
      830	2024-01-15 17:05:06	7	1	1	0
      799	2024-01-15 17:05:09	7	1	1	0
     2597	2024-01-15 17:05:36	7	1	1	0
     2597	2024-01-15 17:05:37	7	1	1	0
     2797	2024-01-15 17:06:03	7	1	1	0
     2797	2024-01-15 17:06:07	7	1	1	0
      464	2024-01-15 17:07:30	7	1	1	0
     1077	2024-01-15 17:08:12	7	1	1	0
     2137	2024-01-15 17:15:53	7	1	1	0
      312	2024-01-15 17:19:25	7	0	1	0
      312	2024-01-15 17:19:27	7	0	1	0
     2401	2024-01-15 17:20:56	7	1	1	0
     2401	2024-01-15 17:20:58	7	1	1	0
     2260	2024-01-15 17:21:14	7	1	1	0
     2260	2024-01-15 17:21:16	7	1	1	0
     2802	2024-01-15 17:29:15	7	1	1	0
     1248	2024-01-15 17:43:20	7	1	1	0
     1248	2024-01-15 17:43:37	7	1	1	0
     1248	2024-01-15 17:43:40	7	1	1	0
     1431	2024-01-15 17:45:02	7	1	1	0
      437	2024-01-15 17:54:44	7	1	1	0
      265	2024-01-15 18:37:10	7	1	1	0
      437	2024-01-15 20:49:56	7	1	1	0
      437	2024-01-16 06:17:53	7	0	1	0
      437	2024-01-16 06:18:23	7	0	1	0
     2815	2024-01-16 06:20:48	7	0	1	0
     2815	2024-01-16 06:20:50	7	0	1	0
     2802	2024-01-16 06:30:48	7	0	1	0
     1798	2024-01-16 06:39:08	7	0	1	0
     1077	2024-01-16 07:27:49	7	0	1	0
      672	2024-01-16 07:32:21	7	0	1	0
      720	2024-01-16 07:38:16	7	0	1	0
      720	2024-01-16 07:38:18	7	0	1	0
     1427	2024-01-16 07:47:34	7	0	1	0
     1427	2024-01-16 07:47:36	7	0	1	0
     1432	2024-01-16 07:51:04	7	1	1	0
     1432	2024-01-16 07:51:06	7	1	1	0
      782	2024-01-16 07:51:40	7	0	1	0
      782	2024-01-16 07:51:42	7	0	1	0
      312	2024-01-16 07:52:36	7	0	1	0
      312	2024-01-16 07:52:51	7	0	1	0
      713	2024-01-16 07:53:59	7	0	1	0
      713	2024-01-16 07:54:00	7	0	1	0
     2098	2024-01-16 08:02:53	7	1	1	0
     2098	2024-01-16 08:02:55	7	1	1	0
      875	2024-01-16 08:03:03	7	1	1	0
      298	2024-01-16 08:03:09	7	1	1	0
      298	2024-01-16 08:03:11	7	1	1	0
      298	2024-01-16 08:03:13	7	1	1	0
     1255	2024-01-16 08:03:22	7	0	1	0
      793	2024-01-16 08:03:37	7	1	1	0
      793	2024-01-16 08:03:40	7	1	1	0
      751	2024-01-16 08:03:57	7	1	1	0
      751	2024-01-16 08:04:02	7	1	1	0
      751	2024-01-16 08:04:13	7	1	1	0
     2253	2024-01-16 08:05:28	7	1	1	0
     2253	2024-01-16 08:05:33	7	1	1	0
      706	2024-01-16 08:05:55	7	0	1	0
      706	2024-01-16 08:05:57	7	0	1	0
     1425	2024-01-16 08:06:09	7	1	1	0
     1425	2024-01-16 08:06:11	7	1	1	0
      311	2024-01-16 08:06:56	7	4	1	0
      716	2024-01-16 08:07:30	7	0	1	0
      716	2024-01-16 08:07:39	7	4	1	0
     1425	2024-01-16 08:07:47	7	4	1	0
      521	2024-01-16 08:09:33	7	0	1	0
      751	2024-01-16 08:09:51	7	4	1	0
      751	2024-01-16 08:09:53	7	4	1	0
      521	2024-01-16 08:10:03	7	4	1	0
     2253	2024-01-16 08:10:14	7	4	1	0
      248	2024-01-16 08:10:35	7	1	1	0
      248	2024-01-16 08:10:37	7	1	1	0
     1124	2024-01-16 08:11:37	7	1	1	0
     1124	2024-01-16 08:11:45	7	1	1	0
      881	2024-01-16 08:11:54	7	0	1	0
      881	2024-01-16 08:11:56	7	0	1	0
      881	2024-01-16 08:11:58	7	0	1	0
     2801	2024-01-16 08:12:03	7	0	1	0
     1431	2024-01-16 08:12:08	7	0	1	0
      248	2024-01-16 08:12:44	7	4	1	0
      248	2024-01-16 08:12:46	7	4	1	0
     2596	2024-01-16 08:14:58	7	1	1	0
     2596	2024-01-16 08:15:00	7	1	1	0
     1352	2024-01-16 08:17:28	7	4	1	0
     1352	2024-01-16 08:17:33	7	4	1	0
      397	2024-01-16 08:19:39	7	0	1	0
      397	2024-01-16 08:19:41	7	0	1	0
      875	2024-01-16 08:23:01	7	4	1	0
     2596	2024-01-16 08:23:10	7	4	1	0
     2596	2024-01-16 08:23:13	7	4	1	0
      167	2024-01-16 08:23:37	7	0	1	0
      167	2024-01-16 08:23:39	7	0	1	0
     1252	2024-01-16 08:30:37	7	0	1	0
     2119	2024-01-16 08:33:03	7	0	1	0
     2119	2024-01-16 08:33:05	7	0	1	0
      310	2024-01-16 08:35:23	7	4	1	0
      310	2024-01-16 08:35:26	7	4	1	0
     1434	2024-01-16 08:39:12	7	1	1	0
     1434	2024-01-16 08:39:16	7	1	1	0
     2064	2024-01-16 08:39:34	7	0	1	0
     2064	2024-01-16 08:39:39	7	4	1	0
      233	2024-01-16 08:39:46	7	4	1	0
      233	2024-01-16 08:39:49	7	4	1	0
     1434	2024-01-16 08:40:04	7	4	1	0
     1434	2024-01-16 08:40:08	7	4	1	0
     2098	2024-01-16 08:40:56	7	4	1	0
     2098	2024-01-16 08:41:04	7	4	1	0
      816	2024-01-16 10:00:52	7	0	1	0
      816	2024-01-16 10:00:53	7	0	1	0
      874	2024-01-16 10:24:16	7	4	1	0
      874	2024-01-16 10:24:21	7	4	1	0
     2105	2024-01-16 10:39:34	7	0	1	0
     2105	2024-01-16 10:39:36	7	0	1	0
     2105	2024-01-16 10:39:38	7	0	1	0
     2105	2024-01-16 10:40:34	7	4	1	0
      464	2024-01-16 10:46:16	7	0	1	0
     1798	2024-01-16 12:10:31	7	1	1	0
     1798	2024-01-16 12:11:29	7	0	1	0
     2801	2024-01-16 12:14:15	7	1	1	0
     1429	2024-01-16 12:14:29	7	4	1	0
     1429	2024-01-16 12:14:31	7	4	1	0
     2801	2024-01-16 12:15:05	7	0	1	0
     2797	2024-01-16 12:31:22	7	0	1	0
     2797	2024-01-16 12:31:25	7	0	1	0
     1349	2024-01-16 15:21:41	7	4	1	0
     1349	2024-01-16 15:21:43	7	4	1	0
     2802	2024-01-16 18:13:25	7	1	1	0
     1432	2024-01-16 18:15:54	7	5	1	0
     1432	2024-01-16 18:15:55	7	5	1	0
     1432	2024-01-16 18:15:57	7	5	1	0
     2797	2024-01-16 22:00:27	7	1	1	0
     2797	2024-01-16 22:00:39	7	1	1	0
     1434	2024-01-16 22:09:04	7	5	1	0
     1434	2024-01-16 22:09:08	7	5	1	0
      672	2024-01-16 22:26:39	7	1	1	0
      311	2024-01-16 22:27:00	7	5	1	0
     1431	2024-01-16 22:27:05	7	5	1	0
      233	2024-01-16 22:27:14	7	5	1	0
      233	2024-01-16 22:27:16	7	5	1	0
      310	2024-01-16 22:27:21	7	5	1	0
      310	2024-01-16 22:27:24	7	5	1	0
      248	2024-01-16 22:27:29	7	5	1	0
      248	2024-01-16 22:27:31	7	5	1	0
      751	2024-01-16 22:27:36	7	5	1	0
      751	2024-01-16 22:27:38	7	5	1	0
     1425	2024-01-16 22:27:44	7	5	1	0
     2105	2024-01-16 22:27:51	7	5	1	0
     2105	2024-01-16 22:27:53	7	5	1	0
     1352	2024-01-16 22:29:06	7	1	1	0
     1352	2024-01-16 22:29:08	7	1	1	0
     2253	2024-01-16 22:29:35	7	5	1	0
      312	2024-01-16 22:30:16	7	0	1	0
      312	2024-01-16 22:30:27	7	1	1	0
     1429	2024-01-16 22:30:41	7	5	1	0
     1429	2024-01-16 22:30:42	7	5	1	0
      521	2024-01-16 22:31:08	7	1	1	0
      521	2024-01-16 22:31:13	7	1	1	0
     2801	2024-01-16 22:31:21	7	1	1	0
      874	2024-01-16 22:31:30	7	1	1	0
      874	2024-01-16 22:31:35	7	1	1	0
     1077	2024-01-16 22:33:05	7	1	1	0
      875	2024-01-16 22:33:24	7	5	1	0
     2098	2024-01-16 22:34:43	7	5	1	0
     2098	2024-01-16 22:34:45	7	5	1	0
      716	2024-01-16 22:35:23	7	5	1	0
     1798	2024-01-16 22:36:41	7	1	1	0
      713	2024-01-16 22:36:49	7	1	1	0
      713	2024-01-16 22:36:51	7	1	1	0
     2064	2024-01-16 22:37:17	7	1	1	0
     2064	2024-01-16 22:37:23	7	5	1	0
     2064	2024-01-16 22:37:30	7	5	1	0
     2064	2024-01-16 22:37:34	7	5	1	0
     2596	2024-01-16 22:37:40	7	5	1	0
     2596	2024-01-16 22:37:42	7	5	1	0
      464	2024-01-16 22:39:19	7	1	1	0
     1349	2024-01-16 23:15:01	7	5	1	0
     1349	2024-01-16 23:15:02	7	5	1	0
      437	2024-01-16 23:57:03	7	1	1	0
     2815	2024-01-17 05:59:51	7	0	1	0
     2815	2024-01-17 05:59:53	7	0	1	0
     2802	2024-01-17 06:12:26	7	0	1	0
     1352	2024-01-17 06:18:52	7	0	1	0
     1352	2024-01-17 06:18:54	7	0	1	0
     1352	2024-01-17 06:18:59	7	0	1	0
      310	2024-01-17 06:42:17	7	0	1	0
      310	2024-01-17 06:42:19	7	0	1	0
      310	2024-01-17 06:42:41	7	0	1	0
     2064	2024-01-17 06:49:30	7	0	1	0
     2064	2024-01-17 06:49:32	7	0	1	0
     2797	2024-01-17 07:15:02	7	0	1	0
     2797	2024-01-17 07:15:07	7	0	1	0
     1252	2024-01-17 07:23:48	7	1	1	0
     1424	2024-01-17 07:26:29	7	0	1	0
     1424	2024-01-17 07:26:33	7	0	1	0
      672	2024-01-17 07:30:35	7	0	1	0
     1077	2024-01-17 07:34:59	7	0	1	0
     2801	2024-01-17 07:37:19	7	0	1	0
     2405	2024-01-17 07:38:19	7	0	1	0
     2405	2024-01-17 07:38:21	7	0	1	0
     2406	2024-01-17 07:38:27	7	0	1	0
     2406	2024-01-17 07:38:31	7	0	1	0
     1798	2024-01-17 07:40:23	7	0	1	0
     2401	2024-01-17 07:45:33	7	0	1	0
     2401	2024-01-17 07:45:35	7	0	1	0
      862	2024-01-17 07:45:52	7	0	1	0
      830	2024-01-17 07:45:54	7	0	1	0
      799	2024-01-17 07:45:56	7	0	1	0
     1432	2024-01-17 07:46:58	7	0	1	0
     1432	2024-01-17 07:47:01	7	0	1	0
      311	2024-01-17 07:47:09	7	0	1	0
      311	2024-01-17 07:47:14	7	0	1	0
      713	2024-01-17 07:51:21	7	0	1	0
      713	2024-01-17 07:51:22	7	0	1	0
     2137	2024-01-17 07:51:39	7	0	1	0
      312	2024-01-17 07:52:05	7	0	1	0
      312	2024-01-17 07:52:07	7	0	1	0
     1431	2024-01-17 07:52:16	7	0	1	0
     1431	2024-01-17 07:52:18	7	0	1	0
      464	2024-01-17 07:52:27	7	0	1	0
     1475	2024-01-17 07:52:48	7	0	1	0
     1475	2024-01-17 07:52:53	7	0	1	0
     1248	2024-01-17 07:53:03	7	0	1	0
     1248	2024-01-17 07:53:06	7	0	1	0
      265	2024-01-17 07:56:11	7	0	1	0
     2105	2024-01-17 07:56:18	7	0	1	0
     2105	2024-01-17 07:56:20	7	0	1	0
     1349	2024-01-17 07:56:43	7	0	1	0
     1349	2024-01-17 07:56:46	7	0	1	0
     2597	2024-01-17 07:58:22	7	0	1	0
     2597	2024-01-17 07:58:25	7	0	1	0
      716	2024-01-17 07:59:59	7	0	1	0
      716	2024-01-17 08:00:03	7	0	1	0
      720	2024-01-17 08:02:33	7	1	1	0
      720	2024-01-17 08:02:38	7	1	1	0
     1429	2024-01-17 08:03:18	7	0	1	0
     1429	2024-01-17 08:03:22	7	0	1	0
     2119	2024-01-17 08:04:30	7	1	1	0
     2119	2024-01-17 08:04:32	7	1	1	0
     2260	2024-01-17 08:05:07	7	0	1	0
     2260	2024-01-17 08:05:09	7	0	1	0
      782	2024-01-17 08:07:42	7	1	1	0
      782	2024-01-17 08:07:44	7	1	1	0
      679	2024-01-17 08:07:59	7	0	1	0
      679	2024-01-17 08:08:01	7	0	1	0
      874	2024-01-17 08:08:36	7	0	1	0
      874	2024-01-17 08:08:41	7	0	1	0
      233	2024-01-17 08:09:41	7	0	1	0
      233	2024-01-17 08:09:44	7	0	1	0
     1427	2024-01-17 08:10:03	7	1	1	0
     1427	2024-01-17 08:10:06	7	1	1	0
      397	2024-01-17 08:10:50	7	0	1	0
      397	2024-01-17 08:10:52	7	0	1	0
      816	2024-01-17 08:11:14	7	1	1	0
      816	2024-01-17 08:11:16	7	1	1	0
      167	2024-01-17 08:14:14	7	1	1	0
      167	2024-01-17 08:14:17	7	1	1	0
      881	2024-01-17 08:23:13	7	1	1	0
      881	2024-01-17 08:23:18	7	1	1	0
     1255	2024-01-17 08:25:06	7	1	1	0
