     903 2022-11-02 17:06:31 1 1 0 0
     903 2022-11-02 17:06:33 1 1 0 0
    2313 2022-11-02 17:06:51 1 1 0 0
    2313 2022-11-02 17:06:10 1 1 0 0
     447 2022-11-02 17:06:22 1 1 0 0
     492 2022-11-02 17:06:31 1 1 0 0
     221 2022-11-02 17:06:43 1 1 0 0
     272 2022-11-02 17:06:55 1 1 0 0
    1190 2022-11-02 17:07:14 1 1 0 0
    2145 2022-11-02 17:08:13 1 1 0 0
    2145 2022-11-02 17:08:14 1 1 0 0
     844 2022-11-02 17:08:18 1 1 0 0
     844 2022-11-02 17:08:19 1 1 0 0
    2380 2022-11-02 17:12:07 1 1 0 0
     958 2022-11-02 17:40:03 1 1 0 0
    1851 2022-11-02 17:40:13 1 1 0 0
    1111 2022-11-02 17:48:29 1 1 0 0
     367 2022-11-02 17:48:34 1 1 0 0
     958 2022-11-02 17:48:40 1 1 0 0
     463 2022-11-02 18:09:21 1 1 0 0
     271 2022-11-02 18:17:33 1 1 0 0
    1851 2022-11-02 18:17:41 1 1 0 0
    2383 2022-11-02 18:17:46 1 1 0 0
    2383 2022-11-03 07:39:03 1 0 0 0
      47 2022-11-03 07:47:37 1 0 0 0
     271 2022-11-03 07:49:33 1 0 0 0
     367 2022-11-03 07:49:38 1 0 0 0
     272 2022-11-03 07:49:42 1 0 0 0
     439 2022-11-03 07:49:49 1 0 0 0
     844 2022-11-03 07:49:55 1 0 0 0
    2380 2022-11-03 07:53:35 1 0 0 0
    1190 2022-11-03 07:57:10 1 0 0 0
    1190 2022-11-03 07:57:13 1 0 0 0
     958 2022-11-03 07:57:31 1 0 0 0
    1111 2022-11-03 08:00:31 1 0 0 0
    2313 2022-11-03 08:00:34 1 0 0 0
     447 2022-11-03 08:03:23 1 0 0 0
     221 2022-11-03 08:06:28 1 0 0 0
     903 2022-11-03 08:06:46 1 0 0 0
    2145 2022-11-03 08:06:51 1 0 0 0
    1851 2022-11-03 09:29:02 1 0 0 0
    1851 2022-11-03 09:29:04 1 0 0 0
     903 2022-11-03 10:18:19 1 0 0 0
    2313 2022-11-03 12:02:30 1 1 0 0
    2145 2022-11-03 12:02:37 1 1 0 0
     903 2022-11-03 12:02:38 1 1 0 0
     221 2022-11-03 12:03:49 1 1 0 0
     958 2022-11-03 12:04:02 1 1 0 0
     272 2022-11-03 12:04:07 1 1 0 0
    2380 2022-11-03 12:04:13 1 1 0 0
      47 2022-11-03 12:04:41 1 1 0 0
    1851 2022-11-03 12:04:50 1 1 0 0
    1111 2022-11-03 12:08:02 1 1 0 0
    2383 2022-11-03 12:08:09 1 1 0 0
    1190 2022-11-03 12:13:01 1 1 0 0
     492 2022-11-03 12:14:47 1 0 0 0
    2313 2022-11-03 12:19:44 1 0 0 0
     271 2022-11-03 12:21:26 1 1 0 0
     447 2022-11-03 12:24:31 1 1 0 0
     367 2022-11-03 12:24:46 1 1 0 0
     272 2022-11-03 12:24:52 1 1 0 0
    2145 2022-11-03 12:25:12 1 0 0 0
     272 2022-11-03 12:32:30 1 0 0 0
    2380 2022-11-03 12:34:26 1 0 0 0
     958 2022-11-03 12:35:00 1 0 0 0
     271 2022-11-03 12:35:10 1 0 0 0
     844 2022-11-03 12:35:21 1 1 0 0
     903 2022-11-03 12:35:33 1 0 0 0
     447 2022-11-03 12:38:07 1 0 0 0
    1111 2022-11-03 12:38:12 1 0 0 0
     844 2022-11-03 12:38:15 1 0 0 0
     221 2022-11-03 12:38:18 1 0 0 0
     367 2022-11-03 12:38:24 1 0 0 0
      47 2022-11-03 12:38:27 1 0 0 0
    2383 2022-11-03 12:38:33 1 0 0 0
    1190 2022-11-03 12:44:46 1 0 0 0
    1851 2022-11-03 12:44:56 1 0 0 0
    2051 2022-11-03 12:51:45 1 0 0 0
    2051 2022-11-03 12:51:49 1 0 0 0
